3
1000 150 225
0.00619827 -0.0314136 0.007840679999999999 
0.00321193 -0.00237726 0.0334241 
-0.0100639 -0.0591862 -0.0032571 
-0.0146524 -0.129341 -0.009503650000000001 
0.0191889 -0.136207 -7.91213e-05 
-0.0263946 -0.122805 0.000869595 
0.0169494 -0.0889805 -0.0238342 
0.000589675 -0.121951 0.026493 
0.007832479999999999 -0.110809 -0.0127805 
-0.00308991  -0.09 0.0200987 
0.009052309999999999 -0.1269 0.000347867 
0.0176126 -0.13198 0.00762489 
0.00596567 -0.119854 0.025813 
-0.015495 -0.0342369 0.0142868 
0.00192151 -0.131099 0.00288183 
0.0155908 -0.1206 0.0162466 
0.0322501 -0.08599999999999999 0.0034566 
0.000453114 -0.00152859 0.0321305 
-0.0264747 -0.124509 -0.0105521 
0.0276616 -0.0843 -0.00502612 
0.00306479 -0.1244 0.00218688 
0.00751554 -0.122922 0.0169094 
-0.0368484  -0.09 0.00214709 
-0.00204713 -0.0046769 0.0169705 
0.009193969999999999 -0.123542 -0.00817536 
0.0194227 -0.101 -0.00894125 
-0.00578596 -0.0298603 -0.00151691 
0.00638114 -0.0519163 -0.00766935 
0.0237454 -0.0953383 0.00757859 
-0.0108229  -0.09 -0.0240751 
-0.0197505 -0.122197 0.0151815 
-0.00377899 0.00125558 0.0192278 
-0.0121059 -0.107191 0.0209292 
-0.000672564 0.000944507 0.0273 
-0.00431424  -0.09 0.0354621 
-0.00737482 -0.0929054 -0.0127433 
-0.0174366 -0.09864970000000001 -4.92809e-05 
-0.000825722 -0.1232 0.0254959 
-0.0354087 -0.08699999999999999 -0.00387579 
-0.0185301 -0.1198 -0.0107488 
0.00512592 -0.00285005 0.0198676 
0.009367189999999999 -0.1269 0.009826949999999999 
0.00219068 -0.113282 0.0179823 
0.00416829 -0.1252 0.025981 
0.0147971 -0.0971639 0.00647632 
0.0165192 -0.07304769999999999 -0.00263711 
0.0185225 -0.11045 -0.0166603 
-0.00614355 -0.09264500000000001 0.0157222 
0.0104803 -0.0946207 -0.0140067 
-0.0152983 -0.1173 0.00191731 
0.0162958 -0.094 0.0211151 
0.00494364 -0.076 0.00894372 
0.0144936 -0.0971414 0.00716549 
-0.0214803 -0.0860761 -0.0209017 
-0.0013185 -0.121761 -0.024859 
0.00563669 -0.1232 0.0190322 
-0.0182002 -0.0957445 -0.0137807 
0.0172786 -0.09312479999999999 -0.00249741 
-0.0100632 -0.0505209 0.00848961 
0.00838909 -0.0582472 0.0053917 
-0.00586809 -0.0360306 -0.00121539 
6.47136e-05 -0.1183 0.0138973 
-0.0122809 -0.0962293 0.00609219 
0.00532121 -0.00858517 0.0166785 
-0.00228069 -0.00320196 0.0287585 
-0.0186943 -0.0379372 0.0113214 
0.000769005 -0.127488 0.0171784 
0.0122398 -0.0917 0.002617 
-0.00962535 0.00264341 0.00383511 
-0.008372660000000001 -0.0916694 0.0146403 
-0.00273583 -0.1392 -0.009116310000000001 
-0.00597763 0.007998409999999999 0.0154938 
-0.0041685 -0.1237 -0.00212056 
-0.0124359 -0.0337588 -0.00758704 
-0.0177631 -0.103 0.00271861 
-0.0111025 -0.00272655 -0.035 
-0.001 -0.0479338 -0.0171714 
-0.00272602 -0.117626 0.0179143 
-0.0139506 -0.0356446 0.0175 
-0.0319019 -0.0781255 -0.00775877 
-0.0124762 -0.101 -0.0158705 
 0.001 -0.0606248 0.0178627 
-0.0190221 -0.097 0.007858820000000001 
0.008373759999999999 -7.53697e-05 0.0205 
-0.00254856 -0.1237 -0.00930258 
-0.00203764 0.0046719 0.0129541 
 -0.01 -0.0489265 0.00426405 
0.0276067 -0.08419939999999999 -0.00534684 
-0.009500160000000001 0.0200385 -0.00305121 
-0.00809496 0.00646835   0.03 
-0.0128351 -0.00598375 0.0369571 
-0.00551327 -0.133159 0.0183747 
-0.0110738 -0.0582259 0.009974449999999999 
-0.0195342 -0.09676700000000001 -0.0152684 
0.0237817 0.00310429 -0.0233477 
-0.00882694 -0.117083 0.0232959 
0.000608006 -0.09838520000000001 -0.016863 
-0.0110858 -0.00793906 0.0367 
-0.0146667 -0.1198 0.0156173 
-0.00316675 -0.0907699 0.0170144 
-0.0125431 -0.1299 -0.00462333 
-0.009703389999999999 -0.1392 0.00288306 
-0.00544093 -0.0750668 0.008465 
0.0263599 -0.116664 0.00178527 
-0.0121721 -0.1183 0.008492029999999999 
0.00117743 -0.00587539 -0.0136756 
-0.0222718 -0.1252 -0.0132709 
-0.0218151 -0.0394922 -0.009800089999999999 
0.013333 -0.1299 0.000828751 
-0.00626558 -0.108661 0.0135781 
0.0238565 -0.09789630000000001 -0.0114372 
0.0204304  -0.09 -0.00238946 
-0.020456 -0.103 -0.000245974 
0.0144029 -0.132025 -0.008202829999999999 
-0.0169892 -0.0948225 -0.0111626 
0.0107468 -0.0952081 -0.0193579 
0.008398549999999999 0.0283578 -0.00530786 
0.0134152 -0.129227 0.00198566 
-0.0027824 0.00632295 0.0225 
0.0263627 -0.120567 0.00166084 
-0.008266620000000001 -0.1339 0.000689373 
-4.65864e-05 -0.08380899999999999 0.0329512 
-0.0108015 -0.07149999999999999 -0.00661437 
-0.0137126 -0.0411885 -0.00688497 
-0.0128617 -0.10668 0.0199856 
-0.0111037 -0.114589 0.0139889 
0.00666592 -0.1252 0.0250444 
-0.0135363 -0.110486 -0.0063252 
-0.00575165 -0.126456 0.00486089 
0.000308784 -0.08678859999999999 -0.0171663 
-0.0156013 -0.0883678 0.00723586 
0.0213406 -0.0927398 0.00690143 
0.00237839 -0.119674 0.0179276 
-0.0115656 -0.055298 -0.0058982 
-0.00733774 -0.09470000000000001 0.00204182 
-0.00547983 -0.1382 0.0113441 
0.000283175 -0.051207 0.00595275 
0.00510746 -0.0355179 -0.00307518 
-0.0329175 -0.08052380000000001 0.00232243 
0.0059298 -0.0469919 0.000194838 
-0.0178671 -0.115494 0.000660993 
-0.00386204 -0.12575 0.00315176 
-0.0129349 -0.09029470000000001 -0.0108314 
-0.009590889999999999 -0.105233 0.0021188 
-0.0199096 -0.08395519999999999 -0.0102004 
-0.0217826 -0.0396052 -0.00532727 
0.00105187 -0.0670182 -0.0178964 
0.00217551 -0.08500000000000001 0.0234192 
-0.0188942 -0.1198 0.00205264 
0.0254822 -0.0812741 -0.0159466 
-0.0145597 -0.121815 0.009874559999999999 
-0.009770890000000001 -0.1198 -0.0211488 
0.0210806 -0.0873022 0.000787059 
-0.00397527 0.000251049 0.008837960000000001 
0.00250339 0.00859508 0.00544078 
0.0244902 -0.0968951 0.0101107 
-0.0243218 -0.08599999999999999 -0.00583141 
0.0136345 -0.1299 -0.00122893 
-0.0103196 -0.0121054 0.00592652 
0.0164812 -0.00913159 -0.0196683 
-0.00764324 -0.115977 -0.0257981 
0.000820323 -0.0038398 0.028745 
0.00386256 -0.104196 0.0261662 
-0.0276165 -0.08599999999999999 0.00127048 
0.013233 -0.114416 0.00576002 
-0.0244182 -0.0789473 -0.00529426 
0.008419940000000001 -0.000710487 0.0251718 
0.0096656 -0.0917 -0.007875470000000001 
-0.0137999 -0.092764 -0.0284186 
0.00974014 -0.06879 0.00404779 
-0.0152709 -0.1343 -0.00674465 
0.0127068 -0.1252 0.0211187 
-0.0046108 -0.1382 0.00602533 
0.00107333 -0.139104 0.0176167 
-0.0125353 0.00407263 0.0371179 
0.0128526 -0.134928 0.00589175 
0.0213871 -0.115695 0.0129045 
-0.0267493 -0.0367706 0.000608493 
-0.0217931 -0.0368869 4.40704e-09 
0.0195327 -0.0996406 0.0177507 
0.0141978 -0.1173 0.00767764 
0.0166047 -0.111062 -0.0184456 
0.019824 -0.096778 0.00822704 
-0.00424166 -0.0101899 -0.0377358 
-0.0156005 -0.08039300000000001 0.00647362 
0.00108956  0.011 0.0349207 
0.00438537 -0.094 0.0244384 
0.00917402 -0.1299 -0.00331775 
0.00563374 -0.101995 0.00814702 
-0.000111033 -0.12009 0.0173706 
-0.00516827 -0.1328 -0.00306373 
0.0175537 -0.122178 -0.00286051 
0.0168057 -0.109815 -0.00615169 
0.0313899 -0.091998 -0.00617101 
0.0190151 -0.094 -0.00776339 
-0.0121949 -0.1232 -0.0165565 
-0.012379 -0.115765 -0.008401769999999999 
-0.0220729 -0.10525 -0.0146485 
-0.000509141 -0.09971049999999999 0.0247253 
-0.0110301 -0.06562759999999999 0.00126885 
-0.0179567 -0.118298 0.00236354 
-0.0254209 -0.0815628 -0.0158378 
0.00295696 -0.0240332 -0.00518359 
0.0203431 -0.07954600000000001 0.0194062 
-0.00399351 -0.0748549 0.0124022 
-0.0235707 -0.08500000000000001 -0.00676917 
-0.0131043 -0.08599999999999999 -0.0277233 
-0.0320634 -0.08699999999999999 0.0164528 
-0.0123745 -0.018563 -0.00360452 
-0.0158183 -0.0813377 -0.0171354 
0.02003 -0.101 -0.00970916 
-0.0260828 -0.100725 0.00458972 
-0.0267292 -0.0369909 -0.009550339999999999 
-0.00219776 -0.0781 0.015809 
-0.0144196 -0.0327141  0.011 
0.000238808 -0.00411271 -0.016667 
-0.00668488 -0.1293 0.00456266 
-0.00265691 -0.108138 0.0176618 
0.00449902 -0.094 0.0271907 
0.00551301 -0.103 -0.0176412 
-0.0101621 -0.1244 0.0112469 
-0.0224777 -0.0984922 -0.0140344 
 -0.01 -0.00661728 0.00620348 
-0.00447131 -0.00396062 -0.00476399 
-0.0178089 -0.112328 -0.00327612 
0.00584957 0.00112981 0.008325569999999999 
-0.0122077 -0.1392 -0.00858865 
0.0171677 -0.08034230000000001 -0.000701952 
-0.00350379 -0.0176971 0.00727876 
-0.00572276 -0.104889 0.0110854 
0.0159485 -0.0962578 0.019186 
0.00238689 -0.1206 -0.0200203 
0.0067121 -0.00370009 0.0385749 
0.0109679 -0.133064 0.00565698 
-0.00404659 -0.07149999999999999 0.0169101 
0.0192871 -0.100869 -0.0134525 
-0.0111248 -0.08209859999999999 0.0223755 
0.0116873 -0.11236 -0.008261279999999999 
0.00475939 -0.1269 -0.00776856 
-0.00105952 -0.082276 -0.0171542 
0.00878747 -0.00223049  -0.03 
0.0313454 -0.0903178 0.00969045 
0.00189012 -0.1198 -0.0238301 
0.0119452 -0.0454895 -0.00139787 
0.00553297 -0.1198 0.0222136 
-0.008722239999999999 -0.122582 0.0221099 
0.0171884 -0.127419 0.00117986 
-0.00418442 -0.0882691 0.0291054 
-0.0191162 -0.0708935 -0.0112619 
-0.0193623 -0.0362717 -0.00710611 
0.0276051 -0.079239 -0.00535618 
0.009949960000000001 0.000336342 0.0199328 
0.00759937 -0.038488 -0.00648795 
-0.0149832 -0.0223479 0.00686095 
0.0134479 -0.136025 0.008434290000000001 
-0.00245417 -0.1382 -0.00726446 
0.0020648 -0.106232 -0.0237069 
0.00986368 -0.111345 0.0112341 
-0.0112164 -0.0952036 -0.00916433 
0.0200019 -0.08699999999999999 0.0290368 
-0.0262746 -0.119573 0.00265009 
0.00410704  -0.09 -0.0194112 
-0.0035 -3.12662e-06 -0.0250952 
0.00350003 -0.00106404 -0.0255069 
0.0138079 -0.123189 0.00791709 
-0.0058733 -0.0834974 -0.0241268 
-0.0113339 -0.138282 -0.0150419 
0.00574292 -0.07143670000000001 0.0148899 
-0.00264491 -0.00537263 0.0193656 
-0.0138926 -0.0209869 0.0025709 
-0.00555387 -0.0808099 0.021705 
-0.00274612 -0.08245180000000001 -0.0248125 
-0.00023179 -0.00153789 0.0123309 
-0.023109 -0.0376338   0.01 
0.0205397 -0.120132 0.00508188 
0.0123687 -0.129708 0.0073907 
0.0140916 -0.136006 0.0130278 
-0.0277515 -0.08046109999999999 -0.000720419 
-0.00648291 -0.00614134   0.03 
0.00104574 -0.0171287 -0.0156022 
0.0149443 -0.117054 -2.22289e-05 
0.008150289999999999 -0.0736692 0.0036106 
-0.0075804 -0.0601315 0.00356489 
0.0129694 -0.0952076 0.023019 
0.0161994 -0.00542042 -0.015 
-0.0134452 -0.0323949 -0.008725989999999999 
-0.0107854 -0.0936606 -0.00761473 
0.00221459 -0.0121589 0.0367835 
0.000221145 -0.0805699 -0.0293811 
0.0161065 -0.117089 0.0077431 
0.0062412 -0.13295 0.0124265 
-5.14425e-05 -0.0059942 -0.0085282 
-0.009192759999999999 0.0360906 0.00383756 
-0.0127087 -0.1382 -0.00467211 
-0.00348552 -0.114997 0.0247296 
-0.0197401 -0.08599999999999999 0.0184516 
0.0207925 -0.108855 0.0136951 
0.0116069 -0.07843840000000001 -0.01224 
0.00349999 0.000290888 0.0220435 
0.0178328 -0.114933 0.00310418 
0.00480036 -0.0888024 0.0363916 
0.0164363 -0.121417 -0.0150959 
-0.0264927 -0.122962 -0.00058571 
-0.00334559 -0.07138990000000001 0.0100936 
-0.00221297 -0.0834386 -0.0281764 
0.00217546 -0.1299 -0.00537903 
-0.00606459 -0.0383559 -0.008380810000000001 
0.008645389999999999 -0.09487719999999999 -0.0101769 
0.0166831 -0.0437966 0.00108454 
0.02655 -0.0965 -0.00099084 
0.00323347 -0.00233616 -0.0330493 
0.00429256 -0.08692859999999999 -0.0294313 
0.0266325 -0.094 0.00550084 
-0.0157236 -0.08687400000000001 -0.0230619 
0.00349997 0.00107623 0.025686 
-0.0095862 -0.0992393 -0.0246867 
0.00378205 -0.120446 0.00921655 
-0.008395120000000001 -0.000930877 -0.0264686 
0.0205708 0.000856845 -0.023 
-0.008255780000000001 0.0055663 0.0100517 
-0.0221495 -0.1166 -0.010467 
-0.0161154 -0.129181 0.0103264 
0.0131083 -0.0993159 -0.0105947 
-0.0159777 -0.0970975 -0.00565434 
0.00073044 -0.1382 0.015432 
-0.0139176 -0.0311526 0.00139879 
-0.0216309 -0.0326777 0.000254947 
-0.00485369 -0.0776071 -0.0256573 
0.0083175 -0.094 0.0208392 
-0.00511572 -0.0781631 0.00632525 
0.0182442 -0.125173 -0.00249377 
-0.007988729999999999 -0.1328 0.00468547 
-0.001 -0.0491198 0.0123976 
0.0265316 -0.08599999999999999 -0.00181833 
0.0070197 0.010413 0.00706946 
-0.0218926 -0.0708811 -0.0112231 
0.00755399 -0.0872271 -0.0211326 
0.0235583 -0.094 0.0140829 
0.0233746 -0.1206 0.00131672 
-0.0320049 -0.0918725 -0.00154175 
0.00228752 -0.133954 0.0178048 
0.00274513 -0.114252 0.0133465 
0.0101108 -0.078097 0.00656597 
-0.00721176 -0.0881002 -0.0260324 
-0.0263887 -0.114973 0.000957651 
-0.0104656 -0.0134047 -0.00277563 
0.0167343 -0.0947172 -0.00268599 
-0.0166695 -0.120043 0.0205652 
0.00102383 -0.1244 -0.0140447 
-0.00308917 -0.103788 0.0234963 
0.00639504 -0.1244 0.0146245 
0.015648 -0.0971176 0.00402804 
-0.00293225 0.00266105 0.0323918 
-0.0244782 -0.115751 -0.00465333 
0.0218466 -0.094 0.009564919999999999 
0.0219095 -0.12188 0.014833 
0.0294887 -0.0860633 -0.00523952 
0.0202854 -0.0822148 -0.00959376 
0.0176117 -0.09632010000000001 -0.0217904 
0.00590062 -0.108841 -0.0171398 
0.0193008 -0.1198 -0.00581108 
-0.0168868 -0.104807 -0.00392756 
0.0027057 -0.1328 0.0159866 
-0.0169498 -0.104651 0.00409452 
-0.0219647 -0.0373793 -0.00507935 
-0.00382577 -0.0396022 -0.00453071 
0.00391333 -0.0156735 -0.0045186 
-0.0114754 -0.09882929999999999 0.0238003 
0.00932554 -0.00351811 -0.0166097 
0.0172578 -0.0859891 -0.0151064 
-0.009594 -0.1252 0.0177263 
-0.0164041 -0.09686930000000001 -0.00404181 
0.0121679 -0.0134838 0.00136055 
0.0200619 -0.097 -0.0009983699999999999 
-0.0171611 -0.0386964 0.0116455 
0.00488207 -0.134117 0.0185464 
0.00100169 -0.081737 -0.0269858 
0.009825459999999999 -0.1392 -0.00147771 
 -0.01 -0.00202624 -0.00771315 
-0.00654918 -0.1299 -0.00773468 
0.0217988 -0.0768409 -0.00545689 
-0.0170355 -0.0720507 0.0193676 
0.0226204 -0.08599999999999999 -0.015954 
0.0119328 -0.119868 -0.0105885 
-0.0254933 -0.08237750000000001 -0.007887979999999999 
-0.0100934 -0.0943798 -0.0136179 
 0.001 -0.0653094 0.0142263 
0.00199321 0.00937198  -0.03 
0.01754 -0.103 -0.0106876 
0.0288589 -0.08330849999999999 0.0159907 
-0.0158946 -0.0232632 0.00919967 
-0.0244916 -0.0298965 -0.00119133 
0.0123047 -0.0975483 -0.00516195 
-0.0108957 -0.104122 0.00603589 
-0.0193189 -0.0381223 0.0175 
-0.019286  -0.09 -0.018539 
0.0237037 -0.09623959999999999 0.00771576 
-0.0202971 -0.097 0.0115529 
-0.0175869 -0.0815584 -0.0177026 
-0.00820854 -0.094 -0.0203667 
0.0222436 -0.101793 0.0143077 
-0.00277246 -0.042739 -0.00531255 
-0.00628997 -0.0874587 0.0215457 
-0.0185019 -0.0285188  -0.01 
-0.0181639 -0.138583 -0.00401155 
-0.00548157 -0.089 -0.0220923 
-0.0204691 -0.0395489 -0.0164 
-0.0248883 -0.0349811  -0.01 
0.0153013 -0.09393749999999999 0.00153342 
-0.0336432  -0.09 0.0114321 
-0.0058919 -0.0966736 0.0143341 
-6.1126e-05 0.00274325 0.0390038 
-0.0048796 -0.107696 -0.0141719 
0.0141711 -0.124723 -0.01167 
0.00503998 -0.0784318 -0.0154122 
0.008403559999999999 -0.1198 -0.0214728 
0.0145898 -0.09891999999999999 0.0120479 
-0.0117738 -0.105164 -0.0125992 
-0.00307167 -0.09493799999999999 0.0129857 
-0.00443958 -0.1269 -0.0112008 
-0.0284524 -0.09050130000000001 0.0161499 
-0.0196048 -0.101 0.00596981 
-0.00413974 0.009744839999999999 0.017784 
0.00383229 -0.0107935 -0.0327533 
-0.009791070000000001 -0.127287 -0.01417 
-0.023631 -0.0814463 -0.0125794 
0.0132328 -0.0836069 -0.0260254 
-0.0271566  -0.09 0.0244491 
-0.00330004 -0.105484 0.0156481 
-0.0102341 -0.116835 -0.0226932 
0.00133862 -0.128187 -0.0191357 
-0.0214062 -0.0685871 0.00561652 
0.0298076 -0.0934069 0.009446380000000001 
0.00273418 -0.125175 -0.0011807 
0.00234367 0.00323491 -0.030995 
-0.001 -0.0203131 -0.0153129 
-0.001 -0.0473645 -0.0190582 
0.0152495 -0.0942349 0.00539526 
0.0209728 -0.0855564 0.008042860000000001 
0.00334435 -0.0842552 -0.0247624 
-0.0155029 -0.08771610000000001 0.022608 
-0.0221455 -0.0278865 -0.00864288 
0.00496154 0.00149759 0.0186124 
-0.00437895 -0.120394 0.008974630000000001 
-0.0126713 -0.08708490000000001 -0.011159 
0.00174223 -0.0976292 0.0111583 
0.00219255 -0.101 -0.0202079 
-0.0203 -0.0342017 0.0140184 
0.0196164 -0.0827727 0.0226755 
-0.023361 -0.08583590000000001 -0.0156563 
0.000885626 -0.00470103 -0.0130945 
-0.0156391 -0.0609518 0.00327837 
-0.0118267 -0.124447 -0.00442198 
0.00256028 -0.00301794 -0.00493872 
-0.0264469 -0.0886512 -0.00105126 
0.0105411 -0.1252 -0.0207144 
-0.0149964 -0.10717 -0.021799 
-0.0095701 -0.0206994 0.00445102 
-0.00167386 -0.0781 0.0136295 
-0.0231148 -0.1198 -6.58503e-05 
-0.00319412 0.0108654 0.0318166 
-0.0183046 -0.0305718 -0.00549906 
0.0149236 -0.133625 0.0102426 
0.0202507 -0.08133070000000001 -0.0222107 
-5.53789e-05 -0.0709597 -0.0105682 
-0.00123536 0.00375874 -0.0303145 
-0.00981398 -0.094676 0.012234 
0.0146078 -0.0544967 0.0012114 
0.0101899 -0.0987774 0.00480614 
-0.0104054  -0.09 0.0331271 
-0.0191544 -0.0404728 -0.008131599999999999 
-0.0130178 -0.1073 -0.00312652 
1.47251e-05 -0.079318 -0.0200136 
-0.0269455 -0.0856355 -0.008025279999999999 
0.0154465 -0.08599999999999999 0.0202301 
-0.00283811 -0.008397409999999999 0.0376187 
0.00514209 -0.1382 0.00866111 
-0.0364064 -0.08699999999999999 0.00268845 
-0.0155102 -0.0885944 0.0130512 
0.0128098 -0.0107481 -0.0232007 
-0.020885 -0.0812266 0.008344580000000001 
-0.0103676 -0.0781 0.010111 
-0.0135848 -0.0324459 0.00821033 
-0.00331404 -0.113401 0.014612 
-0.001 -0.0305699 0.020872 
0.0200753 -0.12281 0.0171571 
0.00825905 -0.09427869999999999 0.0109989 
0.00770309 -0.0820554 -0.0153753 
-0.0202916 -0.039624 0.00211974 
0.0181752 -0.112427 -0.0169833 
-0.0259573 -0.120706 -0.00533378 
-0.00146431 0.00108414 0.0335 
-0.0109333 0.0109709  0.035 
-0.00307811 -0.00611994 -0.00510437 
0.001894 0.0220276 0.00564437 
-5.81073e-05 -0.0877014 -0.0171825 
0.00437241 0.00232408 -0.0123891 
-0.0235013 -0.112519 -0.0120857 
-0.00625932 -0.133322 -0.0168511 
0.0012528 -0.0520683 -0.0111813 
-0.0131348 -0.0885056 -0.0153821 
0.00137296 -0.0190107 0.0109925 
-0.001 -0.061819 -0.0182337 
-0.00554084 -0.08700330000000001 -0.0162611 
-0.0194478 -0.1052 -0.00629869 
-0.00684753 -0.1249 -0.00785955 
0.0261115 -0.08077579999999999 0.0125442 
-0.00328212 0.00576116 0.00497114 
-0.0144674 -0.132612 -0.00951841 
-0.00241035 -0.00151403 0.0335 
-0.0116801 -0.094 -0.0187363 
0.008996270000000001 -0.0784 -0.00561998 
0.01326 -0.135043 0.00497534 
-0.0179548  -0.09 -0.0163864 
0.0012298 -0.0423207 -0.00585967 
-0.0193232 -0.08382100000000001 0.0157328 
0.0242214 -0.0969375 0.00433044 
-0.00145964 -0.0885175 -0.0194088 
-0.0133242 -0.131632 -0.009358989999999999 
-0.0159821 -0.0957838 0.00560699 
-0.0115257 -0.112173 -0.00539784 
 0.001 -0.0569833 0.0195259 
-0.00504725 -0.0380014 0.00320947 
0.00524038 -0.009378579999999999 -0.009199479999999999 
0.0111875 -0.101 -0.0128692 
-0.011367 -0.00631073 -0.035 
-0.00452475 -0.0688882 0.00675834 
-0.0244937 -0.0803827 -0.0220754 
-0.00232681 -0.00325136 -0.0235204 
-0.0037246 -0.0954271 -0.0165326 
0.00425109 -0.0375537 0.009038900000000001 
-0.0228772 -0.115277 -0.009817370000000001 
-0.0175427 -0.11103 0.0177897 
0.0056332 0.0358375 0.0018056 
0.0147866 -0.1244 0.0104085 
0.00164461 -0.0943368 0.011165 
-0.00796405 -0.07775260000000001 0.00836747 
 -0.01 -0.000720643 0.00722824 
-0.0147901 -0.0328955 0.0147774 
0.0107231 -0.09570819999999999 0.0130095 
0.0117191 -0.0807614 0.0191077 
0.0163951 -0.0813255 0.0213033 
-0.0120053 -0.09801319999999999 0.0101162 
-0.0212158 -0.089 0.0125746 
-0.0227543 -0.0361616 -0.00461251 
-0.0210323 -0.08430029999999999 0.013233 
-0.0102586 -0.1249 3.15626e-05 
0.00428703 -0.00211487 0.0137415 
-0.0187173 -0.0419659 0.00673601 
0.0103962 -0.129545 0.009643850000000001 
-0.000577367 -0.084713 0.0288153 
0.00586858 -0.0173624 0.00104526 
-0.0248789 -0.0845212 -0.0019007 
-0.0174073  -0.09 0.0293365 
0.0070372 -0.12244 -0.0227169 
0.00921142 -0.0556727 -0.00382522 
0.009261480000000001 -0.1198 0.0197064 
-0.00727035 -0.119167 -0.0105313 
0.00121193 -0.127721 -0.0178879 
0.00490141 -0.0452774 0.00344504 
0.0274122 -0.084178 -0.008841770000000001 
-0.0151082 -0.0635672 -0.00768729 
0.0118968 -0.098481 -0.00604853 
0.0101281 -0.132896 -0.0147976 
-0.0232636 -0.107329 0.00489921 
-0.0173097 -0.0834312 0.0179845 
-0.001 -0.0235891 -0.0169278 
0.0263303 -0.0785951 0.0116948 
0.00487457 -0.111683 0.0141647 
-0.00584956 0.0244005 -0.000689518 
-0.0144116 -0.0362991 0.00367079 
-0.000152585 -0.0928112 -0.0112681 
0.00082275 -0.00421815 -0.0159886 
-0.0131922 -0.0915 -0.0127524 
0.012677 -0.106 -0.000658845 
-0.00528054 -0.0781 -0.0151383 
0.00838243 -0.0164334 0.00541796 
0.0104444 -0.125785 -0.0210898 
0.00342886 -0.078 0.0269987 
0.00312998 -0.09719469999999999 0.0158711 
-0.0145707 -0.0896159 0.0085057 
0.00122781 -0.07946499999999999 -0.0168468 
-0.0111793 -0.111147 0.00734653 
-0.0158505 -0.078 0.0223177 
-0.0142298 -0.0814428 -0.0267058 
0.00518341 -0.120974 0.0166705 
-0.0133464 -0.08599999999999999 0.0291796 
-0.00407879 -0.111339 -0.0176583 
0.00290845 -0.00274323 0.0193106 
0.00584957 0.000382113 0.0119508 
-0.00740487 0.0340983 0.00666298 
0.00335442 0.00480682 0.016684 
-0.0238411 -0.121882 0.00381936 
0.00615793 -0.0057119 0.0227071 
0.00884631 -0.00445994 0.00940266 
-0.00170109 -0.132965 0.008101870000000001 
0.008151149999999999 -0.0784 0.00296069 
-0.0260491 -0.0391586   0.01 
-0.0127676 -0.1382 -0.009787819999999999 
-0.0135177  -0.09 -0.0205585 
0.00437869 0.0353306 0.00894296 
0.0162551 -0.0203697 -0.0011107 
0.0182219 -0.0882049 0.0124697 
0.0244145 -0.08699999999999999 0.0243835 
-0.0126597 -0.0430307 -0.0108859 
0.0243087 -0.094 0.00930019 
0.0009944470000000001 -0.011 -0.0344204 
-0.0177139 -0.124525 -0.00453014 
-0.00201634 0.0130825 0.0148369 
0.0260547 -0.08599999999999999 0.00957537 
0.0146957 -0.07149999999999999 0.0183267 
-0.00546337 -0.00648183 0.027407 
0.0061559 -0.131323 -0.018186 
-0.0148739 -0.122352 -0.0218818 
0.017838 0.0111117 -0.0252288 
0.0172417 -0.109154 -0.00561104 
-0.019963 -0.1052 -0.00387529 
0.0187513 -0.08381950000000001 0.0221142 
-0.0144809 -0.094 -0.0128459 
0.000458969 -0.0189676 -0.0208054 
0.024472 -0.122233 -0.011165 
-0.00429308 -0.0496851   0.01 
0.00187437 0.0374721 -0.00981923 
0.0194126 -0.117011 -0.0179306 
0.00199078 -0.00434997 0.0151075 
-0.0160539 -0.0805003 -0.0225839 
0.000604598 -0.0807657 0.021412 
-0.00973124 -0.096183 0.0145028 
0.00925307 -0.00400535 -0.0379752 
0.0288283 -0.08154459999999999 0.00921984 
-0.00298948 0.007902660000000001 0.0282614 
-0.00610868 -0.12854 -0.0142409 
0.0269502 -0.094 0.0032098 
-0.00989951 -0.107246 0.00086618 
-0.0209134 -0.094 -0.0149108 
-0.0209213 -0.0988439 -0.0161828 
-0.0102626 -0.097 0.0207637 
-0.00622673 0.0375567 -0.00777539 
-0.0115166 -0.1269 0.009730600000000001 
0.00495969 -0.1237 0.00990337 
0.0183306 -0.094 0.0128162 
-0.001 -0.0604486 0.0208959 
-0.00583842 -0.0208834 -0.00136698 
0.00117835 -0.1237 0.00576137 
-0.00109022 -0.097582 -0.0138226 
0.00435593 -0.1198 -0.0192997 
0.0156837 -0.081626 0.022168 
-0.0122485 -0.08599999999999999 -0.0244295 
0.0144921 -0.103 -0.0166903 
-0.00395558 -0.000450965 0.0202597 
0.007951629999999999 0.0131958 -0.00606207 
-0.008264199999999999 -0.0927588 0.00764362 
0.0187236 -0.0900739 0.00265703 
0.016803 -0.120635 0.0116528 
0.00033482 0.0119746 -0.035 
0.000870796 0.00593343 0.0175083 
-0.0277327 -0.078 -0.00327712 
-0.001 -0.0258796 -0.0198528 
0.0204156 -0.111008 -0.0167295 
 0.001 -0.033024 0.0189315 
0.0261134 -0.09798469999999999 0.00433082 
-0.0158082 -0.119271 0.0179015 
0.0290301 -0.08298709999999999 -0.00678604 
-0.0244866 -0.0726654 0.0045915 
0.0159745 -0.112942 0.0210101 
0.0152545 -0.0987865 0.00535277 
0.00391328 -0.1338 -0.00299825 
-0.0133594 -0.0984143 0.0103163 
-0.00369689 0.00229937 -0.0148834 
0.00390264 -0.1197 -0.0157899 
-0.00389689 -0.110541 0.009153339999999999 
-0.0121153 -0.118088 0.0266576 
-0.0178839 -0.105886 0.00353182 
-0.0179961 -0.111016 -0.00213776 
-0.0348519 -0.08945210000000001 0.0107161 
-0.0110065 -0.0351659 0.00554576 
-0.00441392 -0.0801 -0.0244727 
0.0119953 -0.10546 0.00333832 
-0.00227528 -0.1252 -0.023972 
0.0242967 -0.08546620000000001 0.0142909 
0.0281963 -0.0897829 0.00576834 
-0.0149598 -0.110917 -0.000153825 
0.0008555840000000001 0.00133005 0.0192499 
-0.0207217 -0.0342064 -0.00483593 
-0.0183859 -0.108947 0.0189398 
-0.0147214  -0.09 -0.0237555 
-0.00245673 0.0318788 0.0054571 
-0.0114305 -0.10326 0.0200454 
-0.00338586 0.00482463 0.0169764 
0.011906  -0.09 0.0146632 
0.0168397 -0.0955636 0.0128208 
-0.00793192 -0.0762736 -0.00136906 
-0.020241 -0.103219 -0.0110201 
-0.00197813 -0.0935868 0.016745 
0.00728784 -0.133005 0.0139957 
-0.00128572 -0.00358471 -0.0335 
-0.0171651 -0.0245388 -0.0024015 
0.00579788 -0.0105649 -0.00148285 
0.021434 -0.0872246 0.00117246 
0.0199682  -0.09 0.0176878 
0.00681545 -0.1382 0.00209756 
0.00590422 -0.0526067 0.000482397 
0.0129501 -0.108302 0.00601082 
-0.001 -0.0294155 -0.0196148 
0.0196408 -0.120591 0.00550924 
0.010305 -0.1249 5.1681e-05 
0.010477 -0.1341 -0.00899989 
-0.0252623 -0.0752728 -0.00693233 
-0.0103559 -0.1252 -0.0156933 
0.0179195 -0.112485 -4.61583e-05 
-0.00643434 -0.076 -0.00908902 
-0.015585 -0.1244 -0.00649118 
-0.0187994 -0.115095 -0.0185741 
-0.0249304 -0.094 0.00606982 
-0.00521843 -0.0742139 -0.0254634 
0.00425109 0.000879138 0.0225 
-0.0186576 -0.0379779 0.0141599 
0.0177786 0.00807486 -0.0297874 
 0.001 -0.0197385 -0.016036 
-0.00980022 -0.1173 -0.0128445 
-0.0106716 -0.07904220000000001 -0.0197259 
0.0111377 -0.116159 0.0262966 
0.00401121 0.0122658 0.00928695 
-0.0233751 -0.094 0.00580896 
-0.00483094 -0.000555427 0.0157289 
0.0210803 -0.104554 -0.011666 
-0.0157755 -0.103248 0.00839287 
0.000395228 -0.126493 0.0191282 
0.0223336 -0.104141 0.008608050000000001 
0.00582791 -0.121492 0.0165411 
0.0162849 -0.0830632 -0.0187735 
0.0131788 -0.09899040000000001 -0.000437525 
-0.00767894 -0.00362879 -0.0251814 
-0.0131687 -0.07534929999999999 0.0119933 
-0.0115324 -0.09524199999999999 -0.0198288 
0.0114353 0.00742871 0.00152825 
-0.0164298 -0.0917163 -0.00566369 
-0.00163787 -0.0820097 0.0281953 
0.0246429 -0.105285 0.00971701 
0.0110683 -0.076 0.0116422 
-0.019663 -0.0812002 -0.0264872 
-0.00890176 -0.0731493 -0.0192391 
-0.0104207 -0.124797 0.0238615 
-0.0194609 -0.03929 -0.009673569999999999 
-0.011822 -0.0391799 0.00880852 
-0.009946099999999999 -0.000847991   0.03 
-0.0104785 -0.0459945 0.00724809 
0.00600386 -0.1237 0.00378543 
0.00484303 -0.0500823 -0.00874377 
0.0048417 -0.1293 -0.00463013 
-0.00493853 0.000943056 -0.0150166 
0.0178281 -0.0821297 0.0174801 
0.0023615 0.00314878 -0.026929 
-0.0243792 -0.112651 -0.00465022 
0.008248699999999999 -0.08915910000000001 -0.0354713 
-0.0150536 -0.0930248 -0.0276336 
0.0145881 -0.103 0.0155363 
0.0119052 -0.0429525 0.00140759 
-0.0130724 -0.0329143 0.00751146 
-0.00199364 -0.109782 0.0177709 
0.0026646 -0.0730532 0.0258335 
-0.0103699 -0.1392 -0.008673520000000001 
0.00816265 -0.0556764 -0.00570704 
-0.00582204 0.00305238 0.00141379 
-0.0109796 0.008105269999999999 -0.035 
-0.00312554 -0.0713425 -0.013046 
0.00118364 -0.06779640000000001 0.0170164 
0.0010321 -0.0253346 -0.0122185 
-0.0112906 -0.103469 -0.0204868 
0.0153955 -0.0784 -0.00238724 
-0.00710079 -0.119691 0.0256522 
-0.00581999 -0.097 -0.0193245 
-0.0184042 -0.120115 -0.00670154 
-0.00571273 -0.00180192 0.0143766 
0.00106684 -0.0969 0.00811305 
0.021824 -0.1232 0.00744766 
0.0124518 -0.1216 -0.0170273 
-0.0222338 -0.113411 -0.0110646 
-0.0122205 -0.08500000000000001 -0.0207788 
0.0214735 -0.00907231 -0.015 
-0.0175594 -0.136418 -0.00774431 
-0.00565831 -0.0753902 -0.0116598 
-0.00304747 0.0108819 -0.0334753 
-0.00451759 -0.076 -0.0102013 
-0.0134082 -0.0591249  -0.01 
-0.0238734 -0.120394 -0.00298341 
0.0280147 -0.094 -0.00304489 
-0.00583472 -0.0969 0.00935485 
-0.001 -0.0602715 0.0224807 
-0.00155813 -0.0856372 -0.0226955 
-0.0163668 -0.103233 0.0162082 
0.0317316 -0.08599999999999999 0.00115429 
0.000489686 -0.0802253 0.028063 
0.00128542 -0.00379755 0.0156323 
-0.00292544 -0.00428157 0.0169017 
-0.012072 -0.110046 -0.0218817 
0.0134425 -0.1232 -0.0171381 
4.21204e-05 -0.1269 0.008631720000000001 
-0.00553173 -0.0793111 -0.0242078 
0.00591293 -0.0452473 -0.000794013 
-0.0172077 -0.09916659999999999 0.00370304 
0.00111464 -0.115018 -0.009876070000000001 
0.011569 -0.097 0.0154027 
-0.0072739 -0.103837 -0.022606 
-0.00100771 -0.0287427 0.00960826 
0.00971998 -0.00180686 -0.00575249 
0.0183085 -0.00666474 -0.0352029 
-0.00309004 0.00468877  0.039 
0.00124728 -0.1244 -0.0177856 
-0.0113574 -0.0852282 -0.0124905 
0.01762 -0.0989078 -0.0196779 
-0.0197206 -0.1232 -0.00686225 
-0.0166952 -0.120047 0.00743286 
-0.00102972 -0.1222 -0.00759166 
-0.0118817 -0.1299 -0.005402 
0.00822762 -0.1334 0.009014899999999999 
-0.00455857 -0.062831 -0.00387591 
-0.0184903 -0.073 0.008093879999999999 
-0.0156442 -0.1392 -0.00669123 
0.0189724 -0.097 -0.000296779 
0.00679831 -0.00606353  -0.03 
0.00617226 -0.1237 -0.00577825 
-0.0286776 -0.0814542 -0.009376249999999999 
-0.0234388 -0.08821130000000001 -0.0132045 
0.00428394 -0.0775 0.0110199 
-0.0206515  -0.09 0.0266611 
-0.0134939 -0.09279999999999999 -0.00505719 
0.00931239 -0.09678009999999999 -0.00434965 
-0.0241856 -0.119765 -0.0106508 
-0.0103205 -0.1328 0.00312277 
-0.0176899 -0.111461 -0.00281465 
-0.0121608 -0.0917 0.000325351 
-0.018459 -0.031729 -0.00477186 
0.00189401 -0.041078 0.00566173 
-0.0100042 -0.009299079999999999 -0.00710234 
-0.026598 -0.0820289 0.0195244 
-0.001 -0.0667471 0.023083 
-0.0149535 -0.0327773 -0.012914 
-0.0325901  -0.09 0.0109183 
0.0125557 -0.09385 0.00350021 
-0.0221396 -0.10683 -0.0095767 
-0.00864529 -0.0576039 0.00511384 
0.0247184 -0.0794477 -0.00359961 
-0.0065346 -0.0920015 0.0178147 
-0.00503562 -0.0833315 -0.02774 
-0.00163022 -0.126063 0.00248572 
-0.0103892 -0.035113   0.01 
-0.00188505 0.00726545 0.0205 
-0.00868244 -0.108508 -0.0233783 
-0.00469392 -0.0938633 -0.0205678 
0.0217129 -0.0822485 -0.0123557 
-0.00344056 -0.0969 -0.0103243 
0.009122109999999999 -0.0514976 -0.00402547 
0.00733503 0.00700742 0.00748461 
0.0270824 -0.0786724 0.00981284 
0.010898 0.00557696 0.00169833 
0.0224534 -0.10324 -0.00530766 
0.0262547 -0.110237 -0.00295237 
0.0143244 -0.078 0.0233441 
-0.00271118 -0.1229 0.0121413 
0.0178354 -0.0935564 -0.00640584 
0.000600755 -0.0941073 0.0169216 
-0.008252550000000001 -0.116371 -0.0055367 
0.00802772 -0.0814385 0.0320061 
0.0252432 -0.0871449 -0.0272671 
0.00886663 -0.00706073 0.00444606 
0.00216421 0.0150861 -0.0366887 
 0.001 -0.0506248 -0.0198854 
-0.00943721 -0.0762335 -0.006344 
0.0201326 -0.073297 -0.00753748 
0.00169968 -0.12947 0.00246136 
0.00507404 -5.05928e-05 -0.0126144 
0.00619825 -0.092108 -0.0201473 
0.0171476 -0.127052 0.00147455 
 0.001 -0.0220968 -0.0153793 
0.009082649999999999  0.038 0.00192449 
-0.001 -0.0457413 -0.0101883 
-0.025639 -0.0814787 0.0159835 
-0.000256232 -0.000246587 0.0273 
0.00106748 -0.0591489 0.0120522 
-0.0189086 -0.12168 -0.0184743 
0.0195835 0.00678497 -0.023 
-0.0137998 -0.0884254 -0.0141612 
-0.00687338 -0.1293 0.00837361 
-0.00190657 -0.0957616 0.0173579 
0.00758475 -0.1269 -0.00295274 
-0.0139704 -0.117183 0.0115289 
-0.000501665 -0.102477 0.00702878 
0.00198771 -0.107713 0.0148126 
0.0161144 -0.101 -0.00975698 
0.0168559 -0.0882753 -0.000782215 
-0.0139441 -0.0790394 0.0143947 
-0.00277096 -0.098 -0.0247762 
-0.00176137 -0.123789 -0.00268384 
0.0253666 -0.1232 -0.00597783 
-0.0170716 -0.0413164 0.00637618 
0.00569954 -0.0950979 -0.0143596 
-0.000976668 -0.1244 0.0146958 
-0.0193618 -0.0361643 0.00748707 
0.00140077 -0.00768835 -0.0058266 
-0.0135867 -0.112746 0.00623489 
0.0117942 -0.0922263 0.0147585 
-0.0034212 -0.06568259999999999 -0.00729447 
0.0110683 -0.0702503 0.00398377 
-0.00685742 -0.124597 0.0170708 
0.0149225 -0.0955549 0.0199517 
-0.0151174 -0.128692 0.009630110000000001 
0.0109 0.0109345 0.00169595 
-0.00792697 -0.132811 0.00941256 
0.0242026 -0.0979 -0.00612172 
-0.00910292 -0.111028 0.0232034 
-0.0146631 -0.0882049 -0.00897825 
0.00236391 0.000711826 -0.0335 
-0.0214526 -0.0273871 -0.00235346 
-0.00483463 -0.102998 0.00585914 
0.00911385 -0.1198 -0.0170784 
-0.000168706 0.0039003 0.0335 
0.00762419 -0.1198 0.0195857 
-0.0125402 -0.122742 -0.00981863 
-0.00478325 -0.0129121 0.00360361 
0.00484893 -0.076 -0.0045841 
-0.0207489 -0.078 0.0229646 
-0.0315241 -0.09290959999999999 0.000121291 
0.00317166 -0.0960896 -0.0171649 
-0.000555296 -0.1382 0.00972572 
-0.00663125 -0.1382 -0.00351099 
0.009506880000000001 -0.0939266 0.009280770000000001 
-0.0157764 -0.08517420000000001 0.00678936 
0.0228725 -0.07149999999999999 0.009337440000000001 
0.0187836 0.0148916 -0.0243217 
-0.0077471 -0.1392 -0.000355066 
0.0147387 0.00631868 -0.0249511 
0.0157895 -0.122079 -0.0181224 
-0.0118471 -0.113474 -0.00913886 
0.00408923 -0.10669 0.009115369999999999 
-0.0258672 -0.0819363 0.0045839 
 0.001 -0.0182277 -0.0179497 
-0.0147764 -0.09658890000000001 0.009292470000000001 
0.00637097 0.00557428 -0.0297012 
-0.00561387 -0.111488 -0.0138615 
-0.025199 -0.1252 -0.00353618 
0.0154901 -0.117461 -0.00183116 
0.0212761 -0.110686 0.0128105 
-0.00531594 -0.1293 -0.0104298 
0.0173575 -0.108062 -0.00420741 
0.008015110000000001 -0.0293833 0.00595682 
0.0168308 -0.134258 0.00454031 
0.007407 0.00656805 -0.0165547 
0.0121717 -0.127445 0.0121483 
-0.0192213 -0.0656944 -0.00170002 
-0.0190954 -0.0881624 0.011824 
0.00356858  -0.09 0.0353411 
 0.001 -0.0641316 0.0195474 
0.0264104 -0.124362 -0.000318572 
0.0276947 -0.0838281 0.00756536 
0.0075162 -0.1244 -0.0153533 
-0.00529818 -0.0589465 0.00610969 
-0.00584558 -0.0900837 -0.0162618 
-0.0114451 -0.0619723 -0.00147666 
-0.00265701 -0.0442025 0.00537251 
-0.008011809999999999 -0.0861373 -0.0151953 
0.017445 -0.1052 -0.0145858 
-0.0103686 0.00516244 0.0323197 
-0.0202095 -0.1252 0.0164126 
-0.0103413 -0.121781 -0.0069252 
-0.0143208 -0.08500000000000001 -0.0192518 
-0.00560363 -0.108828 0.0116111 
-0.00315009 -0.0109105 0.0170083 
0.0177501 -0.116283 0.00351368 
-0.0224222 -0.09917239999999999 -0.0106544 
0.00993993 -0.0911539 -0.030838 
-0.0189409 -0.08681609999999999 0.0269155 
0.0167728 -0.0972935 -0.0184291 
-0.0162966 -0.0412486 0.000788775 
-0.000181825 -0.0784 0.012274 
-0.000321549 -0.0294604 -0.00597335 
0.00730663 -0.1299 0.00382303 
-0.0104324 -0.09739009999999999 0.009536279999999999 
-0.00943655 0.0032743 -0.0105293 
-0.0130985 -0.10507 0.0230351 
-0.0198232 -0.1252 0.0170768 
0.0092538 0.00368067 0.00503352 
-0.00390934 0.00994108 -0.0142879 
0.008328260000000001 -0.0969655 0.0153589 
0.0200287 0.00484998 -0.023 
0.0176765 -0.0871483 0.0318448 
0.0126164 -0.10464 0.0119916 
0.00209163 -0.08211980000000001 0.0248846 
0.00865116 -0.0550711 -0.00498829 
-0.0132326 -0.0748099 0.0151266 
-0.0268567 -0.0355899 0.006392 
-0.0197119 -0.094 -0.0034138 
-0.0238995 -0.0863227 -0.0144575 
-0.00494944 -0.07813059999999999 0.0154735 
-0.0170744 -0.07149999999999999 -0.0154068 
0.0240877 -0.089 -0.00341308 
-0.0121482 -0.0326475 0.00165721 
-0.00124983 -0.07377980000000001 -0.0183231 
-0.0038892 -0.07994560000000001 -0.0246865 
0.0273653 -0.08891549999999999 -0.0103286 
3 94 232 875 
3 94 193 16 
3 864 193 94 
3 806 864 94 
3 806 866 628 
3 232 185 875 
3 389 94 16 
3 389 232 94 
3 292 212 764 
3 212 292 990 
3 866 637 764 
3 637 292 764 
3 292 637 875 
3 292 174 990 
3 866 183 628 
3 183 866 764 
3 18 38 22 
3 38 18 527 
3 38 212 22 
3 38 527 764 
3 212 38 764 
3 620 193 864 
3 185 411 807 
3 411 185 232 
3 600 292 875 
3 185 600 875 
3 637 622 875 
3 622 637 866 
3 806 717 866 
3 717 806 94 
3 492 174 292 
3 600 492 292 
3 492 600 185 
3 492 185 807 
3 174 492 807 
3 674 174 207 
3 674 5 22 
3 174 674 990 
3 754 160 678 
3 754 806 628 
3 806 754 864 
3 183 754 628 
3 754 183 168 
3 160 754 168 
3 18 880 527 
3 880 740 527 
3 527 525 764 
3 740 525 527 
3 525 183 764 
3 183 525 168 
3 525 740 168 
3 193 953 16 
3 620 953 193 
3 302 18 22 
3 5 302 22 
3 818 404 101 
3 404 302 5 
3 302 404 18 
3 90 174 807 
3 929 622 866 
3 717 929 866 
3 622 929 875 
3 929 717 94 
3 929 94 875 
3 477 674 22 
3 674 477 990 
3 212 477 22 
3 477 212 990 
3 623 620 864 
3 880 613 740 
3 613 160 168 
3 160 613 678 
3 613 880 18 
3 563 70 377 
3 389 603 232 
3 174 427 207 
3 90 427 174 
3 427 674 207 
3 980 427 671 
3 740 755 168 
3 755 613 168 
3 613 755 740 
3 266 613 18 
3 404 266 18 
3 266 404 818 
3 226 266 818 
3 613 266 678 
3 266 226 70 
3 563 266 70 
3 4 563 377 
3 563 4 620 
3 4 953 620 
3 623 577 620 
3 577 563 620 
3 577 623 864 
3 754 577 864 
3 577 754 678 
3 241 603 389 
3 241 389 16 
3 953 241 16 
3 173 377 101 
3 404 173 101 
3 980 173 404 
3 34 90 807 
3 963 404 5 
3 963 980 404 
3 674 963 5 
3 427 963 674 
3 980 963 427 
3 612 266 563 
3 577 612 563 
3 266 612 678 
3 612 577 678 
3 276 4 377 
3 173 276 377 
3 742 980 671 
3 742 173 980 
3 34 43 671 
3 43 742 671 
3 742 43 173 
3 427 469 671 
3 469 34 671 
3 469 427 90 
3 34 469 90 
3 43 300 721 
3 300 43 34 
3 300 411 232 
3 411 300 807 
3 300 34 807 
3 985 485 721 
3 300 985 721 
3 485 985 603 
3 985 300 232 
3 603 985 232 
3 241 355 603 
3 355 485 603 
3 355 241 953 
3 355 276 485 
3 4 355 953 
3 276 355 4 
3 126 276 173 
3 43 126 173 
3 126 43 721 
3 276 171 485 
3 126 171 276 
3 485 171 721 
3 171 126 721 
3 226 818 101 
3 377 226 101 
3 70 226 377 
Vertices and facets:
- p232(v11): 0.0067 -0.0037 0.039
  neighbors: f29 f76 f81 f150 f279 f405 f411 f412
- p94(v8): 0.024 0.0031 -0.023
  neighbors: f29 f68 f69 f73 f80 f81 f173 f252 f253
- p875(v2): 0.0091 0.038 0.0019
  neighbors: f29 f76 f96 f153 f154 f168 f251 f253
- p193(v20): 0.031 -0.092 -0.0062
  neighbors: f68 f69 f134 f209 f210
- p16(v1): 0.032 -0.086 0.0035
  neighbors: f68 f80 f209 f345 f346
- p864(v10): 0.025 -0.087 -0.027
  neighbors: f69 f73 f134 f189 f258 f338 f339
- p806(v21): 0.018 -0.0067 -0.035
  neighbors: f73 f74 f170 f173 f188 f189
- p866(v12): 0.0022 0.015 -0.037
  neighbors: f74 f93 f109 f110 f169 f170 f249 f250
- p628(v3): 0.0093 -0.004 -0.038
  neighbors: f74 f109 f188 f190
- p185(v22): 0.0011 0.011 0.035
  neighbors: f76 f149 f150 f154 f177 f178
- p389(v23): 0.029 -0.083 0.016
  neighbors: f80 f81 f279 f343 f345
- p212(v25): -0.027 -0.037 -0.0096
  neighbors: f91 f92 f129 f131 f256 f257
- p292(v14): -0.0092 0.036 0.0038
  neighbors: f91 f92 f94 f96 f97 f153 f175 f176
- p764(v7): -0.011 0.0081 -0.035
  neighbors: f91 f93 f94 f110 f130 f131 f200 f202
- p990(v13): -0.027 -0.036 0.0064
  neighbors: f92 f97 f184 f255 f257
- p637(v26): -0.0062 0.038 -0.0078
  neighbors: f93 f94 f96 f168 f169
- p174(v27): -0.013 0.0041 0.037
  neighbors: f97 f175 f179 f180 f184 f231 f289 f290
- p183(v29): -0.0042 -0.01 -0.038
  neighbors: f109 f110 f190 f191 f202 f203
- p38(v33): -0.035 -0.087 -0.0039
  neighbors: f127 f128 f129 f130 f131
- p18(v17): -0.026 -0.12 -0.011
  neighbors: f127 f128 f196 f215 f227 f268 f317 f318
- p22(v0): -0.037 -0.09 0.0021
  neighbors: f127 f129 f181 f215 f216 f254 f256
- p527(v15): -0.024 -0.08 -0.022
  neighbors: f128 f130 f196 f197 f200 f201
- p620(v34): 0.024 -0.12 -0.011
  neighbors: f134 f210 f258 f326 f327 f336 f337
- p411(v37): -6.1e-05 0.0027 0.039
  neighbors: f149 f150 f405 f406
- p807(v6): -0.0031 0.0047 0.039
  neighbors: f149 f178 f179 f231 f358 f406 f407
- p600(v38): 0.0044 0.035 0.0089
  neighbors: f153 f154 f176 f177
- p622(v40): 0.0019 0.037 -0.0098
  neighbors: f168 f169 f249 f251
- p717(v41): 0.018 0.0081 -0.03
  neighbors: f170 f173 f250 f252
- p492(v42): -0.011 0.011 0.035
  neighbors: f175 f176 f177 f178 f179
- p674(v43): -0.035 -0.089 0.011
  neighbors: f180 f181 f184 f254 f255 f291 f374 f375
- p207(v19): -0.032 -0.087 0.016
  neighbors: f180 f289 f291
- p5(v35): -0.026 -0.12 0.00087
  neighbors: f181 f216 f225 f372 f374
- p754(v44): 0.0082 -0.089 -0.035
  neighbors: f185 f188 f189 f190 f191 f192 f339 f342
- p160(v30): -0.0076 -0.12 -0.026
  neighbors: f185 f192 f264 f265
- p678(v5): -0.0023 -0.13 -0.024
  neighbors: f185 f265 f321 f342 f379 f380
- p168(v16): -0.014 -0.093 -0.028
  neighbors: f191 f192 f203 f204 f264 f314 f315
- p880(v45): -0.019 -0.12 -0.018
  neighbors: f196 f197 f263 f268
- p740(v31): -0.02 -0.081 -0.026
  neighbors: f197 f201 f204 f263 f314 f316
- p525(v46): -0.011 -0.0063 -0.035
  neighbors: f200 f201 f202 f203 f204
- p953(v48): 0.026 -0.12 -0.00032
  neighbors: f209 f210 f327 f346 f415 f417
- p302(v49): -0.026 -0.12 -0.00059
  neighbors: f215 f216 f225 f227
- p404(v51): -0.018 -0.14 -0.004
  neighbors: f222 f225 f227 f318 f319 f352 f353 f372 f373
- p818(v32): -0.016 -0.14 -0.0067
  neighbors: f222 f319 f320 f428
- p101(v9): -0.0097 -0.14 0.0029
  neighbors: f222 f347 f352 f428 f429
- p90(v52): -0.013 -0.006 0.037
  neighbors: f231 f290 f358 f399 f400
- p929(v55): 0.019 0.015 -0.024
  neighbors: f249 f250 f251 f252 f253
- p477(v56): -0.036 -0.087 0.0027
  neighbors: f254 f255 f256 f257
- p623(v57): 0.019 -0.12 -0.018
  neighbors: f258 f336 f338
- p613(v58): -0.015 -0.12 -0.022
  neighbors: f263 f264 f265 f268 f315 f316 f317 f321
- p563(v60):  0.01 -0.13 -0.015
  neighbors: f273 f324 f325 f326 f337 f377 f378
- p70(v47): -0.0027 -0.14 -0.0091
  neighbors: f273 f322 f324 f430
- p377(v18): 0.0098 -0.14 -0.0015
  neighbors: f273 f325 f347 f381 f382 f429 f430
- p603(v61): 0.024 -0.087 0.024
  neighbors: f279 f343 f410 f412 f413 f414
- p427(v63): -0.027 -0.09 0.024
  neighbors: f289 f290 f291 f304 f375 f376 f397 f399
- p980(v65): -0.02 -0.13 0.017
  neighbors: f304 f353 f373 f376 f387 f389
- p671(v54): -0.012 -0.12 0.027
  neighbors: f304 f387 f390 f392 f397 f398
- p755(v67): -0.015 -0.093 -0.028
  neighbors: f314 f315 f316
- p266(v68): -0.011 -0.14 -0.015
  neighbors: f317 f318 f319 f320 f321 f322 f324 f377 f379
- p226(v59): -0.012 -0.14 -0.0086
  neighbors: f320 f322 f428 f429 f430
- p4(v69): 0.019 -0.14 -7.9e-05
  neighbors: f325 f326 f327 f381 f417 f418
- p577(v71):  0.01 -0.13 -0.021
  neighbors: f336 f337 f338 f339 f342 f378 f380
- p241(v72): 0.031 -0.09 0.0097
  neighbors: f343 f345 f346 f413 f415
- p173(v73): 0.0011 -0.14 0.018
  neighbors: f347 f352 f353 f382 f389 f393 f419 f420
- p34(v74): -0.0043 -0.09 0.035
  neighbors: f358 f390 f398 f400 f404 f407
- p963(v76): -0.02 -0.13 0.016
  neighbors: f372 f373 f374 f375 f376
- p612(v77): 0.0062 -0.13 -0.018
  neighbors: f377 f378 f379 f380
- p276(v78): 0.014 -0.14 0.013
  neighbors: f381 f382 f416 f418 f419 f424 f425
- p742(v79): -0.01 -0.12 0.024
  neighbors: f387 f389 f392 f393
- p43(v80): 0.0042 -0.13 0.026
  neighbors: f390 f392 f393 f403 f404 f420 f423
- p469(v81): -0.01 -0.09 0.033
  neighbors: f397 f398 f399 f400
- p300(v82): 0.0048 -0.089 0.036
  neighbors: f403 f404 f405 f406 f407 f409 f411
- p721(v64): 0.011 -0.12 0.026
  neighbors: f403 f408 f409 f423 f426 f427
- p985(v83): 0.018 -0.087 0.032
  neighbors: f408 f409 f410 f411 f412
- p485(v75):  0.02 -0.12 0.017
  neighbors: f408 f410 f414 f416 f424 f426
- p355(v84): 0.022 -0.12 0.015
  neighbors: f413 f414 f415 f416 f417 f418
- p126(v85): 0.0067 -0.13 0.025
  neighbors: f419 f420 f423 f425 f427
- p171(v86): 0.013 -0.13 0.021
  neighbors: f424 f425 f426 f427
- f29
    - flags: bottom simplicial
    - normal:    0.9403    0.193   0.2804
    - offset: -0.01641374
    - vertices: p232(v11) p94(v8) p875(v2)
    - neighboring facets: f253 f76 f81
- f68
    - flags: bottom simplicial
    - normal:    0.9907  0.05687  -0.1239
    - offset: -0.02662982
    - vertices: p193(v20) p94(v8) p16(v1)
    - neighboring facets: f80 f209 f69
- f69
    - flags: bottom simplicial
    - normal:    0.9614  0.02746  -0.2738
    - offset: -0.02934146
    - vertices: p193(v20) p864(v10) p94(v8)
    - neighboring facets: f73 f68 f134
- f73
    - flags: top simplicial
    - normal:    0.8965   0.0337  -0.4417
    - offset: -0.03173802
    - vertices: p806(v21) p864(v10) p94(v8)
    - neighboring facets: f69 f173 f189
- f74
    - flags: top simplicial
    - normal:    0.3375   0.1875  -0.9225
    - offset: -0.03740311
    - vertices: p806(v21) p866(v12) p628(v3)
    - neighboring facets: f109 f188 f170
- f76
    - flags: bottom simplicial
    - normal:    0.7465   0.4148   0.5203
    - offset: -0.02354524
    - vertices: p185(v22) p232(v11) p875(v2)
    - neighboring facets: f29 f154 f150
- f80
    - flags: top simplicial
    - normal:    0.9611   0.1593   0.2258
    - offset: -0.01807766
    - vertices: p389(v23) p94(v8) p16(v1)
    - neighboring facets: f68 f345 f81
- f81
    - flags: top simplicial
    - normal:    0.9425   0.1828   0.2799
    - offset: -0.01644625
    - vertices: p389(v23) p232(v11) p94(v8)
    - neighboring facets: f29 f80 f279
- f91
    - flags: bottom simplicial
    - normal:   -0.9567   0.2552  -0.1399
    - offset: -0.01746827
    - vertices: p212(v25) p292(v14) p764(v7)
    - neighboring facets: f94 f131 f92
- f92
    - flags: top simplicial
    - normal:   -0.9708   0.2382  -0.0287
    - offset: -0.0174111
    - vertices: p212(v25) p292(v14) p990(v13)
    - neighboring facets: f97 f257 f91
- f93
    - flags: bottom simplicial
    - normal:   -0.4261   0.6502   -0.629
    - offset: -0.03196376
    - vertices: p637(v26) p866(v12) p764(v7)
    - neighboring facets: f110 f94 f169
- f94
    - flags: top simplicial
    - normal:   -0.9241   0.3289  -0.1945
    - offset: -0.01961982
    - vertices: p637(v26) p292(v14) p764(v7)
    - neighboring facets: f91 f93 f96
- f96
    - flags: bottom simplicial
    - normal:  -0.09288   0.9905   0.1013
    - offset: -0.0369907
    - vertices: p637(v26) p292(v14) p875(v2)
    - neighboring facets: f153 f168 f94
- f97
    - flags: bottom simplicial
    - normal:   -0.9608   0.2416   0.1359
    - offset: -0.01807404
    - vertices: p174(v27) p292(v14) p990(v13)
    - neighboring facets: f92 f184 f175
- f109
    - flags: bottom simplicial
    - normal:  -0.04146  0.05184  -0.9978
    - offset: -0.03730015
    - vertices: p183(v29) p866(v12) p628(v3)
    - neighboring facets: f74 f190 f110
- f110
    - flags: top simplicial
    - normal:   -0.1707  0.08393  -0.9817
    - offset: -0.03691554
    - vertices: p183(v29) p866(v12) p764(v7)
    - neighboring facets: f93 f202 f109
- f127
    - flags: bottom simplicial
    - normal:   -0.9365  -0.1683  -0.3077
    - offset: -0.0489936
    - vertices: p38(v33) p18(v17) p22(v0)
    - neighboring facets: f215 f129 f128
- f128
    - flags: top simplicial
    - normal:    -0.836  -0.1032  -0.5389
    - offset: -0.04066949
    - vertices: p38(v33) p18(v17) p527(v15)
    - neighboring facets: f196 f130 f127
- f129
    - flags: top simplicial
    - normal:   -0.9758   0.1514  -0.1578
    - offset: -0.02198693
    - vertices: p38(v33) p212(v25) p22(v0)
    - neighboring facets: f256 f127 f131
- f130
    - flags: top simplicial
    - normal:   -0.8655  0.05952  -0.4974
    - offset: -0.0273944
    - vertices: p38(v33) p527(v15) p764(v7)
    - neighboring facets: f200 f131 f128
- f131
    - flags: bottom simplicial
    - normal:   -0.9251   0.1197  -0.3605
    - offset: -0.02374284
    - vertices: p38(v33) p212(v25) p764(v7)
    - neighboring facets: f91 f130 f129
- f134
    - flags: top simplicial
    - normal:    0.9365   -0.163  -0.3104
    - offset: -0.04631022
    - vertices: p620(v34) p193(v20) p864(v10)
    - neighboring facets: f69 f258 f210
- f149
    - flags: bottom simplicial
    - normal:    0.2556   0.3997   0.8803
    - offset: -0.03541532
    - vertices: p411(v37) p185(v22) p807(v6)
    - neighboring facets: f178 f406 f150
- f150
    - flags: top simplicial
    - normal:    0.3974   0.3617   0.8433
    - offset: -0.03386162
    - vertices: p411(v37) p185(v22) p232(v11)
    - neighboring facets: f76 f405 f149
- f153
    - flags: top simplicial
    - normal:  -0.06582   0.9465   0.3159
    - offset: -0.03597755
    - vertices: p600(v38) p292(v14) p875(v2)
    - neighboring facets: f96 f154 f176
- f154
    - flags: bottom simplicial
    - normal:    0.5735   0.5604   0.5975
    - offset: -0.02765545
    - vertices: p600(v38) p185(v22) p875(v2)
    - neighboring facets: f76 f153 f177
- f168
    - flags: bottom simplicial
    - normal:  -0.0007767    0.999 -0.04443
    - offset: -0.0378699
    - vertices: p622(v40) p637(v26) p875(v2)
    - neighboring facets: f96 f251 f169
- f169
    - flags: top simplicial
    - normal:   -0.1519   0.7586  -0.6336
    - offset: -0.03436213
    - vertices: p622(v40) p637(v26) p866(v12)
    - neighboring facets: f93 f249 f168
- f170
    - flags: bottom simplicial
    - normal:    0.4984   0.3147  -0.8078
    - offset: -0.0354646
    - vertices: p717(v41) p806(v21) p866(v12)
    - neighboring facets: f74 f250 f173
- f173
    - flags: top simplicial
    - normal:    0.7947   0.2343    -0.56
    - offset: -0.03270043
    - vertices: p717(v41) p806(v21) p94(v8)
    - neighboring facets: f73 f252 f170
- f175
    - flags: top simplicial
    - normal:   -0.9482    0.271   0.1655
    - offset: -0.01913351
    - vertices: p492(v42) p174(v27) p292(v14)
    - neighboring facets: f97 f176 f179
- f176
    - flags: bottom simplicial
    - normal:   -0.1864     0.77   0.6102
    - offset: -0.03184418
    - vertices: p492(v42) p600(v38) p292(v14)
    - neighboring facets: f153 f175 f177
- f177
    - flags: top simplicial
    - normal:  0.002744   0.7297   0.6838
    - offset: -0.03190737
    - vertices: p492(v42) p600(v38) p185(v22)
    - neighboring facets: f154 f178 f176
- f178
    - flags: top simplicial
    - normal:  0.004239   0.5408   0.8411
    - offset: -0.03532608
    - vertices: p492(v42) p185(v22) p807(v6)
    - neighboring facets: f149 f179 f177
- f179
    - flags: bottom simplicial
    - normal:   -0.2051   0.3305   0.9213
    - offset: -0.03811222
    - vertices: p492(v42) p174(v27) p807(v6)
    - neighboring facets: f231 f178 f175
- f180
    - flags: top simplicial
    - normal:   -0.9113   0.1051   0.3981
    - offset: -0.02662674
    - vertices: p674(v43) p174(v27) p207(v19)
    - neighboring facets: f289 f291 f184
- f181
    - flags: top simplicial
    - normal:   -0.9235  -0.3034   0.2346
    - offset: -0.06184296
    - vertices: p674(v43) p5(v35) p22(v0)
    - neighboring facets: f216 f254 f374
- f184
    - flags: bottom simplicial
    - normal:   -0.9577   0.1613   0.2382
    - offset: -0.02150387
    - vertices: p674(v43) p174(v27) p990(v13)
    - neighboring facets: f97 f255 f180
- f185
    - flags: top simplicial
    - normal:   -0.1323   -0.266  -0.9548
    - offset: -0.05649802
    - vertices: p754(v44) p160(v30) p678(v5)
    - neighboring facets: f265 f342 f192
- f188
    - flags: top simplicial
    - normal:    0.2841 -0.03153  -0.9583
    - offset: -0.03914578
    - vertices: p754(v44) p806(v21) p628(v3)
    - neighboring facets: f74 f190 f189
- f189
    - flags: bottom simplicial
    - normal:     0.439 -0.05062   -0.897
    - offset: -0.03995397
    - vertices: p754(v44) p806(v21) p864(v10)
    - neighboring facets: f73 f339 f188
- f190
    - flags: bottom simplicial
    - normal:  -0.004286 -0.02934  -0.9996
    - offset: -0.03803637
    - vertices: p754(v44) p183(v29) p628(v3)
    - neighboring facets: f109 f188 f191
- f191
    - flags: top simplicial
    - normal:   -0.2929 -0.07366  -0.9533
    - offset: -0.03796665
    - vertices: p754(v44) p183(v29) p168(v16)
    - neighboring facets: f203 f192 f190
- f192
    - flags: bottom simplicial
    - normal:    -0.273  -0.1791  -0.9452
    - offset: -0.04724453
    - vertices: p754(v44) p160(v30) p168(v16)
    - neighboring facets: f264 f191 f185
- f196
    - flags: bottom simplicial
    - normal:   -0.6863  -0.1548  -0.7107
    - offset: -0.04493987
    - vertices: p880(v45) p18(v17) p527(v15)
    - neighboring facets: f128 f197 f268
- f197
    - flags: top simplicial
    - normal:   -0.6804  -0.1545  -0.7164
    - offset: -0.04489767
    - vertices: p880(v45) p740(v31) p527(v15)
    - neighboring facets: f201 f196 f263
- f200
    - flags: bottom simplicial
    - normal:   -0.7574  0.02035  -0.6526
    - offset: -0.03132255
    - vertices: p525(v46) p527(v15) p764(v7)
    - neighboring facets: f130 f202 f201
- f201
    - flags: bottom simplicial
    - normal:   -0.6752 -0.009051  -0.7376
    - offset: -0.03354794
    - vertices: p525(v46) p740(v31) p527(v15)
    - neighboring facets: f197 f200 f204
- f202
    - flags: top simplicial
    - normal:   -0.3539 0.009511  -0.9352
    - offset: -0.03669597
    - vertices: p525(v46) p183(v29) p764(v7)
    - neighboring facets: f110 f200 f203
- f203
    - flags: bottom simplicial
    - normal:   -0.3858 -0.05923  -0.9207
    - offset: -0.03698311
    - vertices: p525(v46) p183(v29) p168(v16)
    - neighboring facets: f191 f204 f202
- f204
    - flags: top simplicial
    - normal:    -0.413 -0.05757  -0.9089
    - offset: -0.03686989
    - vertices: p525(v46) p740(v31) p168(v16)
    - neighboring facets: f314 f203 f201
- f209
    - flags: bottom simplicial
    - normal:    0.9885   -0.151 0.005781
    - offset: -0.04488948
    - vertices: p953(v48) p193(v20) p16(v1)
    - neighboring facets: f68 f346 f210
- f210
    - flags: bottom simplicial
    - normal:    0.9604  -0.1854   -0.208
    - offset: -0.04848529
    - vertices: p953(v48) p620(v34) p193(v20)
    - neighboring facets: f134 f209 f327
- f215
    - flags: top simplicial
    - normal:    -0.952  -0.3028  0.04529
    - offset: -0.06243081
    - center: -0.0299386 -0.1124903333333333 -0.002996906666666667 
    - vertices: p302(v49) p18(v17) p22(v0)
    - neighboring facets: f127 f216 f227
- f216
    - flags: bottom simplicial
    - normal:   -0.9472  -0.3056  0.09682
    - offset: -0.06261684
    - center: -0.02991190000000001 -0.1119223333333333 0.000810325000000001 
    - vertices: p302(v49) p5(v35) p22(v0)
    - neighboring facets: f181 f215 f225
- f222
    - flags: bottom simplicial tested seen
    - normal:   -0.1453  -0.9853  0.09019
    - offset: -0.1388188
    - center: -0.01450383 -0.1389943333333333 -0.002606573333333335 
    - vertices: p404(v51) p818(v32) p101(v9)
    - neighboring facets: f428 f352 f319
    - ridges:
- f225
    - flags: top simplicial tested
    - normal:   -0.8667  -0.4864   0.1109
    - offset: -0.08270514
    - center: -0.02368373333333333 -0.1281166666666667 -0.001242555000000001 
    - vertices: p404(v51) p302(v49) p5(v35)
    - neighboring facets: f216 f372 f227
- f227
    - flags: bottom simplicial tested
    - normal:   -0.8733  -0.4817  0.07319
    - offset: -0.08232026
    - center: -0.02371043333333334 -0.1286846666666667 -0.005049786666666667 
    - vertices: p404(v51) p302(v49) p18(v17)
    - neighboring facets: f215 f318 f225
- f231
    - flags: top simplicial
    - normal:   -0.1948 -0.009876   0.9808
    - offset: -0.03880661
    - vertices: p90(v52) p174(v27) p807(v6)
    - neighboring facets: f179 f358 f290
- f249
    - flags: top simplicial
    - normal:     0.435   0.6941  -0.5736
    - offset: -0.03245749
    - vertices: p929(v55) p622(v40) p866(v12)
    - neighboring facets: f169 f250 f251
- f250
    - flags: bottom simplicial
    - normal:    0.5262   0.4834  -0.6996
    - offset: -0.03409806
    - vertices: p929(v55) p717(v41) p866(v12)
    - neighboring facets: f170 f249 f252
- f251
    - flags: bottom simplicial
    - normal:    0.5944   0.6997  -0.3963
    - offset: -0.03122454
    - vertices: p929(v55) p622(v40) p875(v2)
    - neighboring facets: f168 f253 f249
- f252
    - flags: top simplicial
    - normal:     0.802   0.2972  -0.5182
    - offset: -0.03209291
    - vertices: p929(v55) p717(v41) p94(v8)
    - neighboring facets: f173 f253 f250
- f253
    - flags: top simplicial
    - normal:    0.9207   0.3902 -0.00319
    - offset: -0.0231825
    - vertices: p929(v55) p94(v8) p875(v2)
    - neighboring facets: f29 f251 f252
- f254
    - flags: top simplicial
    - normal:   -0.9701   0.1033   0.2194
    - offset: -0.02691886
    - vertices: p477(v56) p674(v43) p22(v0)
    - neighboring facets: f181 f256 f255
- f255
    - flags: bottom simplicial
    - normal:   -0.9586   0.1611   0.2348
    - offset: -0.02151041
    - vertices: p477(v56) p674(v43) p990(v13)
    - neighboring facets: f184 f257 f254
- f256
    - flags: bottom simplicial
    - normal:   -0.9807   0.1637  -0.1065
    - offset: -0.02117563
    - vertices: p477(v56) p212(v25) p22(v0)
    - neighboring facets: f129 f254 f257
- f257
    - flags: top simplicial
    - normal:   -0.9826   0.1843 -0.02405
    - offset: -0.01967771
    - vertices: p477(v56) p212(v25) p990(v13)
    - neighboring facets: f92 f255 f256
- f258
    - flags: top simplicial
    - normal:    0.6061  -0.3427  -0.7178
    - offset: -0.06473674
    - center: 0.0230426 -0.1087963 -0.01878756666666667 
    - vertices: p623(v57) p620(v34) p864(v10)
    - neighboring facets: f134 f338 f336
- f263
    - flags: bottom simplicial
    - normal:   -0.6523  -0.1589  -0.7411
    - offset: -0.04535543
    - vertices: p613(v58) p880(v45) p740(v31)
    - neighboring facets: f197 f316 f268
- f264
    - flags: top simplicial
    - normal:    -0.331  -0.1921  -0.9239
    - offset: -0.04864213
    - vertices: p613(v58) p160(v30) p168(v16)
    - neighboring facets: f192 f315 f265
- f265
    - flags: bottom simplicial
    - normal:   -0.2239  -0.3131   -0.923
    - offset: -0.06182903
    - center: -0.008264140000000001 -0.1211763333333333 -0.02388396666666667 
    - vertices: p613(v58) p160(v30) p678(v5)
    - neighboring facets: f185 f321 f264
- f268
    - flags: top simplicial
    - normal:   -0.6473  -0.2674  -0.7137
    - offset: -0.05796915
    - center: -0.02008573333333333 -0.122847 -0.0169694 
    - vertices: p613(v58) p880(v45) p18(v17)
    - neighboring facets: f196 f317 f263
- f273
    - flags: top simplicial tested seen
    - normal:    0.2491  -0.8776  -0.4097
    - offset: -0.1252093
    - center: 0.00573924333333333 -0.1370986666666667 -0.008463873333333328 
    - vertices: p563(v60) p70(v47) p377(v18)
    - neighboring facets: f430 f325 f324
    - ridges:
- f279
    - flags: bottom simplicial
    - normal:     0.861  0.09796    0.499
    - offset: -0.02466728
    - vertices: p603(v61) p389(v23) p232(v11)
    - neighboring facets: f81 f412 f343
- f289
    - flags: bottom simplicial
    - normal:    -0.841  0.05827   0.5379
    - offset: -0.03074559
    - vertices: p427(v63) p174(v27) p207(v19)
    - neighboring facets: f180 f291 f290
- f290
    - flags: bottom simplicial
    - normal:   -0.6867 0.008851   0.7269
    - offset: -0.03562376
    - vertices: p427(v63) p90(v52) p174(v27)
    - neighboring facets: f231 f289 f399
- f291
    - flags: top simplicial
    - normal:   -0.8664  -0.1377     0.48
    - offset: -0.04765595
    - vertices: p427(v63) p674(v43) p207(v19)
    - neighboring facets: f180 f289 f375
- f304
    - flags: top simplicial
    - normal:   -0.6339  -0.2828   0.7199
    - offset: -0.06026837
    - center: -0.01969836666666666 -0.111096 0.02272783333333333 
    - vertices: p980(v65) p427(v63) p671(v54)
    - neighboring facets: f397 f387 f376
- f314
    - flags: bottom simplicial
    - normal:   -0.5097   -0.116  -0.8525
    - offset: -0.04202331
    - vertices: p755(v67) p740(v31) p168(v16)
    - neighboring facets: f204 f315 f316
- f315
    - flags: top simplicial
    - normal:   -0.4974  -0.1699  -0.8508
    - offset: -0.04680121
    - vertices: p755(v67) p613(v58) p168(v16)
    - neighboring facets: f264 f314 f316
- f316
    - flags: bottom simplicial
    - normal:   -0.5994  -0.1576  -0.7848
    - offset: -0.0453686
    - vertices: p755(v67) p613(v58) p740(v31)
    - neighboring facets: f263 f314 f315
- f317
    - flags: top simplicial tested
    - normal:   -0.5905  -0.4256  -0.6857
    - offset: -0.07586355
    - center: -0.01756083333333333 -0.128381 -0.01582526666666667 
    - vertices: p266(v68) p613(v58) p18(v17)
    - neighboring facets: f268 f318 f321
- f318
    - flags: bottom simplicial tested
    - normal:   -0.6734   -0.599  -0.4333
    - offset: -0.09698121
    - center: -0.01865749999999999 -0.1337913333333333 -0.009868516666666664 
    - vertices: p266(v68) p404(v51) p18(v17)
    - neighboring facets: f227 f317 f319
- f319
    - flags: top simplicial tested
    - normal:   -0.5792  -0.7221  -0.3783
    - offset: -0.1121088
    - center: -0.01504733333333334 -0.1386883333333333 -0.008581560000000004 
    - vertices: p266(v68) p404(v51) p818(v32)
    - neighboring facets: f222 f320 f318
- f320
    - flags: bottom simplicial tested seen
    - normal:  -0.08361  -0.9849  -0.1514
    - offset: -0.1394229
    - center: -0.01306193333333333 -0.138894 -0.01010726 
    - vertices: p266(v68) p226(v59) p818(v32)
    - neighboring facets: f428 f319 f322
    - ridges:
- f321
    - flags: bottom simplicial tested
    - normal:   -0.2412  -0.4277  -0.8712
    - offset: -0.07497492
    - center: -0.00949436 -0.1286113333333333 -0.02029856666666667 
    - vertices: p266(v68) p613(v58) p678(v5)
    - neighboring facets: f265 f379 f317
- f322
    - flags: top simplicial tested seen
    - normal:  -0.007904  -0.9899  -0.1419
    - offset: -0.1391025
    - center: -0.008759143333333332 -0.138894 -0.01091562 
    - vertices: p266(v68) p226(v59) p70(v47)
    - neighboring facets: f430 f324 f320
    - ridges:
- f324
    - flags: bottom simplicial tested
    - normal:    0.2216  -0.8624  -0.4552
    - offset: -0.1235887
    - center: -0.001313876666666668 -0.1367926666666666 -0.01298527 
    - vertices: p266(v68) p563(v60) p70(v47)
    - neighboring facets: f273 f322 f377
- f325
    - flags: top simplicial
    - normal:    0.3327  -0.8553  -0.3972
    - offset: -0.1229114
    - center: 0.01304748666666666 -0.136101 -0.005451477099999998 
    - vertices: p4(v69) p563(v60) p377(v18)
    - neighboring facets: f273 f381 f326
- f326
    - flags: bottom simplicial
    - normal:    0.5934  -0.6259  -0.5061
    - offset: -0.0966738
    - vertices: p4(v69) p563(v60) p620(v34)
    - neighboring facets: f337 f327 f325
- f327
    - flags: top simplicial
    - normal:    0.8251   -0.508  -0.2472
    - offset: -0.08505064
    - vertices: p4(v69) p953(v48) p620(v34)
    - neighboring facets: f210 f326 f417
- f336
    - flags: bottom simplicial
    - normal:    0.5983  -0.3525  -0.7195
    - offset: -0.06576441
    - vertices: p577(v71) p623(v57) p620(v34)
    - neighboring facets: f258 f337 f338
- f337
    - flags: top simplicial
    - normal:    0.5685  -0.5592  -0.6034
    - offset: -0.0890027
    - vertices: p577(v71) p563(v60) p620(v34)
    - neighboring facets: f326 f336 f378
- f338
    - flags: top simplicial
    - normal:    0.5927  -0.3435  -0.7286
    - offset: -0.0647567
    - vertices: p577(v71) p623(v57) p864(v10)
    - neighboring facets: f258 f339 f336
- f339
    - flags: bottom simplicial
    - normal:    0.4431  -0.3045  -0.8432
    - offset: -0.0607127
    - vertices: p577(v71) p754(v44) p864(v10)
    - neighboring facets: f189 f338 f342
- f342
    - flags: top simplicial
    - normal:    0.1918  -0.3487  -0.9174
    - offset: -0.06521469
    - vertices: p577(v71) p754(v44) p678(v5)
    - neighboring facets: f185 f380 f339
- f343
    - flags: top simplicial
    - normal:    0.8948 -0.07775   0.4396
    - offset: -0.03933014
    - vertices: p241(v72) p603(v61) p389(v23)
    - neighboring facets: f279 f345 f413
- f345
    - flags: top simplicial
    - normal:    0.9635   0.1332   0.2321
    - offset: -0.02042154
    - vertices: p241(v72) p389(v23) p16(v1)
    - neighboring facets: f80 f346 f343
- f346
    - flags: bottom simplicial
    - normal:    0.9874  -0.1539  0.03669
    - offset: -0.04520766
    - vertices: p241(v72) p953(v48) p16(v1)
    - neighboring facets: f209 f345 f415
- f347
    - flags: top simplicial tested seen
    - normal:  0.001251       -1 0.005601
    - offset: -0.1392017
    - center: 0.0003984666666666665 -0.139168 0.006340683333333333 
    - vertices: p173(v73) p377(v18) p101(v9)
    - neighboring facets: f429 f352 f382
    - ridges:
- f352
    - flags: bottom simplicial tested
    - normal:   -0.1882  -0.9715    0.144
    - offset: -0.1374776
    - center: -0.008931320000000001 -0.1389623333333333 0.00549607 
    - vertices: p173(v73) p404(v51) p101(v9)
    - neighboring facets: f222 f347 f353
- f353
    - flags: bottom simplicial tested
    - normal:    -0.507  -0.7452    0.433
    - offset: -0.1107498
    - center: -0.01230459 -0.1342956666666667 0.01022731666666667 
    - vertices: p173(v73) p980(v65) p404(v51)
    - neighboring facets: f373 f352 f389
- f358
    - flags: top simplicial
    - normal:   -0.1686 -0.03463   0.9851
    - offset: -0.03877665
    - vertices: p34(v74) p90(v52) p807(v6)
    - neighboring facets: f231 f407 f400
- f372
    - flags: top simplicial
    - normal:   -0.8246  -0.5075   0.2499
    - offset: -0.08430468
    - vertices: p963(v76) p404(v51) p5(v35)
    - neighboring facets: f225 f374 f373
- f373
    - flags: top simplicial
    - normal:   -0.6427  -0.6687   0.3738
    - offset: -0.1028474
    - vertices: p963(v76) p980(v65) p404(v51)
    - neighboring facets: f353 f372 f376
- f374
    - flags: bottom simplicial
    - normal:   -0.8967  -0.3182   0.3078
    - offset: -0.06301484
    - vertices: p963(v76) p674(v43) p5(v35)
    - neighboring facets: f181 f372 f375
- f375
    - flags: bottom simplicial
    - normal:   -0.8441  -0.2721   0.4621
    - offset: -0.05870756
    - vertices: p963(v76) p427(v63) p674(v43)
    - neighboring facets: f291 f374 f376
- f376
    - flags: bottom simplicial
    - normal:   -0.8312  -0.2744   0.4835
    - offset: -0.05909244
    - vertices: p963(v76) p980(v65) p427(v63)
    - neighboring facets: f304 f375 f373
- f377
    - flags: top simplicial
    - normal:    0.2017  -0.7765  -0.5969
    - offset: -0.1140751
    - vertices: p612(v77) p266(v68) p563(v60)
    - neighboring facets: f324 f378 f379
- f378
    - flags: bottom simplicial
    - normal:    0.3436  -0.6309  -0.6957
    - offset: -0.09761206
    - vertices: p612(v77) p577(v71) p563(v60)
    - neighboring facets: f337 f377 f380
- f379
    - flags: bottom simplicial
    - normal:   0.09992  -0.6072  -0.7882
    - offset: -0.09469419
    - vertices: p612(v77) p266(v68) p678(v5)
    - neighboring facets: f321 f380 f377
- f380
    - flags: top simplicial
    - normal:    0.1599  -0.5527  -0.8179
    - offset: -0.08843975
    - vertices: p612(v77) p577(v71) p678(v5)
    - neighboring facets: f342 f379 f378
- f381
    - flags: top simplicial
    - normal:     0.285  -0.9503   0.1254
    - offset: -0.1348942
    - vertices: p276(v78) p4(v69) p377(v18)
    - neighboring facets: f325 f382 f418
- f382
    - flags: bottom simplicial
    - normal:    0.2726  -0.9533   0.1297
    - offset: -0.1351914
    - vertices: p276(v78) p173(v73) p377(v18)
    - neighboring facets: f347 f381 f419
- f387
    - flags: top simplicial
    - normal:   -0.5138  -0.4374    0.738
    - offset: -0.07754788
    - vertices: p742(v79) p980(v65) p671(v54)
    - neighboring facets: f304 f392 f389
- f389
    - flags: top simplicial
    - normal:   -0.4362  -0.6306   0.6419
    - offset: -0.09856134
    - vertices: p742(v79) p173(v73) p980(v65)
    - neighboring facets: f353 f387 f393
- f390
    - flags: bottom simplicial
    - normal:  -0.08141  -0.2775   0.9573
    - offset: -0.05926991
    - vertices: p43(v80) p34(v74) p671(v54)
    - neighboring facets: f398 f392 f404
- f392
    - flags: top simplicial
    - normal:   -0.1422  -0.4112   0.9004
    - offset: -0.07427927
    - vertices: p43(v80) p742(v79) p671(v54)
    - neighboring facets: f387 f390 f393
- f393
    - flags: bottom simplicial
    - normal:   -0.1387  -0.4877   0.8619
    - offset: -0.08287051
    - vertices: p43(v80) p742(v79) p173(v73)
    - neighboring facets: f389 f420 f392
- f397
    - flags: bottom simplicial
    - normal:    -0.453  -0.1738   0.8744
    - offset: -0.04932435
    - vertices: p469(v81) p427(v63) p671(v54)
    - neighboring facets: f304 f398 f399
- f398
    - flags: top simplicial
    - normal:   -0.3514  -0.1898   0.9168
    - offset: -0.05110599
    - vertices: p469(v81) p34(v74) p671(v54)
    - neighboring facets: f390 f397 f400
- f399
    - flags: top simplicial
    - normal:   -0.4593  -0.0537   0.8866
    - offset: -0.03898458
    - vertices: p469(v81) p427(v63) p90(v52)
    - neighboring facets: f290 f400 f397
- f400
    - flags: bottom simplicial
    - normal:   -0.3574 -0.05284   0.9324
    - offset: -0.03936425
    - vertices: p469(v81) p34(v74) p90(v52)
    - neighboring facets: f358 f399 f398
- f403
    - flags: bottom simplicial
    - normal:    0.3047  -0.2668   0.9143
    - offset: -0.05842909
    - vertices: p300(v82) p43(v80) p721(v64)
    - neighboring facets: f423 f409 f404
- f404
    - flags: top simplicial
    - normal:  -0.06196  -0.2735   0.9599
    - offset: -0.05891936
    - vertices: p300(v82) p43(v80) p34(v74)
    - neighboring facets: f390 f407 f403
- f405
    - flags: top simplicial
    - normal:   0.03806 -0.02648   0.9989
    - offset: -0.03888687
    - vertices: p300(v82) p411(v37) p232(v11)
    - neighboring facets: f150 f411 f406
- f406
    - flags: bottom simplicial
    - normal:  -0.02026 -0.02959   0.9994
    - offset: -0.03889877
    - vertices: p300(v82) p411(v37) p807(v6)
    - neighboring facets: f149 f407 f405
- f407
    - flags: top simplicial
    - normal:  -0.09672 -0.03591   0.9947
    - offset: -0.03892236
    - vertices: p300(v82) p34(v74) p807(v6)
    - neighboring facets: f358 f406 f404
- f408
    - flags: top simplicial
    - normal:    0.5784  -0.2771   0.7673
    - offset: -0.05880579
    - vertices: p985(v83) p485(v75) p721(v64)
    - neighboring facets: f426 f409 f410
- f409
    - flags: bottom simplicial
    - normal:    0.3508  -0.2516    0.902
    - offset: -0.05685079
    - vertices: p985(v83) p300(v82) p721(v64)
    - neighboring facets: f403 f408 f411
- f410
    - flags: bottom simplicial
    - normal:    0.7262  -0.2195   0.6515
    - offset: -0.05270941
    - vertices: p985(v83) p485(v75) p603(v61)
    - neighboring facets: f414 f412 f408
- f411
    - flags: top simplicial
    - normal:    0.3364  -0.0317   0.9412
    - offset: -0.03868125
    - vertices: p985(v83) p300(v82) p232(v11)
    - neighboring facets: f405 f412 f409
- f412
    - flags: bottom simplicial
    - normal:     0.741  0.04333   0.6701
    - offset: -0.03066124
    - vertices: p985(v83) p603(v61) p232(v11)
    - neighboring facets: f279 f411 f410
- f413
    - flags: bottom simplicial
    - normal:    0.8716  -0.1867   0.4533
    - offset: -0.04857631
    - vertices: p355(v84) p241(v72) p603(v61)
    - neighboring facets: f343 f414 f415
- f414
    - flags: top simplicial
    - normal:    0.8066  -0.2093   0.5528
    - offset: -0.05138077
    - vertices: p355(v84) p485(v75) p603(v61)
    - neighboring facets: f410 f413 f416
- f415
    - flags: top simplicial
    - normal:    0.9233  -0.2253   0.3112
    - offset: -0.05230554
    - vertices: p355(v84) p241(v72) p953(v48)
    - neighboring facets: f346 f417 f413
- f416
    - flags: top simplicial
    - normal:    0.7717  -0.4804   0.4168
    - offset: -0.08163606
    - vertices: p355(v84) p276(v78) p485(v75)
    - neighboring facets: f424 f414 f418
- f417
    - flags: bottom simplicial
    - normal:    0.8115  -0.4883    0.321
    - offset: -0.0820503
    - vertices: p355(v84) p4(v69) p953(v48)
    - neighboring facets: f327 f415 f418
- f418
    - flags: bottom simplicial
    - normal:    0.8101  -0.4896   0.3226
    - offset: -0.08220222
    - vertices: p355(v84) p276(v78) p4(v69)
    - neighboring facets: f381 f417 f416
- f419
    - flags: top simplicial
    - normal:     0.391  -0.5511   0.7372
    - offset: -0.09006382
    - vertices: p126(v85) p276(v78) p173(v73)
    - neighboring facets: f382 f420 f425
- f420
    - flags: bottom simplicial
    - normal:    0.2955  -0.5399   0.7881
    - offset: -0.08930483
    - vertices: p126(v85) p43(v80) p173(v73)
    - neighboring facets: f393 f419 f423
- f423
    - flags: top simplicial
    - normal:     0.336  -0.2903    0.896
    - offset: -0.06102401
    - vertices: p126(v85) p43(v80) p721(v64)
    - neighboring facets: f403 f427 f420
- f424
    - flags: bottom simplicial
    - normal:    0.5315   -0.463   0.7093
    - offset: -0.07969884
    - vertices: p171(v86) p276(v78) p485(v75)
    - neighboring facets: f416 f426 f425
- f425
    - flags: bottom simplicial
    - normal:    0.4758  -0.4873   0.7322
    - offset: -0.08251566
    - vertices: p171(v86) p126(v85) p276(v78)
    - neighboring facets: f419 f424 f427
- f426
    - flags: bottom simplicial
    - normal:    0.5292  -0.3507   0.7727
    - offset: -0.06694661
    - vertices: p171(v86) p485(v75) p721(v64)
    - neighboring facets: f408 f427 f424
- f427
    - flags: top simplicial
    - normal:    0.5084  -0.3598   0.7823
    - offset: -0.06803156
    - vertices: p171(v86) p126(v85) p721(v64)
    - neighboring facets: f423 f426 f425
- f428
    - flags: top simplicial tricoplanar keepcentrum
    - owner of normal & centrum is facet f428
    - normal:        -0       -1       -0
    - offset:    -0.1392
    - center: -0.006093131999999999 -0.1392 -0.004598168 
    - vertices: p226(v59) p818(v32) p101(v9)
    - neighboring facets: f222 f429 f320
- f429
    - flags: bottom simplicial tricoplanar
    - owner of normal & centrum is facet f428
    - normal:        -0       -1       -0
    - offset:    -0.1392
    - center: -0.006093131999999999 -0.1392 -0.004598168 
    - vertices: p226(v59) p377(v18) p101(v9)
    - neighboring facets: f347 f428 f430
- f430
    - flags: bottom simplicial tricoplanar
    - owner of normal & centrum is facet f428
    - normal:        -0       -1       -0
    - offset:    -0.1392
    - center: -0.006093131999999999 -0.1392 -0.004598168 
    - vertices: p226(v59) p70(v47) p377(v18)
    - neighboring facets: f273 f429 f322
