3
1000 134 201
0.00549571 0.0024028 0.015306 
-0.0192274 -0.0259645 -0.0014705 
0.0153682 -0.0829544 -0.00700363 
0.0111143 -0.1232 -0.0229729 
0.0253641 -0.0781015 -0.0208275 
0.0169177 -0.07149999999999999 0.0179121 
-0.00230748 -0.00318433 0.0302634 
0.0218321 -0.05365 -0.000769778 
-0.0144408 -0.0360658 -0.00983554 
-0.013089 -0.00564864 -0.0361203 
-0.0159899 -0.095136 -0.0190792 
0.0121104 -0.0785295 0.0306891 
0.0197562 -0.0362188 -0.000896677 
-0.00646498  -0.09 -0.0190033 
0.00351671 -0.103797 -0.0173629 
-0.0233376 -0.104885 -0.00613624 
-0.0119244 0.00151736 -0.035 
-0.00728917 -0.1339 4.44131e-05 
0.0187649 -0.112897 0.0187067 
0.00261547 -0.1328 0.00949182 
0.0201592 -0.0865303 -0.00984836 
0.0264289 -0.106958 0.00128855 
-0.00831754 -0.00161924 0.0250343 
0.0128237 -0.1382 -0.00480413 
-0.00737784 0.013144 -0.00670976 
-0.006977 0.00699257 0.0193048 
-0.005406 -0.1052 -0.019943 
0.0188175 -0.09842579999999999 -0.00210043 
-0.000593822 -0.08599999999999999 -0.0254265 
0.008956520000000001 -0.00769134 -0.0337817 
-0.00042787 -0.0126871 0.0205915 
-0.0237717 -0.120291 0.00347831 
-0.001 -0.0379516 0.0158656 
0.00190088 -0.0022569 -0.0365 
0.00636499 0.00558026 0.0294972 
-0.00689999 -0.128547 -0.0116662 
-0.0269101 -0.0808589 0.00495858 
0.008939570000000001 -0.0472045 0.00442809 
0.00437768 -0.00488006 -0.0225 
-0.0126005 -0.122324 -0.0257337 
-0.000395156 0.00507331 -0.0134406 
0.00636618 -0.0971365 0.0241206 
0.025214 -0.0890368 0.029163 
-0.00253895 -0.116525 0.0248026 
-0.009744269999999999 -0.1392 0.00190264 
-0.0143266 -0.1074 0.0105318 
-0.0113885 -0.058668 -0.0063746 
-0.0152222 -0.1232 -0.0148067 
-0.0152484 -0.121465 -0.00460915 
-0.005243 0.0304243 -0.00266887 
0.0112952 -0.0783166 0.0221139 
0.00162788 -0.0967575 0.0247769 
0.00595616 -0.0646795 0.000646351 
-0.00376765 0.00129296 -0.00713692 
 0.001 -0.0442871 -0.0157807 
0.00768672 -0.109495 -0.0252774 
-0.00979236 -0.1392 0.0057834 
0.000644994 -0.121384 -0.0159009 
-0.012906 -0.0823035 0.0113686 
-0.004743 -0.00365721 0.0114589 
0.0063844 -0.1052 -0.0208622 
-0.00205585 0.023035 -0.00559737 
0.010115 -0.105733 0.0219246 
0.00658969 -0.0947958 -0.0106577 
-0.018048 -0.1206 -0.006573 
0.00430762  -0.09 0.0267877 
0.000920813 -0.094 0.0266729 
-0.00691284 -0.1283 -0.00699263 
0.00308598 -0.0987986 -0.0158753 
-0.016034 -0.1232 -0.016573 
0.0218315 -0.0813728 -0.0247449 
0.009916070000000001 -0.099 -0.0133412 
-0.00579594 0.0200858 0.00148839 
-0.00343395 -0.0168492 -0.00488548 
-0.001 -0.065549 -0.0207283 
0.00629661 -0.08163860000000001 -0.0296071 
0.00806698 -0.09228450000000001 -0.0154607 
0.0396105 -0.0894351 -0.00139381 
0.0195642  -0.09 0.0109177 
-0.00706735 -0.113362 -0.0131985 
0.00421757 -0.076 0.00422018 
0.0101623 -0.08406810000000001 -0.0138323 
0.00223733 -0.078 0.027667 
0.00716227 -0.0972186 -0.0124978 
0.00280621 0.0325174 0.00527567 
-0.0060756 -0.1382 0.0142866 
-0.00247713 -0.09177440000000001 0.0174937 
0.00161965 -0.1328 0.00892219 
0.00479451 -0.000276028 0.0132446 
-0.0164364 -0.0421454 -0.0060481 
-0.0197926 -0.0310734 -0.000595936 
-0.014703 -0.0850072 0.0294856 
0.0165488 -0.0925343 0.00553203 
-0.0281377 -0.0857622 0.00180635 
-0.0019039 -0.132934 0.0178705 
 0.001 0.0209134 0.0130115 
0.00423609 -0.113501 0.0121865 
0.00540431 -0.0436278 0.00838436 
-0.0217975 -0.08599999999999999 0.0232067 
-0.00724461 -0.1252 -0.0169282 
-0.0125178 -0.104918 0.0118918 
0.0318457 -0.0831447 -0.00864358 
-0.0176183 -0.116587 0.017424 
-0.00397739 -0.07149510000000001 -0.0142453 
-0.00142365 0.0341721 -0.00569343 
0.00127683 -0.138464 0.0186381 
-0.00519382 -0.103543 -0.0259635 
0.014788 -0.113123 -0.0200439 
0.0178583 -0.103 0.0100118 
0.0225987 -0.00732905   0.03 
0.0237689 -0.07149999999999999 -0.00692963 
0.00337095 0.0103756 -0.0368043 
-0.001 -0.0544814 -0.0168862 
-0.0242717 -0.094 0.009023450000000001 
0.0203248 -0.0853834 -0.019425 
-0.00118495 -0.1392 -0.0163205 
-0.009679119999999999 -0.09618169999999999 0.0123368 
-0.0145105 -0.0863192 0.0238637 
-0.0153618 -0.0460238 -0.000266 
-0.00204732 -0.07075389999999999 -0.0140004 
-0.0083841 -0.00476675 -0.0205 
0.00848928 -0.112838 0.0123101 
0.00410069 -0.08844589999999999 0.0166485 
0.00429117 -0.09393749999999999 0.0144021 
-0.0264767 -0.094 -0.0120803 
-0.0135405 -0.038362 0.0135878 
0.01352 -0.111915 0.0209638 
-0.0183736 -0.065162  -0.01 
0.0179596 -0.094 -0.0211432 
0.00559749 -0.1232 0.0251388 
0.0241612 -0.1252 -0.00428776 
-0.00158515 -0.011 0.0329024 
0.00253886 -0.08970939999999999 0.0387937 
-0.0166903 -0.08301649999999999 0.00411941 
-0.0230218 -0.0729465 0.0119201 
0.00161989 -0.0802932 -0.0290437 
-0.0105059 -0.108 0.0216685 
0.0155469 -0.1198 0.0146357 
0.009931570000000001 -0.11036 -0.000692159 
-0.017485 -0.1198 -0.01482 
-0.0170179 -0.0321774 -0.0164 
-0.0210238 -0.0858406 0.007886789999999999 
-0.0128482 -0.111485 -0.000959629 
0.0159843 -0.07464179999999999 -0.0205994 
0.0229665 -0.0941932 0.00921194 
0.009315739999999999 -0.09599249999999999 0.0102075 
0.0065722 -0.119297 -0.0229582 
-0.0138594 -0.0395273 0.00933757 
-0.0202898 -0.08599999999999999 -0.0227983 
-0.00970097 -0.1237 0.00204678 
0.0263438 -0.102902 -0.00250086 
-0.0302185 -0.08599999999999999 -0.000317147 
-0.0182354 -0.0723674 0.0173567 
0.016585 -0.120635 0.0117744 
-0.00480806 -0.00165418 -0.0113208 
0.0133832 -0.0534493 -0.00128627 
0.0119731 -0.07539179999999999 0.00501879 
-0.0177167 -0.103 -0.0124019 
0.0166198 -0.0938416 -0.009049389999999999 
-0.0166958 -0.129119 -0.00652836 
-0.00383959 -0.0222168 0.00711617 
-0.0194294 -0.1206 -0.0121015 
0.021744 -0.0541949 -0.000775165 
0.0126994 -0.07614020000000001 -0.00242111 
0.009718900000000001 0.0327121 0.00212212 
0.00236999 -0.131705 -0.00250094 
-0.0225299 -0.0444869 -0.0069843 
-0.000322732 -0.1283 -0.0134175 
-0.0144173 0.00399821 0.0367581 
0.011622 -0.111223 -0.022011 
-0.0303437 -0.0939823 -0.0050157 
0.0204311 -0.105508 -0.0167678 
-0.0296063 -0.0813252 -0.00511726 
0.0284191 -0.0796514 0.0047573 
0.00570082  0.038 0.00581005 
-0.0323927  -0.09 0.0106948 
-0.0181118 -0.07304570000000001 0.0100219 
0.0112466 -0.09385 -0.0122554 
-0.00372046 -0.125593 0.0180152 
0.018456 -0.0199676 0.000976164 
0.0225802 -0.008116379999999999 0.0251301 
-0.0317196 -0.08699999999999999 0.0128074 
-0.024857 -0.0855305 -0.00234225 
0.010277 -0.083777 -0.0270544 
0.00643255 -0.120937 0.0162517 
-0.0101848 -0.0109061 -0.000798926 
0.0140393 0.00721656 0.0252016 
0.0224056 -0.107344 0.00905716 
-0.00832862 0.0355557 -0.00545677 
0.0228212 -0.107951 -0.0133095 
-0.0056884 -0.101 0.0186281 
0.0259864 -0.10652 0.00497142 
-0.0207896 -0.0371906 0.00367841 
-0.0008113 0.0044459  0.036 
0.0164312 -0.0783755 -0.0188013 
-0.0151453 -0.0981967 -0.0217234 
-0.0183183 -0.0327285 -0.0159922 
-0.0192249 -0.0709925 0.0113785 
0.00214886 -0.0408982 -0.0100492 
0.009419139999999999 -0.09372179999999999 0.0146803 
0.0331011 -0.08802310000000001 0.0153647 
-0.0123961 -0.105161 0.0207683 
-0.0159975 -0.112346 -0.008541419999999999 
-0.0119583 -0.1299 -0.000501524 
0.00705117 -0.107891 -0.0132389 
-0.011974 -0.0348398 0.000868026 
0.0272914 -0.116998 0.0109247 
-0.0128008 0.009222350000000001 -0.0365448 
-0.0218035 -0.0960493 -0.00280422 
-0.0115742 -0.107527 0.00975789 
-0.00750828 0.0064773 0.0159845 
0.0223887 -0.07149999999999999 0.0100151 
-0.0133235 -0.09385 0.0101198 
0.00482476 -0.122951 0.0244409 
-0.003713 -0.0183772 0.00469144 
0.0104248 -0.135469 -0.0108958 
0.00279059 -0.08599999999999999 0.0254661 
-0.0134131 -0.0343111 0.013588 
0.00325126 0.00224294 -0.008717300000000001 
-0.001 -0.0668661 -0.0239993 
0.00377017 -0.106802 0.0261252 
0.00236532 0.0123642 0.0149695 
-0.00599201 -0.000308745 -0.0142991 
-0.00819246 -0.0784604 0.0141062 
-0.0153297 -0.094 0.0241045 
-0.00281124 0.00386551 -0.0170033 
0.0329432 -0.0850532 0.000593893 
0.0175613 -0.1244 -0.00102862 
-0.014349 -0.116373 0.0110949 
0.00584957 -0.000248367 -0.0127292 
-0.0204548 -0.08599999999999999 -0.0169916 
0.0148456 -0.100568 0.0189451 
-0.0221155 -0.0335908 -0.00175384 
0.0190857 -0.0913638 0.0260541 
-0.00843285 -0.0783644 0.0145019 
0.0115156 -0.010468 0.00150764 
-0.0240021 -0.094 0.00446162 
0.00745273 0.0276719 0.00655514 
-0.0245289 -0.09677470000000001 0.00443776 
0.0256958 -0.1232 0.00517149 
0.00718079 -0.08146780000000001 0.0294171 
-0.000370625 -0.00255297 0.0335 
-0.0266516 -0.121299 0.00878484 
0.00378527 -0.09470000000000001 0.00901657 
-0.012605 -0.121609 0.0255348 
0.0122837 -0.0970172 -0.023378 
-0.0140812 -0.094 0.0219599 
0.00119099 -0.00376741 -0.0129262 
0.000392718 -0.0952696 -0.0168447 
-0.0159027  -0.09 0.0124977 
0.0157662 -0.1299 -0.00709181 
0.000337851 -0.07615379999999999 0.0105715 
-0.0108074 -0.0985438 -0.0155286 
-0.008251039999999999 -0.0968208 0.0200215 
-0.0169358  -0.09 0.0287234 
0.0132992 -0.082494 -0.0272008 
-0.0185515 -0.094 0.0121047 
0.0120209 -0.008951280000000001 0.0217584 
-0.0247932 -0.113573 0.00274121 
-0.0158997 0.00159487 -0.035315 
0.0133226 -0.07149999999999999 0.0108545 
0.00733403 0.00519208 -0.0367 
0.0244924 -0.089 -0.008201450000000001 
-0.00754728 -0.13305 -0.00152992 
-0.024947 -0.0990822 0.00891338 
-0.0190671 -0.097 0.00364525 
0.00261624 -0.078 0.0323458 
-0.0215161 -0.115871 -0.0126882 
0.000399746 0.00413453 -0.0159423 
-0.0200508 -0.09505329999999999 0.0122539 
-0.0169722 -0.0422435 0.00902964 
0.00987818 -0.12952 -0.0113547 
0.01872 -0.1198 0.00441077 
-0.00456761 -0.0382048 0.00386432 
0.0238603 -0.09444370000000001 0.00734793 
-0.0121207 -0.106 -0.0104546 
-0.0146333 -0.078 0.0252627 
-0.0123437 -0.12714 -0.00931746 
-0.0149178 -0.0417988 0.0060298 
0.0112705 -0.099 0.00642025 
-0.00441774 -0.00398165 -0.0186267 
0.0134779 -0.116173 0.0210229 
-0.00239699 -0.09707200000000001 0.0172835 
0.0220352 -0.0495693 -0.000757365 
0.0166038 -0.134891 -0.00693424 
0.0218629 -0.116918 0.0119059 
-0.00516605 -0.1293 0.0123669 
-0.00285969  0.038 0.00726879 
-0.00483444 -0.1237 0.00392021 
-0.0194525 -0.0331916 -0.0151752 
0.0314807 -0.092845 0.00202676 
0.018128 -0.09418890000000001 0.0144573 
-0.000889983 0.00400909 0.0159487 
0.0169493 -0.081442 0.0249383 
-0.0135858 -0.07348200000000001 -0.0113832 
-0.0121071 -0.13285 0.00579905 
-0.0116559 -0.0554694 -0.00487012 
-0.00539263 -0.123065 -0.0243479 
-0.00059776 -0.1343 0.0105445 
0.0252176 -0.08710610000000001 -0.0243665 
0.00142837 -0.0006405579999999999 0.008264280000000001 
0.0302279 -0.0948073 -0.000481254 
0.013741 -0.07149999999999999 0.0150031 
0.008087489999999999 -0.0804682 -0.0148216 
-0.00310076 0.00759634 0.0371502 
0.00195692 -0.103 0.0219071 
0.0104302 -0.108033 0.014842 
-0.0043983 -0.124506 -0.00236089 
0.00745671 -0.0779591 0.00519993 
-0.0181671 -0.0843245 0.0171737 
0.015176 -0.089 -0.0194812 
-0.00325016 -0.0022447 0.000363367 
-0.000359689 0.00392977 -0.031569 
-0.0164616 -0.0750567 -0.0134795 
0.00679214 -0.133606 -0.014043 
0.00147332 0.0146853 0.0180138 
0.0194282 -0.0815726 -0.0111378 
-0.0293712 -0.0819957 0.00814058 
-0.01845 -0.131337 0.00531356 
0.0168438 -0.0974507 -0.00190529 
-0.00674471 -0.08699999999999999 -0.0332708 
-0.0167289 -0.0791695 0.0284371 
0.0125549 -0.115568 -0.00417368 
0.00591153 -0.0129652 -0.000757689 
-0.0222557 -0.081624 0.0207584 
0.0136874 -0.09723900000000001 -0.00434317 
0.008615680000000001 -0.12569 0.016219 
-0.0129272 -0.031765 -0.00699335 
0.0164186 -0.0117559 0.0264561 
-0.0187113 -0.125036 -0.0132513 
-0.0269687 -0.0899543 0.00895551 
-0.0159462 -0.105495 -7.19789e-05 
-0.00322892 -0.08787739999999999 0.0165615 
0.008372910000000001 -0.12685 -0.015312 
0.010922 -0.094971 0.00957977 
0.00132705 -0.09857150000000001 -0.0168079 
-0.00719951 -0.0722812 -0.00528728 
0.0177085 0.00711368 0.0385 
-0.00669519 -0.1046 -0.0231348 
-0.00285965 -0.0104653 0.037779 
0.0134 -0.08599999999999999 0.028357 
0.00850742 0.0147132 -0.00521376 
-0.0257602 -0.124848 -0.0060935 
-0.00112412 -0.0756727 0.0145874 
0.0126284 -0.07149999999999999 0.0116254 
0.00260506 -0.0928841 -0.0187402 
0.00252629 -0.0112836 0.00543276 
0.00993051 0.000484026 -0.0192057 
-0.0295583 -0.09036139999999999 0.0142066 
0.0104615 -0.00993235 -0.00201843 
-0.0273895 -0.0909229 -0.0175449 
0.00589178 -0.0456055 0.00106234 
-0.0143084 -0.0591899 0.00484949 
 0.001 -0.0491099 0.0173342 
-0.00132511 0.00374121 0.0187378 
0.0179157 -0.06343799999999999 0.00100919 
-0.00177505 -0.00353472 0.00135179 
-0.0159684 -0.0418831 0.00994505 
0.00101494 -0.06664929999999999 -0.0173892 
0.0237998 -0.094 -0.0138426 
-0.0070239 -0.116731 -0.0256463 
-0.0103603 -0.0372199   0.01 
0.0157286 -0.104145 0.00241389 
-0.008502829999999999 -0.0507429   0.01 
0.022999 -0.108 -0.009349039999999999 
0.0145323 -0.109928 -0.010873 
-0.0153183 -0.114418 -0.00964775 
0.007883039999999999 -0.0060964 -0.0179404 
-0.00300983 -0.0969 -0.0103986 
-0.0245821 -0.0847157 -0.00441391 
0.00381053 -0.0835819 0.0246878 
0.00644531 -0.09861449999999999 -0.0073989 
-0.009949950000000001 -0.0784 0.00717493 
-0.0273768 -0.0791391 -0.00668996 
0.0184779  -0.09 0.0107197 
-0.0273453 -0.078 0.0174518 
-0.0194066 -0.1272 0.00970058 
0.0095479 -0.07946930000000001 0.0272445 
0.000102448 -0.00533857 -0.0105 
-0.00319523 -0.104009 0.0172673 
-0.0172493 -0.0405784 0.00422796 
-0.0209066 -0.0335946 -0.00634368 
0.0169072 -0.132317 0.00292592 
0.0151895 -0.0946533 0.0217146 
0.0121378 -0.135189 -0.00592694 
0.00567091 -0.00421695 -0.00184717 
-0.00252639 -0.085395 -0.0170119 
-0.0116248 -0.0816095 0.024084 
-0.001 -0.0430576 -0.0137765 
-0.0116306 -0.113354 0.00945414 
0.00106098 -0.0957851 0.0235888 
0.00461542 -0.0942969 0.0163135 
-0.0129763 -0.1293 -0.0022795 
0.00584957 5.7243e-05 -0.00330194 
0.0242493  -0.09 0.010986 
-0.000769645 -0.011 -0.0337437 
-0.00103201 -0.08599999999999999 -0.0273149 
0.0218115 -0.078 0.0171297 
-0.00167258 -0.097 -0.0241919 
-0.00118163 0.00376924 0.00712075 
0.0163162 -0.0239734 0.00110697 
0.0111686 -0.119421 -0.0142139 
0.008302500000000001 -0.0715933 -0.00365138 
-0.0110891 -0.0976249 -0.00188651 
0.00825766 -0.078 0.0279396 
-0.00594388 -0.0194252 0.000498026 
-0.0187165 -0.1382 -0.00103473 
-0.0156109 -0.0947226 0.00644803 
-0.0142794 -0.110586 -0.0204996 
-0.00803542 0.00261006 0.026536 
0.0098575 -0.129856 0.0165171 
0.000952178 -0.00113926 -0.0372296 
-0.00547278 -0.0484158  -0.01 
-0.00433828 -0.08998 0.0279694 
0.0142885 -0.117906 -0.00589803 
-0.0274172 -0.117523 0.0102848 
0.0212679 -0.08599999999999999 -0.0163508 
-0.00303619 -0.0349335   0.01 
0.00122875 -0.129169 -0.00119794 
-0.0218978 -0.0963943 0.0120355 
-0.0142867 0.00248089 0.0368726 
-0.009989670000000001 0.000112204 0.000604311 
-0.00876366 -0.0942311 -0.0100608 
-0.0291528 -0.0803764 -0.00146731 
0.021643 -0.094 0.0187479 
-0.0137596 -0.129645 0.00710196 
-0.00516051 -0.1237 -0.00937259 
0.00129756 0.00835381 0.0260378 
-0.00112813 -0.00584253 0.00736551 
 0.001 -0.0653989 -0.0176065 
-0.0299826 -0.08436 0.013664 
-0.00853923 -0.095818 0.0137717 
0.00187624 -0.00273232 0.0335 
-0.00421073 0.0149869 0.00422119 
0.0291683 -0.08142190000000001 0.00293959 
0.0018648 -0.095418 -0.0173403 
0.0168476 -0.08344269999999999 0.0011106 
-1.32648e-05 -0.050014 0.0059989 
-0.00121319 -0.07497860000000001 0.008314149999999999 
0.009845120000000001 -0.1328 -0.009456559999999999 
0.00832364 -0.073 -0.0151634 
0.0143793 -0.0954517 0.00897478 
-0.0125264 -0.0888192 0.018073 
0.00882747 -0.0833255 -0.0206817 
-0.0142992 -0.11541 -0.0020805 
-0.00444391 -0.1299 0.00864813 
-0.00422606 -0.00928534 0.0205 
-0.00448196 -0.09155770000000001 0.0183955 
-0.008602800000000001 -0.1183 -0.0111551 
0.009531609999999999 -0.1269 0.00750369 
0.0146407 -0.136072 -0.00547245 
0.0109033 -0.0962591 -0.0129772 
-0.0250794 -0.0915048 0.0202403 
-0.0214096 -0.1206 -0.0015656 
0.0215666 -0.0745292 -0.00594627 
0.0138902 -0.08229359999999999 0.020764 
-0.00981891 -0.0655674 0.00135372 
0.008807580000000001 -0.105206 -0.0169696 
0.00813737 -0.1223 0.0236193 
0.0288358 -0.08599999999999999 -0.0119819 
-0.0176017 -0.024937 0.00419507 
0.00375794 -0.09483750000000001 -0.0144293 
0.00339374 -0.0929681 0.0313269 
-0.00724387 -0.1237 -0.000179269 
-0.0240478 -0.1166 -0.00547522 
-0.00351834 -0.121585 -0.0207786 
-0.0171938 -0.115776 -0.0180794 
-0.00103807 -0.076 0.0100343 
-0.0147883 -0.1299 0.00435399 
0.00731638 0.00423209 0.02934 
0.00542947 -0.0639533 -0.00237506 
-0.00275627 0.00528383 -0.0103553 
0.0156275 -0.112864 0.00873726 
-0.00935511 -0.1269 -0.00602408 
-0.0135237 -0.0831692 0.0163569 
0.00722329 -0.0341926 0.00685135 
-0.0301697 -0.0824616 -0.00287214 
-0.00486461 0.00691891 -0.0256008 
0.0171326 -0.0807861 -0.0160118 
0.0107351 -0.132393 -0.0144169 
-0.0228894 -0.0365512 0.000872356 
0.0249835 -0.122894 -0.000157065 
0.0352388  -0.09 0.00644729 
0.0196186 0.0112946   0.03 
0.0131151 -0.08458019999999999 0.010633 
0.0182979 -0.0314104 0.0009858289999999999 
-0.0197935 -0.11358 -0.0151296 
0.0118614 -0.124594 -0.0139733 
0.00191414  -0.09 -0.0355536 
-0.0324968 -0.08699999999999999 0.011726 
-0.00370296 0.0102077 -0.0122762 
-0.0215121 -0.1198 0.00731985 
-0.019562 -0.06614539999999999 -0.00812878 
0.0142582 -0.113857 -0.0112069 
-0.00182965 -0.00406363 -0.010872 
0.0124436 -0.1232 0.0219405 
0.0161937 -0.133005 -0.00873722 
0.00577776 0.00816881 -0.0174324 
0.0193801 -0.0784344 0.026678 
-0.008630240000000001 -0.0937359 -0.00835371 
-0.0156147 -0.082313 -0.0170808 
0.00685725 -0.09420820000000001 -0.008927910000000001 
0.01685 -0.0985849 -0.000169733 
0.0245324 -0.1232 0.00853316 
0.0114006 -0.0885032 0.0270496 
-0.0149618 -0.09374540000000001 0.0166073 
0.00246572 -0.131787 -0.0190404 
-0.0236899 -0.0336766   0.01 
0.0048383 -0.09397179999999999 0.0304289 
-0.0121705 -0.0399034 -0.00393075 
-0.0024477 0.00309204 0.00598315 
0.0258898 -0.123738 -0.007891840000000001 
-0.0349299  -0.09 -0.00287889 
-0.011 0.00189602 -0.030593 
-0.0107059 -0.113172 -0.0146083 
0.0183649 -0.094 0.015344 
0.0221892 -0.08599999999999999 0.0156097 
-0.0151219 -0.08340740000000001 0.0149904 
0.0191299 -0.101 -0.011731 
0.000839684 -0.0486861 -0.00585988 
-0.00962114 0.00561404 0.00272584 
0.00770356 -0.08387790000000001 -0.0153538 
-0.00485276 -0.1052 0.0219014 
-0.0132631 -0.09279999999999999 -0.00170661 
0.00134234 -0.076 -0.0007732490000000001 
0.0116307 -0.0827328 -0.026853 
-0.017283 -0.0933454 0.00234017 
0.00534801 -0.103531 -0.00607518 
-0.0186775 -0.08047410000000001 -0.0225275 
0.00307087 -0.0707923 0.00510968 
-8.67874e-05 0.00518199 0.0146867 
 0.001 -0.0478782 0.014666 
 0.001 0.0196627 -0.0142699 
0.00503953 0.00121792 -0.0163724 
-0.000325459 -0.0906487 -0.0326583 
0.00360262 -0.1283 -0.00238959 
-0.0259841 -0.123643 0.00474515 
0.00327084 -0.00288188 -0.0170314 
-0.009467629999999999  -0.09 -0.0164476 
0.00663386 -0.122796 -0.0228144 
-0.0120072 -0.0397104 0.00321891 
0.0134515 -0.132908 0.00362738 
-0.0158256 -0.112094 -0.0192156 
-0.00479206 -0.0706459 0.00357381 
-0.008958860000000001 -0.09483750000000001 0.0120713 
0.0209089 -0.097 -0.0113437 
-0.00584601 -0.0926124 0.020043 
0.00710594 -0.1382 0.0142007 
-0.0120849 -0.1249 0.00288446 
-0.0139073 -0.106 0.008157950000000001 
-0.000797371 -0.1222 -0.00451721 
-0.0132255 -0.1198 -0.0127588 
-0.00490171 -0.097 0.0234486 
-0.00468897 0.00702928 0.0263627 
0.0176801 -0.104235 -0.0197196 
0.0152124 -0.09200750000000001 0.008645659999999999 
-0.0113779 -0.118183 0.0248946 
-0.00699216 0.0264987 0.00701512 
0.0267736 -0.0812745 0.0192823 
-0.0249057 -0.108743 0.00163896 
0.00431867 -0.1222 -0.00106274 
-0.0125277 -0.0892979 0.0117671 
-0.0127194 -0.1293 -0.00357122 
0.00190657 -0.0858975 0.0327824 
-0.0267525 -0.094 0.00888892 
0.00417911 -0.1269 -0.0101397 
-0.00438779 -0.0969409 -0.0168872 
-0.00753455 -0.1222 -0.00633315 
0.0145394 -0.00356779 0.0275111 
-0.0225342 -0.0371529  0.011 
-0.0214371  -0.09 0.00252727 
0.00880704 -0.1293 -0.009894139999999999 
0.00831464 -0.135285 -0.0105804 
-0.0268942 -0.08269609999999999 -0.000649574 
0.00304686 -0.0762925 0.0260461 
-0.00117416 -0.124614 -0.0264104 
-0.00176694 -0.004421 0.011262 
0.0133291 -0.084624 -0.0255745 
0.00841532 -0.133844 0.0039773 
0.00594232 -0.008622390000000001 0.0005478529999999999 
-0.0160779 -0.121036 0.00688639 
0.00614968 -0.107966 0.0125717 
-0.00990679 0.0169981 0.000426339 
0.0024041 -0.129943 -0.0173328 
-0.0168826 -0.083389 0.0184187 
-0.0263546 -0.101549 0.00200737 
-0.00614222 -0.1197 -0.0116688 
0.0190938 -0.094 -0.00796673 
0.00457792 -0.1206 0.021443 
-0.00282418 0.00385594 -0.0151526 
-0.00177706 -0.00374797 0.0163976 
0.00334 0.00342416 -0.0117022 
0.0191531 -0.100234 -0.018166 
 -0.01 -0.0485465 -0.00156368 
-0.00652173 -0.0979857 -0.00918835 
0.0189884 -0.0965 0.0226645 
0.0130089 -0.124645 0.0232799 
-0.0055938 -0.00216427 -0.0167566 
-0.0291108 -0.0824117 0.00855627 
 0.011 0.000728249 -0.0336376 
0.0142886 -0.09511989999999999 0.00279805 
0.0109931 -0.0784 0.00780271 
-0.00666689 -0.073 0.0155218 
-0.015182 0.00488422 -0.035018 
0.000722311 -0.09991849999999999 -0.0112623 
-0.00213411 0.00329843 0.0259818 
-0.0116538 -0.0833265 0.0250459 
0.00448661 -0.0935729 0.0213895 
-0.0126974 -0.0956356 -0.00410347 
-0.0162017 -0.08225159999999999 0.0134866 
0.0104755 -0.0784 0.00473021 
-0.0260229 -0.040008 -0.00520509 
-0.0304754 -0.0829637 0.0126072 
-0.014246 -0.0661118 -0.0014241 
0.0189057 -0.128602 -0.00547026 
-0.00384109 -0.094 -0.02988 
0.0290888 -0.08889660000000001 -0.00275346 
0.0319844 -0.08699999999999999 -0.013755 
0.0206987 0.009148089999999999 0.0363336 
-0.0108688 -0.0781 0.00641892 
-0.00843387 -0.0418382 -0.00781864 
0.000695747 -0.00595576 -0.0154712 
-0.00707219 -0.0951914 -0.01404 
0.00304439 0.0141032 -0.00969792 
0.00552578 -0.1382 0.00836489 
-0.00663184 -0.129232 0.0140018 
-0.0127346 -0.114459 0.007922729999999999 
0.00473737 -0.0816086 0.026187 
0.0152958 -0.0825664 -0.0253835 
0.0121166 -0.119869 -0.00281722 
-0.0268679 -0.0354201 0.00862603 
-0.009715150000000001 -0.101 -0.0190409 
0.0045722 -0.0790691 0.0244352 
-0.0127129 -0.0826331 -0.0185102 
0.0226159 -0.0841614 0.0102623 
-0.00102866 -0.0576469 -0.00951081 
-0.0262037 -0.0795515 0.0104087 
0.00416658 0.00137689 0.0115825 
0.0186872 -0.0983243 -0.016422 
-0.00024278 0.009651180000000001 0.00594459 
-9.51518e-05 0.00398144 0.0191869 
0.00115375 -0.0832358 0.0168545 
-0.00395564 -0.1052 -0.0195147 
-0.00553465 0.0152344 0.00219847 
-0.0241509 -0.110429 0.00604468 
-0.0267007 -0.08599999999999999 0.0190588 
-0.0144973 -0.0394384 -0.00212591 
-0.0179115 -0.12685 0.00326145 
-0.001 -0.0443437 -0.0188383 
-0.0143484 -0.120635 -0.0161567 
-0.009285430000000001 -0.0952756 -0.0114724 
0.00353871 -0.1283 -0.00464497 
-0.0067588 -0.00448026 -0.0384673 
0.0234505 -0.094115 -0.0200945 
0.019335 -0.0824883 -0.0207713 
0.00500245 -0.08759550000000001 -0.0270565 
-0.000155192 -0.127341 0.0171903 
0.0155187 -0.0970748 -0.007958089999999999 
0.00134627 0.0304358 -0.0110292 
-0.0129754 -0.08807710000000001 -0.0112193 
-0.0169552 -0.0707441 -0.0103025 
0.00224739 -0.0748664 -0.013098 
0.00414269 -0.119042 -0.0125788 
-0.016078 -0.0968203 -0.00246392 
0.0131766 -0.047675 0.00129889 
0.00589591 -0.0351872 0.00103568 
0.0261526 -0.1232 -0.00111098 
0.0131691 -0.12046 -0.0114887 
0.0115833 -0.133653 -0.00800741 
-0.026195 -0.118513 0.00333218 
0.009560020000000001 -0.0793034 -0.0203254 
-0.009720909999999999 -0.0201024 -0.00714372 
-0.0212649 -0.094 -0.00400622 
-0.00468561 -0.094 0.0253647 
-0.00152542 0.000278307 -0.0115269 
0.0154516 -0.126489 0.00991004 
-0.0183064 -0.097 -0.00501346 
0.00329707 0.00496989 -0.0094737 
-0.00300131 -0.102621 -0.0262509 
0.00286371 -0.1328 0.00281492 
-0.012576 -0.00617607 0.0367 
-0.0127069 -0.0297556  -0.01 
0.0153858 -0.1198 -0.0104798 
-0.00487552 -0.0615354 -0.00348569 
0.008529999999999999 0.00507416 -0.0113295 
 0.011 -0.00110948 -0.0313095 
-0.0211521 -0.0339871 0.0045469 
0.0117861 -0.045258 -0.00143944 
-0.00440603 0.000767747 0.0203675 
-0.008006849999999999 -0.00310893  -0.03 
-0.0249351 -0.0843609 0.00130644 
-0.0109146 -0.1252 0.0152248 
0.0114338 -0.0163906 -0.00152964 
-0.00371085 -0.1232 0.0230352 
0.0303025 -0.0913351 -0.0112161 
0.0121484 -0.0825473 0.0239272 
0.0119863 -0.0947746 0.0200367 
-0.00603723 -0.1198 -0.0189854 
0.0188331 -0.07204240000000001 0.0173496 
-0.00343444 0.00190423 -0.0263149 
0.023481 -0.0820973 -0.0196557 
-0.0142072 -0.1198 -0.0127444 
0.00995734 0.0358293 -4.56636e-05 
0.0122352 -0.09408420000000001 -0.0124295 
-0.001697 -0.0994968 -0.0247071 
-0.019516 -0.09350890000000001 -0.0202858 
-0.0277841 -0.0965 -0.00249311 
0.0167338 -0.097 0.011292 
0.0155881 -0.0812191 0.0195406 
-0.020753 -0.0353053 -0.008128460000000001 
-0.0247113 -0.09562900000000001 0.00324608 
-0.0177913 -0.0924821 -0.0262713 
-0.00219891 -0.0660806 -0.007850630000000001 
0.0230276 -0.08191809999999999 0.009307910000000001 
-0.011723 -0.0363231 -0.00707336 
-0.0096621 -0.00246065 -0.0163163 
0.00616046  -0.09 0.0274157 
-0.008580519999999999 -0.1382 0.010391 
0.0146324 -0.08468820000000001 -0.009040350000000001 
0.0179811 0.0150887 0.0243425 
-0.0167964 -0.041421 0.00213678 
-0.00433649 -0.0122608 -0.00688892 
0.00565561 -0.0934 0.0123289 
0.00167752 0.0035989 0.0198888 
0.00448152 -0.1382 0.0142154 
0.00981079 0.00578733 -0.00269939 
-0.007754 -0.0489952   0.01 
-0.0189957 -0.078 -0.0262344 
0.0105205 -0.0056254 -0.00197434 
0.0264248 -0.119336 0.00110491 
-0.0174161 -0.097 -0.0172823 
-0.008683990000000001 -0.1293 -0.00349635 
-0.0279322 -0.0803282 0.00128767 
-0.017724 -0.114074 0.00239055 
-0.008003909999999999 -0.1392 0.00723581 
-0.00230527 -0.09545969999999999 -0.00633358 
-0.0134543 -0.1244 -0.008835620000000001 
-0.0199691 -0.106212 -0.0135093 
0.0129452 -0.025747 -0.00131304 
-0.0159045 -0.0405933 -0.000296485 
0.00666034 -0.102565 0.00260872 
0.014158 -0.1173 0.009344689999999999 
0.0211088 -0.0976842 0.0159169 
-0.00290732 -0.0900943 -0.0187616 
-0.00731346 -0.094794 0.0138855 
-0.0151258 -0.0418463 0.00354581 
-0.0171718 -0.0931786 0.00298319 
-0.000420011 0.037344 0.00590414 
-0.0115613 -0.0951661 -0.0220921 
-0.0175945 -0.08599999999999999 -0.0213988 
0.0109041 -0.13295 -0.00710705 
0.0156539 -0.129407 -0.00361694 
0.0228263 -0.1198 -0.00665844 
-0.0100885 -0.08699999999999999 0.0316189 
0.00329315 -0.00217579 0.0187065 
-0.00291416 0.0150823 0.0366533 
-0.001 -0.0393023 -0.0148393 
-0.0233256 -0.112108 -0.00848839 
0.0352664  -0.09 0.00675533 
-0.0133461 -0.034482 -0.000700667 
-0.0216488 -0.035922 -0.001016 
0.0202945 -0.0853501 -0.0259823 
-0.017928 -0.0993226 -0.00551841 
-0.0204769 -0.0421624   0.01 
0.0014124 -0.08225349999999999 -0.0279162 
0.00953567 -0.0943485 -0.0139191 
0.0232236 -0.113348 -0.00876447 
0.00907407 -0.0946239 -0.00668408 
0.0116797 -0.0122132 -0.00146614 
0.00567979 -0.123193 -0.0185726 
-0.0115242 -0.0249073 0.00220607 
0.0137666 -0.078 0.0237493 
0.0217622 -0.100241 0.0109872 
0.0267012 -0.0877928 0.00577851 
0.0105289 -0.1299 0.00180497 
-0.0231613 -0.0974589 -0.0128446 
0.0163045 -0.094627 0.0213651 
0.011437 -0.08699999999999999 0.033424 
-0.0154923 -0.0412376 0.00784431 
0.0177138 -0.131144 -0.00275181 
0.000465879 -0.08208360000000001 0.0329564 
0.0184601 -0.110833 0.0167014 
-0.0252767 -0.0832536 0.0109356 
-0.0168477 -0.1252 -0.0178756 
-0.0154864 -0.0831013 0.00676016 
0.0203064 -0.09517970000000001 -0.0218101 
-0.00255546 0.00302111 0.000751697 
0.00207599 -0.1299 -0.00483766 
0.00426987 -0.09625010000000001 0.016333 
0.0115635 -0.0773032 -0.00083749 
0.0120006 -0.0273923 -0.00138337 
-0.00491778 -0.119403 0.0123401 
-0.0163714 -0.107214 -0.0177182 
-0.00712917 -0.1382 0.00488115 
0.0152502 -0.08820119999999999 0.0134663 
 0.001 -0.0602534 -0.0235916 
0.00900251 -0.0960811 -0.0248543 
-0.0143758 -0.0981654 0.020212 
-0.0164822 -0.097 0.0136508 
-0.0229083 -0.1198 -0.00498711 
-0.0241112 -0.0818555 -0.0107623 
0.0211286 -0.08500000000000001 -0.00898616 
-0.019899 -0.078 0.0186559 
0.00965862 -0.0422024 -0.00295458 
0.018082 -0.117137 -0.00147689 
-0.0074496 -0.0969 -0.00728084 
0.000349081 -0.124401 0.0126556 
-0.0165302 -0.0303378 0.00220584 
-0.0288743 -0.0927072 0.0129357 
-0.0121038 -0.111427 0.0042704 
0.00339083 0.0117373 0.0100004 
-0.0254771 -0.103602 -0.00697114 
-0.0070129 -0.09963379999999999 0.0237258 
-0.0109451 -0.0775 -0.00477562 
-0.00923036 -0.105442 0.0144059 
-0.0337417  -0.09 0.000861579 
0.0160079 -0.110447 -0.008517159999999999 
-0.0177539 -0.108236 0.0020198 
0.0322038 -0.0829756 -0.00718786 
-0.0125967 -0.078 0.0245004 
-0.008053869999999999 -0.0822189 0.0285191 
0.00229045 0.0252978 0.00551528 
0.00598431 -0.1237 0.00306018 
-0.000850846 -0.07586759999999999 -0.0189238 
-0.0192658 -0.0317149 0.00335189 
-0.0067138 0.00519111 0.0237882 
0.00195719 -0.1293 0.0116759 
0.0162909 -0.00381885 -0.0009368859999999999 
-0.00832545 -0.0185909 0.00575885 
-0.00779944 -0.102449 0.0138493 
-0.0173361 -0.0399174 -0.0163002 
0.0119874 -0.1283 0.00375534 
-0.00206759 -0.0300112 -0.00559327 
-0.024585 -0.108628 0.00433115 
0.0137306 -0.0939189 -0.0130558 
-0.00700401 -0.105412 0.0102933 
-0.00519492 -0.0921222 0.0160687 
0.0120463  -0.09 0.0174699 
-0.007940340000000001 0.0028818 0.0291941 
0.00224961 -0.133444 0.00135647 
-0.001 -0.0267245 0.0187316 
0.000975993 -0.0968036 0.017413 
-0.00165226 -0.1344 0.00721829 
-0.008559560000000001 -0.1392 0.0140731 
0.00649281 -0.00408332 -0.0205 
-0.0205303 -0.08500000000000001 0.0117853 
-0.00250954 -0.0305139 0.00543862 
-0.00952836 -0.0938687 -0.0132279 
 0.001 -0.0542443 -0.0190265 
0.0107978 0.00379429 0.0331543 
0.0170746 -0.094 0.00993102 
-0.00155513 -0.1299 0.0127399 
0.0164866 -0.0969769 0.00584083 
0.0105952 -0.0934 0.0100318 
-0.00246173 -0.1222 -0.00261628 
0.00035597 -0.09498280000000001 -0.0068446 
0.0208982 -0.0673274 -0.000909805 
-0.0128778 -0.063851 0.00147833 
0.009875220000000001 -0.1332 -0.00369093 
0.00328247 0.0253145 -0.00486419 
0.0219898 -0.0829261 0.0158941 
0.00199978 -0.0231737 -0.00561699 
-0.0116008 -0.08500000000000001 -0.0209827 
0.00505572 -0.113998 0.0140839 
0.00161143 -0.000143927 -0.0328733 
-0.00125666 0.00582775 0.010829 
-0.0115858 -0.0813038 -0.027589 
0.00283467 -0.0781 -0.0154208 
-0.0156356 -0.1252 -0.0177099 
-0.0170983 -0.1074 -0.00305226 
0.00448509 -0.08599999999999999 -0.0272928 
0.0164614 -0.13509 -0.00753306 
0.00761604 0.009031819999999999 0.0321521 
-0.0152284 -0.094 0.021682 
0.0162708 -0.0796365 -0.00553217 
0.00552723 -0.09674149999999999 0.0165952 
-0.0115278 -0.09306449999999999 -0.0130871 
0.010678 -0.126973 -0.0158733 
0.000967333 -0.00327153 -0.0365 
0.00400016 -0.0930298 -0.0105518 
-0.00135597 -0.0698415 0.0248544 
0.00276808 -0.130206 0.0189988 
-0.0153902 -0.0787322 -0.0170207 
-0.00458789 -0.08599999999999999 0.0251134 
0.0220016 -0.1252 0.00286535 
-0.0067042 -0.0976336 -0.0240073 
-0.0125622 -0.0888549 -0.0341768 
-0.00719232 -0.078 -0.0250578 
 -0.01 -0.00528021 -0.00966612 
-0.00636477 0.00760876 0.0196599 
0.000651294 -0.124216 -0.00103705 
0.0127447 -0.108392 -0.0125259 
-0.0216885 -0.0762642 0.00574672 
0.00541768 0.0211628 -0.00840085 
0.00850939 -0.008243 0.00510892 
-0.0234062 -0.08860419999999999 -0.0176816 
0.00567344 -0.0722385 0.000543773 
-0.0318023 -0.0916424 -0.00470233 
-0.00735053  -0.09 0.0215801 
-0.0123429 -0.110295 -0.013294 
-0.0177025 -0.04017 0.0072671 
-0.00838011 0.00666777  -0.03 
0.0144308 -0.0915219 0.00972838 
0.00189102 -0.112373 -0.0247428 
-0.00115854 -0.103948 0.026374 
0.016213 -0.07884720000000001 -0.0190198 
0.0281315 -0.07833039999999999 -0.00190973 
0.000853054 -0.0949948 0.00675675 
0.0201934 -0.0965 0.0180505 
-0.0203374 -0.0838588 0.00950818 
0.000143527 0.0153742 0.0181968 
-0.0213005 -0.1232 -0.0145142 
0.0142928 -0.0827157 0.0255258 
0.0157849 -0.0942963 0.00616901 
0.0147532 -0.078 -0.0207869 
0.0265277 -0.116738 -0.00863739 
-0.0118747 -0.0392893 -0.00770504 
0.024321 -0.08599999999999999 0.0181489 
-0.00981512 -0.110607 0.0246044 
-0.0167498 -0.1052 0.0141505 
-0.0174333 -0.0992614 -0.0030926 
-0.00992737 -0.118946 0.000724142 
-0.00297186 -0.00728142 0.0385241 
-0.0116027 -0.123466 0.0109164 
-0.0301812 -0.08145670000000001 -0.000380352 
0.0103061 -0.0817611 0.0287712 
-0.00166441 -0.128137 -0.0004833 
0.0217867 -0.1252 -0.00645199 
0.0040162 -0.0784 -0.00992958 
0.00509877 -0.127286 0.017198 
0.0306147 -0.08133070000000001 -0.0123085 
-0.00484042 -0.135065 -0.0185711 
0.0168378 -0.09867049999999999 -0.0203957 
-0.0250384 -0.0417872  -0.01 
0.0203935 -0.0783821 -0.00941992 
-0.00863034 -0.127427 -0.0128684 
0.0152187 -0.0807263 -0.007942019999999999 
-0.00495311 -0.1252 0.0231036 
-0.0156136 -0.0818123 0.025738 
-0.00558462 -0.0513284  -0.01 
-0.00611782 -0.118215 0.0241337 
-0.00491755 0.00709506 -0.00338038 
0.0133482 -0.0731168 0.0101141 
0.0233729 -0.08599999999999999 0.0135619 
-0.0208112 -0.0370256 0.0111588 
-0.00457514 -0.00363663 0.0106464 
0.0115315 -0.101631 0.0103041 
-0.0132485 -0.09829499999999999 0.00167062 
0.0274558 -0.094 -1.84235e-05 
0.0140539 -0.0983189 0.007978910000000001 
0.0161689 -0.073 0.00381262 
0.00494251 0.00687 0.0267552 
0.00409248 -0.08066859999999999 -0.0166747 
-0.0198258 -0.119309 -0.0174999 
-0.0261483 -0.08138910000000001 -0.0200869 
0.0115196 -0.109875 0.0238097 
0.0147635 -0.0950628 0.009315169999999999 
0.0131962 -0.1244 -0.0126925 
0.0161347 -0.092697 -0.00490189 
-0.0220902 -0.107029 0.00878308 
0.0210927 -0.1232 -0.0146509 
-0.0151513 -0.08685710000000001 0.0255422 
-0.0156341 -0.0230016 -0.00372299 
-0.00588404 -0.114593 0.0241887 
0.00476978 0.0274285 -0.00357733 
-0.018915 -0.0410308 0.00580632 
-0.00984551 0.0173991 0.00165435 
-0.00193163 -0.0921746 0.0111231 
0.0273549 -0.08700620000000001 -0.0258883 
0.00665682 -0.009335929999999999 -0.00749896 
-0.000576066 -0.00491317 0.038539 
-0.0132459 -0.00845688 -0.035 
-0.0247709 -0.080744 0.00251311 
0.00719856 -0.1244 -0.0160497 
-0.0161837 -0.122216 -0.00744693 
-0.00307064 -0.118357 -0.0178796 
0.00259438 -0.103 -0.0193589 
-0.013744 -0.125312 0.0133586 
0.00285418 -0.0927147 -0.0172529 
0.00961185 -0.00253237 -0.0159989 
-0.00685624 -0.108284 0.02396 
0.00134035 -0.0969 -0.0100022 
-0.0121103 -0.09396450000000001 -0.00325037 
-0.008007439999999999 -0.0978729 -0.00498693 
-0.0148811 -0.131286 0.0121227 
-0.000413166 -0.00148929 0.0183446 
-0.0114743 -0.0197667   0.01 
0.0132559 -0.1269 -0.00242193 
0.0174561 -0.0926389 -0.000635167 
0.009671320000000001 -0.112168 -0.0114136 
0.0151561 -0.09385 -0.00639635 
0.0248206 -0.08106140000000001 -0.00298083 
-0.0139534 -0.08274289999999999 -0.0144001 
0.021634 -0.1252 -0.0125986 
0.0066971 -0.0793526 0.015823 
-0.00472185 0.009493329999999999 -0.009833140000000001 
0.00930215 -0.0969168 -0.010189 
0.0152926 -0.1173 -0.0077136 
0.0134466 -0.129702 -0.008445039999999999 
-0.00174435 -0.00355492 -0.0128295 
3 259 886 652 
3 42 596 132 
3 618 483 77 
3 702 618 174 
3 702 483 618 
3 702 599 77 
3 483 702 77 
3 188 702 174 
3 618 755 174 
3 259 954 886 
3 954 350 886 
3 954 259 512 
3 350 954 512 
3 23 843 547 
3 350 39 886 
3 168 630 188 
3 630 603 188 
3 603 630 259 
3 259 630 512 
3 630 489 512 
3 489 630 168 
3 599 968 77 
3 968 511 77 
3 968 960 511 
3 200 618 77 
3 200 42 618 
3 206 200 77 
3 206 596 42 
3 200 206 42 
3 287 188 174 
3 755 287 174 
3 287 168 188 
3 287 755 168 
3 337 755 618 
3 337 42 132 
3 42 337 618 
3 175 415 512 
3 489 175 512 
3 175 489 415 
3 603 207 188 
3 207 259 652 
3 207 603 259 
3 39 931 575 
3 931 39 406 
3 105 596 547 
3 843 105 547 
3 105 843 244 
3 115 843 23 
3 115 931 406 
3 931 115 575 
3 342 536 406 
3 342 350 512 
3 536 242 406 
3 242 843 406 
3 415 242 512 
3 244 242 415 
3 843 242 244 
3 242 342 512 
3 342 242 536 
3 261 968 599 
3 702 261 599 
3 968 3 960 
3 115 3 575 
3 239 206 77 
3 755 970 168 
3 337 970 755 
3 970 337 132 
3 489 181 415 
3 181 489 168 
3 645 181 168 
3 244 254 132 
3 658 702 188 
3 129 244 132 
3 129 105 244 
3 596 129 132 
3 105 129 596 
3 44 115 406 
3 911 342 406 
3 911 39 350 
3 342 911 350 
3 261 488 968 
3 886 488 652 
3 488 261 652 
3 488 39 575 
3 39 488 886 
3 3 488 575 
3 488 3 968 
3 479 3 115 
3 511 666 77 
3 666 239 77 
3 382 23 547 
3 239 382 547 
3 382 239 23 
3 596 503 547 
3 503 239 547 
3 206 503 596 
3 239 503 206 
3 922 970 132 
3 970 922 168 
3 452 254 244 
3 254 452 645 
3 452 244 415 
3 181 452 415 
3 452 181 645 
3 111 261 702 
3 658 111 702 
3 111 207 652 
3 261 111 652 
3 207 111 188 
3 111 658 188 
3 843 56 406 
3 56 44 406 
3 39 783 406 
3 783 911 406 
3 911 783 39 
3 3 993 960 
3 960 993 511 
3 239 284 23 
3 666 284 239 
3 420 922 132 
3 922 420 168 
3 254 420 132 
3 420 645 168 
3 420 254 645 
3 871 666 511 
3 871 284 666 
3 993 871 511 
3 479 871 3 
3 871 993 3 
3 871 479 115 
3 871 115 23 
3 284 871 23 
3 44 56 115 
3 115 56 843 
Vertices and facets:
- p259(v13): -0.016 0.0016 -0.035
  neighbors: f40 f131 f133 f165 f166 f218 f219
- p886(v10): -0.013 -0.089 -0.034
  neighbors: f40 f131 f132 f157 f301 f304
- p652(v3): -0.0068 -0.0045 -0.038
  neighbors: f40 f218 f301 f302 f332 f333
- p596(v27): 0.013 -0.12 0.023
  neighbors: f106 f191 f225 f291 f292 f318 f320
- p42(v16): 0.025 -0.089 0.029
  neighbors: f106 f187 f191 f192 f200 f201
- p132(v5): 0.0025 -0.09 0.039
  neighbors: f106 f200 f276 f282 f289 f291 f323 f358 f360
- p483(v28):  0.02 0.011  0.03
  neighbors: f112 f116 f119
- p618(v9): 0.021 0.0091 0.036
  neighbors: f112 f115 f116 f122 f186 f187 f199 f201
- p77(v1):  0.04 -0.089 -0.0014
  neighbors: f112 f118 f119 f175 f177 f186 f189 f265 f311 f312
- p702(v29):  0.01 0.036 -4.6e-05
  neighbors: f115 f116 f118 f119 f120 f254 f286 f330 f331
- p174(v2): 0.0057 0.038 0.0058
  neighbors: f115 f120 f122 f195 f196
- p599(v8): 0.011 0.00073 -0.034
  neighbors: f118 f175 f252 f254
- p188(v7): -0.0083 0.036 -0.0055
  neighbors: f120 f163 f164 f195 f197 f213 f286 f334 f335
- p755(v30): -0.0029 0.015 0.037
  neighbors: f122 f196 f198 f199 f273 f274
- p954(v32): -0.026 -0.081 -0.02
  neighbors: f131 f132 f133 f134
- p350(v19): -0.027 -0.091 -0.018
  neighbors: f132 f134 f157 f239 f298 f299
- p512(v0): -0.035 -0.09 -0.0029
  neighbors: f133 f134 f166 f167 f204 f205 f239 f243 f246
- p843(v36): -0.0086 -0.14 0.014
  neighbors: f151 f226 f227 f231 f242 f245 f336 f372
- p23(v34): 0.013 -0.14 -0.0048
  neighbors: f151 f231 f315 f317 f351 f369 f370
- p547(v12): 0.0071 -0.14 0.014
  neighbors: f151 f225 f226 f315 f316 f318 f319
- p39(v37): -0.013 -0.12 -0.026
  neighbors: f157 f221 f222 f298 f303 f304 f339 f341
- p630(v39): -0.027 -0.035 0.0086
  neighbors: f163 f164 f165 f166 f167 f168
- p168(v18): -0.014 0.004 0.037
  neighbors: f163 f168 f197 f198 f273 f279 f280 f324 f359 f361
- p603(v33): -0.015 0.0049 -0.035
  neighbors: f164 f165 f213 f219
- p489(v31): -0.032 -0.087 0.012
  neighbors: f167 f168 f205 f206 f277 f279
- p968(v41): 0.027 -0.087 -0.026
  neighbors: f175 f177 f179 f252 f260 f300 f306
- p511(v21): 0.026 -0.12 -0.0079
  neighbors: f177 f179 f311 f349 f363 f365
- p960(v40): 0.021 -0.12 -0.015
  neighbors: f179 f260 f346 f349
- p200(v43): 0.033 -0.088 0.015
  neighbors: f186 f187 f189 f192
- p206(v44): 0.027 -0.12 0.011
  neighbors: f189 f191 f192 f265 f320 f321
- p287(v45): -0.0029 0.038 0.0073
  neighbors: f195 f196 f197 f198
- p337(v46): 0.018 0.0071 0.038
  neighbors: f199 f200 f201 f274 f276
- p175(v47): -0.032 -0.09 0.011
  neighbors: f204 f205 f206
- p415(v11): -0.027 -0.12  0.01
  neighbors: f204 f206 f243 f244 f277 f327 f328
- p207(v49): -0.013 0.0092 -0.037
  neighbors: f213 f218 f219 f332 f334
- p931(v50): -0.0048 -0.14 -0.019
  neighbors: f221 f222 f232 f235
- p575(v6): -0.0012 -0.12 -0.026
  neighbors: f221 f235 f261 f303 f305
- p406(v23): -0.019 -0.14 -0.001
  neighbors: f222 f232 f238 f241 f242 f294 f297 f336 f337 f339 f340
- p105(v51): 0.0013 -0.14 0.019
  neighbors: f225 f226 f227 f290 f292
- p244(v22): -0.013 -0.12 0.026
  neighbors: f227 f244 f245 f282 f289 f290 f325 f327
- p115(v52): -0.0012 -0.14 -0.016
  neighbors: f231 f232 f235 f261 f294 f308 f368 f369 f371 f372
- p342(v53): -0.026 -0.12 -0.0061
  neighbors: f238 f239 f246 f247 f297 f299
- p536(v38): -0.026 -0.12 0.0047
  neighbors: f238 f241 f247
- p242(v54): -0.027 -0.12 0.0088
  neighbors: f241 f242 f243 f244 f245 f246 f247
- p261(v56): 0.0073 0.0052 -0.037
  neighbors: f252 f254 f300 f302 f330 f333
- p3(v57): 0.011 -0.12 -0.023
  neighbors: f260 f261 f305 f306 f308 f346 f366 f367
- p239(v58): 0.026 -0.12 0.0052
  neighbors: f265 f312 f316 f317 f319 f321 f351 f352
- p970(v60): -0.00058 -0.0049 0.039
  neighbors: f273 f274 f276 f323 f324
- p181(v61): -0.032 -0.087 0.013
  neighbors: f277 f279 f280 f328 f329
- p645(v48): -0.027 -0.086 0.019
  neighbors: f280 f326 f329 f361 f362
- p254(v62): -0.017 -0.09 0.029
  neighbors: f282 f325 f326 f360 f362
- p658(v63): 0.0013  0.03 -0.011
  neighbors: f286 f331 f335
- p129(v64): 0.0056 -0.12 0.025
  neighbors: f289 f290 f291 f292
- p44(v65): -0.0097 -0.14 0.0019
  neighbors: f294 f337 f371
- p911(v66): -0.021 -0.12 -0.015
  neighbors: f297 f298 f299 f340 f341
- p488(v67): 0.0019 -0.09 -0.036
  neighbors: f300 f301 f302 f303 f304 f305 f306
- p479(v68): 0.011 -0.13 -0.014
  neighbors: f308 f366 f368
- p666(v69): 0.026 -0.12 -0.0011
  neighbors: f311 f312 f352 f363 f364
- p382(v70): 0.017 -0.13 0.0029
  neighbors: f315 f316 f317
- p503(v71): 0.025 -0.12 0.0085
  neighbors: f318 f319 f320 f321
- p922(v72): -0.003 -0.0073 0.039
  neighbors: f323 f324 f358 f359
- p452(v73): -0.025 -0.092  0.02
  neighbors: f325 f326 f327 f328 f329
- p111(v74): 0.0034  0.01 -0.037
  neighbors: f330 f331 f332 f333 f334 f335
- p56(v75): -0.0098 -0.14 0.0058
  neighbors: f336 f337 f371 f372
- p783(v76): -0.017 -0.13 -0.018
  neighbors: f339 f340 f341
- p993(v78): 0.022 -0.13 -0.013
  neighbors: f346 f349 f365 f367
- p284(v79): 0.017 -0.13 -0.0069
  neighbors: f351 f352 f364 f370
- p420(v80): -0.014 0.0025 0.037
  neighbors: f358 f359 f360 f361 f362
- p871(v81): 0.016 -0.14 -0.0075
  neighbors: f363 f364 f365 f366 f367 f368 f369 f370
- f40
    - flags: top simplicial
    - normal:   -0.3404 -0.02439    -0.94
    - offset: -0.0385681
    - vertices: p259(v13) p886(v10) p652(v3)
    - neighboring facets: f301 f218 f131
- f106
    - flags: bottom simplicial
    - normal:    0.3826  -0.2768   0.8815
    - offset: -0.05999681
    - vertices: p596(v27) p42(v16) p132(v5)
    - neighboring facets: f200 f291 f191
- f112
    - flags: bottom simplicial
    - normal:     0.971    0.221  -0.0907
    - offset: -0.0188256
    - vertices: p483(v28) p618(v9) p77(v1)
    - neighboring facets: f186 f119 f116
- f115
    - flags: top simplicial
    - normal:    0.7063   0.6539    0.271
    - offset: -0.03045042
    - vertices: p702(v29) p618(v9) p174(v2)
    - neighboring facets: f122 f120 f116
- f116
    - flags: top simplicial
    - normal:    0.9517   0.3009 -0.06033
    - offset: -0.02026057
    - vertices: p702(v29) p483(v28) p618(v9)
    - neighboring facets: f112 f115 f119
- f118
    - flags: top simplicial
    - normal:    0.9513   0.2274  -0.2081
    - offset: -0.01763066
    - vertices: p702(v29) p599(v8) p77(v1)
    - neighboring facets: f175 f119 f254
- f119
    - flags: bottom simplicial
    - normal:    0.9655   0.2299  -0.1227
    - offset: -0.01785491
    - vertices: p702(v29) p483(v28) p77(v1)
    - neighboring facets: f112 f118 f116
- f120
    - flags: bottom simplicial
    - normal:   0.07418   0.9514  -0.2988
    - offset: -0.03484154
    - vertices: p702(v29) p188(v7) p174(v2)
    - neighboring facets: f195 f115 f286
- f122
    - flags: bottom simplicial
    - normal:    0.1992   0.7591   0.6197
    - offset: -0.03358338
    - vertices: p755(v30) p618(v9) p174(v2)
    - neighboring facets: f115 f196 f199
- f131
    - flags: bottom simplicial
    - normal:   -0.7287  -0.0355  -0.6839
    - offset: -0.03568106
    - vertices: p954(v32) p259(v13) p886(v10)
    - neighboring facets: f40 f132 f133
- f132
    - flags: top simplicial
    - normal:   -0.7388 -0.08216  -0.6689
    - offset: -0.03944108
    - vertices: p954(v32) p350(v19) p886(v10)
    - neighboring facets: f157 f131 f134
- f133
    - flags: top simplicial
    - normal:   -0.8962  0.02946  -0.4426
    - offset: -0.02992782
    - vertices: p954(v32) p259(v13) p512(v0)
    - neighboring facets: f166 f134 f131
- f134
    - flags: bottom simplicial
    - normal:   -0.8895 -0.006033  -0.4569
    - offset: -0.03292781
    - vertices: p954(v32) p350(v19) p512(v0)
    - neighboring facets: f239 f133 f132
- f151
    - flags: bottom simplicial
    - normal:   0.06354  -0.9978  0.01912
    - offset: -0.1386184
    - vertices: p843(v36) p23(v34) p547(v12)
    - neighboring facets: f315 f226 f231
- f157
    - flags: bottom simplicial
    - normal:   -0.7254  -0.1676  -0.6676
    - offset: -0.04681836
    - vertices: p39(v37) p350(v19) p886(v10)
    - neighboring facets: f132 f304 f298
- f163
    - flags: bottom simplicial
    - normal:   -0.9631    0.263  0.05771
    - offset: -0.01705757
    - vertices: p630(v39) p168(v18) p188(v7)
    - neighboring facets: f197 f164 f168
- f164
    - flags: top simplicial
    - normal:   -0.9686   0.2468 -0.03147
    - offset: -0.01701197
    - vertices: p630(v39) p603(v33) p188(v7)
    - neighboring facets: f213 f163 f165
- f165
    - flags: bottom simplicial
    - normal:   -0.9741   0.2179 -0.05958
    - offset: -0.01794027
    - vertices: p630(v39) p603(v33) p259(v13)
    - neighboring facets: f219 f166 f164
- f166
    - flags: bottom simplicial
    - normal:   -0.9805   0.1668  -0.1042
    - offset: -0.01953606
    - vertices: p630(v39) p259(v13) p512(v0)
    - neighboring facets: f133 f167 f165
- f167
    - flags: top simplicial
    - normal:   -0.9834   0.1157   0.1401
    - offset: -0.02352964
    - vertices: p630(v39) p489(v31) p512(v0)
    - neighboring facets: f205 f166 f168
- f168
    - flags: bottom simplicial
    - normal:   -0.9591   0.1201   0.2562
    - offset: -0.02372719
    - vertices: p630(v39) p489(v31) p168(v18)
    - neighboring facets: f279 f163 f167
- f175
    - flags: bottom simplicial
    - normal:     0.892    0.128  -0.4336
    - offset: -0.02449014
    - vertices: p968(v41) p599(v8) p77(v1)
    - neighboring facets: f118 f177 f252
- f177
    - flags: top simplicial
    - normal:    0.8541  -0.2559  -0.4527
    - offset: -0.05734882
    - vertices: p968(v41) p511(v21) p77(v1)
    - neighboring facets: f311 f175 f179
- f179
    - flags: top simplicial
    - normal:     0.764  -0.3082  -0.5668
    - offset: -0.06238685
    - vertices: p968(v41) p960(v40) p511(v21)
    - neighboring facets: f349 f177 f260
- f186
    - flags: top simplicial
    - normal:    0.9325  0.04162   0.3587
    - offset: -0.03271582
    - vertices: p200(v43) p618(v9) p77(v1)
    - neighboring facets: f112 f189 f187
- f187
    - flags: top simplicial
    - normal:    0.8681 0.003663   0.4965
    - offset:  -0.036039
    - vertices: p200(v43) p42(v16) p618(v9)
    - neighboring facets: f201 f186 f192
- f189
    - flags: top simplicial
    - normal:    0.8988  -0.2368    0.369
    - offset: -0.05626001
    - vertices: p206(v44) p200(v43) p77(v1)
    - neighboring facets: f186 f265 f192
- f191
    - flags: top simplicial
    - normal:    0.7129  -0.3452   0.6104
    - offset: -0.06651258
    - vertices: p206(v44) p596(v27) p42(v16)
    - neighboring facets: f106 f192 f320
- f192
    - flags: bottom simplicial
    - normal:    0.8499  -0.2421    0.468
    - offset: -0.0566366
    - vertices: p206(v44) p200(v43) p42(v16)
    - neighboring facets: f187 f191 f189
- f195
    - flags: top simplicial
    - normal:  -0.03001   0.9839  -0.1761
    - offset: -0.03619464
    - vertices: p287(v45) p188(v7) p174(v2)
    - neighboring facets: f120 f196 f197
- f196
    - flags: bottom simplicial
    - normal:    0.1042   0.7841   0.6118
    - offset: -0.03394603
    - vertices: p287(v45) p755(v30) p174(v2)
    - neighboring facets: f122 f195 f198
- f197
    - flags: top simplicial
    - normal:   -0.8246   0.5037   0.2576
    - offset: -0.02337143
    - vertices: p287(v45) p168(v18) p188(v7)
    - neighboring facets: f163 f195 f198
- f198
    - flags: top simplicial
    - normal:   -0.6025   0.6299   0.4902
    - offset: -0.02922169
    - vertices: p287(v45) p755(v30) p168(v18)
    - neighboring facets: f273 f197 f196
- f199
    - flags: top simplicial
    - normal:    0.1611   0.5987   0.7846
    - offset: -0.03731849
    - vertices: p337(v46) p755(v30) p618(v9)
    - neighboring facets: f122 f201 f274
- f200
    - flags: top simplicial
    - normal:    0.3917 -0.05859   0.9182
    - offset: -0.04187137
    - vertices: p337(v46) p42(v16) p132(v5)
    - neighboring facets: f106 f276 f201
- f201
    - flags: bottom simplicial
    - normal:    0.6001 -0.03078   0.7994
    - offset: -0.0411825
    - vertices: p337(v46) p42(v16) p618(v9)
    - neighboring facets: f187 f199 f200
- f204
    - flags: top simplicial
    - normal:   -0.9674  -0.1776   0.1808
    - offset: -0.04925016
    - vertices: p175(v47) p415(v11) p512(v0)
    - neighboring facets: f243 f205 f206
- f205
    - flags: bottom simplicial
    - normal:   -0.9784 -0.09681   0.1829
    - offset: -0.04236031
    - vertices: p175(v47) p489(v31) p512(v0)
    - neighboring facets: f167 f204 f206
- f206
    - flags: top simplicial
    - normal:   -0.9008  -0.1688   0.4001
    - offset: -0.04864985
    - vertices: p175(v47) p489(v31) p415(v11)
    - neighboring facets: f277 f204 f205
- f213
    - flags: bottom simplicial
    - normal:   -0.8858   0.4091  -0.2191
    - offset: -0.02311885
    - vertices: p207(v49) p603(v33) p188(v7)
    - neighboring facets: f164 f334 f219
- f218
    - flags: top simplicial
    - normal:   -0.3353 -0.01567   -0.942
    - offset: -0.03857213
    - vertices: p207(v49) p259(v13) p652(v3)
    - neighboring facets: f40 f332 f219
- f219
    - flags: top simplicial
    - normal:   -0.7807    0.223  -0.5838
    - offset: -0.03338463
    - vertices: p207(v49) p603(v33) p259(v13)
    - neighboring facets: f165 f218 f213
- f221
    - flags: bottom simplicial
    - normal:   -0.1597  -0.5559  -0.8158
    - offset: -0.09100305
    - vertices: p931(v50) p39(v37) p575(v6)
    - neighboring facets: f303 f235 f222
- f222
    - flags: top simplicial
    - normal:   -0.5444  -0.6378  -0.5448
    - offset: -0.0989019
    - vertices: p931(v50) p39(v37) p406(v23)
    - neighboring facets: f339 f232 f221
- f225
    - flags: top simplicial
    - normal:    0.4918  -0.6222   0.6091
    - offset: -0.09812782
    - vertices: p105(v51) p596(v27) p547(v12)
    - neighboring facets: f318 f226 f292
- f226
    - flags: bottom simplicial
    - normal:   0.06349  -0.9977  0.02405
    - offset: -0.1386738
    - vertices: p105(v51) p843(v36) p547(v12)
    - neighboring facets: f151 f225 f227
- f227
    - flags: top simplicial
    - normal:   -0.3111   -0.568    0.762
    - offset: -0.09245308
    - vertices: p105(v51) p843(v36) p244(v22)
    - neighboring facets: f245 f290 f226
- f231
    - flags: top simplicial seen
    - normal:    0.0594  -0.9981  0.01441
    - offset: -0.1386341
    - center: 0.001026396666666664 -0.1388666666666666 -0.002350510000000001 
    - vertices: p115(v52) p843(v36) p23(v34)
    - neighboring facets: f151 f369 f372
    - ridges:
- f232
    - flags: top simplicial
    - normal:   -0.4864  -0.7084  -0.5115
    - offset: -0.1075304
    - vertices: p115(v52) p931(v50) p406(v23)
    - neighboring facets: f222 f294 f235
- f235
    - flags: bottom simplicial
    - normal:   -0.1358  -0.5636  -0.8148
    - offset: -0.09190724
    - vertices: p115(v52) p931(v50) p575(v6)
    - neighboring facets: f221 f261 f232
- f238
    - flags: top simplicial
    - normal:    -0.889  -0.4567  0.03241
    - offset: -0.07972379
    - vertices: p342(v53) p536(v38) p406(v23)
    - neighboring facets: f241 f297 f247
- f239
    - flags: top simplicial
    - normal:   -0.8779  -0.1905  -0.4394
    - offset: -0.04907153
    - vertices: p342(v53) p350(v19) p512(v0)
    - neighboring facets: f134 f246 f299
- f241
    - flags: bottom simplicial
    - normal:   -0.8627  -0.4861   0.1395
    - offset: -0.08318059
    - vertices: p242(v54) p536(v38) p406(v23)
    - neighboring facets: f238 f242 f247
- f242
    - flags: top simplicial
    - normal:   -0.6955  -0.5761   0.4295
    - offset: -0.09218424
    - center: -0.01797588666666666 -0.1328996666666667 0.007274403333333328 
    - vertices: p242(v54) p843(v36) p406(v23)
    - neighboring facets: f336 f241 f245
- f243
    - flags: bottom simplicial
    - normal:   -0.9706  -0.2277  0.07783
    - offset: -0.05417355
    - vertices: p242(v54) p415(v11) p512(v0)
    - neighboring facets: f204 f246 f244
- f244
    - flags: bottom simplicial
    - normal:   -0.7125   -0.379   0.5905
    - offset: -0.07015225
    - vertices: p242(v54) p244(v22) p415(v11)
    - neighboring facets: f327 f243 f245
- f245
    - flags: bottom simplicial
    - normal:    -0.664  -0.5094   0.5474
    - offset: -0.08429153
    - vertices: p242(v54) p843(v36) p244(v22)
    - neighboring facets: f227 f244 f242
- f246
    - flags: top simplicial
    - normal:    -0.967  -0.2547 0.002822
    - offset: -0.0566938
    - vertices: p242(v54) p342(v53) p512(v0)
    - neighboring facets: f239 f243 f247
- f247
    - flags: bottom simplicial
    - normal:   -0.9556  -0.2945    0.013
    - offset:  -0.061307
    - vertices: p242(v54) p342(v53) p536(v38)
    - neighboring facets: f238 f241 f246
- f252
    - flags: top simplicial
    - normal:    0.6841  0.06335  -0.7266
    - offset: -0.03201298
    - vertices: p261(v56) p968(v41) p599(v8)
    - neighboring facets: f175 f254 f300
- f254
    - flags: bottom simplicial
    - normal:     0.824   0.4044   -0.397
    - offset: -0.02271065
    - vertices: p261(v56) p702(v29) p599(v8)
    - neighboring facets: f118 f252 f330
- f260
    - flags: bottom simplicial
    - normal:    0.6047  -0.3297   -0.725
    - offset: -0.06399822
    - vertices: p3(v57) p968(v41) p960(v40)
    - neighboring facets: f179 f346 f306
- f261
    - flags: bottom simplicial
    - normal:    0.2834  -0.5457  -0.7886
    - offset: -0.08849873
    - vertices: p3(v57) p115(v52) p575(v6)
    - neighboring facets: f235 f305 f308
- f265
    - flags: top simplicial
    - normal:    0.9255  -0.3566   0.1277
    - offset: -0.06837145
    - vertices: p239(v58) p206(v44) p77(v1)
    - neighboring facets: f189 f312 f321
- f273
    - flags: bottom simplicial
    - normal:  -0.07302  0.08517   0.9937
    - offset: -0.0379193
    - vertices: p970(v60) p755(v30) p168(v18)
    - neighboring facets: f198 f324 f274
- f274
    - flags: bottom simplicial
    - normal:  -0.05532  0.08733   0.9946
    - offset: -0.0379353
    - vertices: p970(v60) p337(v46) p755(v30)
    - neighboring facets: f199 f273 f276
- f276
    - flags: top simplicial
    - normal:  0.0001535 0.003009        1
    - offset: -0.03852395
    - vertices: p970(v60) p337(v46) p132(v5)
    - neighboring facets: f200 f323 f274
- f277
    - flags: bottom simplicial
    - normal:   -0.8015  -0.1606    0.576
    - offset: -0.04677136
    - vertices: p181(v61) p489(v31) p415(v11)
    - neighboring facets: f206 f328 f279
- f279
    - flags: top simplicial
    - normal:    -0.812 0.000794   0.5836
    - offset: -0.03316285
    - vertices: p181(v61) p489(v31) p168(v18)
    - neighboring facets: f168 f280 f277
- f280
    - flags: bottom simplicial
    - normal:   -0.7783  -0.0172   0.6276
    - offset: -0.0342229
    - vertices: p181(v61) p645(v48) p168(v18)
    - neighboring facets: f361 f279 f329
- f282
    - flags: bottom simplicial
    - normal:   -0.4523  -0.1506    0.879
    - offset: -0.04646757
    - vertices: p254(v62) p244(v22) p132(v5)
    - neighboring facets: f289 f360 f325
- f286
    - flags: top simplicial
    - normal:    0.1425   0.8397  -0.5241
    - offset: -0.03152799
    - vertices: p658(v63) p702(v29) p188(v7)
    - neighboring facets: f120 f335 f331
- f289
    - flags: top simplicial
    - normal:  -0.01295  -0.3785   0.9255
    - offset: -0.06982833
    - vertices: p129(v64) p244(v22) p132(v5)
    - neighboring facets: f282 f291 f290
- f290
    - flags: top simplicial
    - normal:  -0.01391  -0.3885   0.9214
    - offset: -0.07094194
    - vertices: p129(v64) p105(v51) p244(v22)
    - neighboring facets: f227 f289 f292
- f291
    - flags: bottom simplicial
    - normal:    0.1603  -0.3601    0.919
    - offset: -0.06836243
    - vertices: p129(v64) p596(v27) p132(v5)
    - neighboring facets: f106 f289 f292
- f292
    - flags: bottom simplicial
    - normal:    0.1424  -0.4217   0.8955
    - offset: -0.07525988
    - vertices: p129(v64) p105(v51) p596(v27)
    - neighboring facets: f225 f291 f290
- f294
    - flags: top simplicial seen
    - normal:  -0.09606  -0.9944 -0.04512
    - offset: -0.1392641
    - center: -0.009881906666666667 -0.1388666666666667 -0.005150863333333333 
    - vertices: p44(v65) p115(v52) p406(v23)
    - neighboring facets: f232 f337 f371
    - ridges:
- f297
    - flags: top simplicial
    - normal:   -0.6924  -0.5446  -0.4733
    - offset: -0.08871116
    - vertices: p911(v66) p342(v53) p406(v23)
    - neighboring facets: f238 f340 f299
- f298
    - flags: top simplicial
    - normal:   -0.7663  -0.2018    -0.61
    - offset: -0.05004139
    - vertices: p911(v66) p39(v37) p350(v19)
    - neighboring facets: f157 f299 f341
- f299
    - flags: bottom simplicial
    - normal:   -0.8476  -0.2058  -0.4892
    - offset: -0.05051037
    - vertices: p911(v66) p342(v53) p350(v19)
    - neighboring facets: f239 f298 f297
- f300
    - flags: bottom simplicial
    - normal:    0.3582 -0.03163  -0.9331
    - offset: -0.03670776
    - vertices: p488(v67) p261(v56) p968(v41)
    - neighboring facets: f252 f306 f302
- f301
    - flags: bottom simplicial
    - normal:  -0.09802 -0.04381  -0.9942
    - offset: -0.03910375
    - vertices: p488(v67) p886(v10) p652(v3)
    - neighboring facets: f40 f302 f304
- f302
    - flags: top simplicial
    - normal:    0.1378 -0.01977  -0.9903
    - offset: -0.03725052
    - vertices: p488(v67) p261(v56) p652(v3)
    - neighboring facets: f333 f301 f300
- f303
    - flags: top simplicial
    - normal:   -0.1062  -0.2451  -0.9637
    - offset: -0.05611563
    - vertices: p488(v67) p39(v37) p575(v6)
    - neighboring facets: f221 f305 f304
- f304
    - flags: bottom simplicial
    - normal:   -0.1109   -0.243  -0.9637
    - offset: -0.05591768
    - vertices: p488(v67) p39(v37) p886(v10)
    - neighboring facets: f157 f301 f303
- f305
    - flags: bottom simplicial
    - normal:     0.288  -0.2685  -0.9192
    - offset: -0.05739793
    - vertices: p488(v67) p3(v57) p575(v6)
    - neighboring facets: f261 f303 f306
- f306
    - flags: top simplicial
    - normal:    0.3693  -0.2381  -0.8983
    - offset: -0.05407056
    - vertices: p488(v67) p3(v57) p968(v41)
    - neighboring facets: f260 f300 f305
- f308
    - flags: top simplicial
    - normal:    0.4548  -0.6167  -0.6425
    - offset: -0.09579647
    - vertices: p479(v68) p3(v57) p115(v52)
    - neighboring facets: f261 f368 f366
- f311
    - flags: bottom simplicial
    - normal:    0.9289  -0.3703 -0.006621
    - offset: -0.06992007
    - vertices: p666(v69) p511(v21) p77(v1)
    - neighboring facets: f177 f312 f363
- f312
    - flags: top simplicial
    - normal:     0.927  -0.3689   0.0674
    - offset: -0.06962003
    - vertices: p666(v69) p239(v58) p77(v1)
    - neighboring facets: f265 f311 f352
- f315
    - flags: top simplicial
    - normal:    0.6626  -0.7219   0.1994
    - offset: -0.1073078
    - vertices: p382(v70) p23(v34) p547(v12)
    - neighboring facets: f151 f316 f317
- f316
    - flags: bottom simplicial
    - normal:    0.6749  -0.7046   0.2191
    - offset: -0.1052822
    - vertices: p382(v70) p239(v58) p547(v12)
    - neighboring facets: f319 f315 f317
- f317
    - flags: top simplicial
    - normal:    0.6873  -0.7053   0.1737
    - offset: -0.1054532
    - vertices: p382(v70) p239(v58) p23(v34)
    - neighboring facets: f351 f315 f316
- f318
    - flags: bottom simplicial
    - normal:    0.6608  -0.5946   0.4581
    - offset: -0.09337221
    - vertices: p503(v71) p596(v27) p547(v12)
    - neighboring facets: f225 f319 f320
- f319
    - flags: top simplicial
    - normal:    0.6769  -0.6978   0.2342
    - offset: -0.1045784
    - vertices: p503(v71) p239(v58) p547(v12)
    - neighboring facets: f316 f318 f321
- f320
    - flags: bottom simplicial
    - normal:    0.7032  -0.5056   0.4999
    - offset: -0.08380487
    - vertices: p503(v71) p206(v44) p596(v27)
    - neighboring facets: f191 f318 f321
- f321
    - flags: bottom simplicial
    - normal:    0.8293  -0.4796    0.287
    - offset: -0.08187451
    - vertices: p503(v71) p239(v58) p206(v44)
    - neighboring facets: f265 f320 f319
- f323
    - flags: top simplicial
    - normal:  -0.008866 0.002678        1
    - offset: -0.0385293
    - vertices: p922(v72) p970(v60) p132(v5)
    - neighboring facets: f276 f358 f324
- f324
    - flags: bottom simplicial
    - normal:  -0.07989  0.07456    0.994
    - offset: -0.03798786
    - vertices: p922(v72) p970(v60) p168(v18)
    - neighboring facets: f273 f359 f323
- f325
    - flags: top simplicial
    - normal:   -0.6965  -0.1659   0.6981
    - offset: -0.04677476
    - vertices: p452(v73) p254(v62) p244(v22)
    - neighboring facets: f282 f327 f326
- f326
    - flags: bottom simplicial
    - normal:   -0.7146 -0.06091   0.6968
    - offset: -0.03760082
    - vertices: p452(v73) p254(v62) p645(v48)
    - neighboring facets: f362 f329 f325
- f327
    - flags: top simplicial
    - normal:   -0.7292  -0.1864   0.6584
    - offset: -0.04867056
    - vertices: p452(v73) p244(v22) p415(v11)
    - neighboring facets: f244 f328 f325
- f328
    - flags: bottom simplicial
    - normal:   -0.7824    -0.16   0.6019
    - offset: -0.0464471
    - vertices: p452(v73) p181(v61) p415(v11)
    - neighboring facets: f277 f327 f329
- f329
    - flags: top simplicial
    - normal:   -0.7694 -0.09091   0.6323
    - offset: -0.04041184
    - vertices: p452(v73) p181(v61) p645(v48)
    - neighboring facets: f280 f326 f328
- f330
    - flags: top simplicial
    - normal:    0.6982    0.524  -0.4879
    - offset: -0.02574698
    - vertices: p111(v74) p261(v56) p702(v29)
    - neighboring facets: f254 f331 f333
- f331
    - flags: bottom simplicial
    - normal:    0.2572   0.7723  -0.5809
    - offset: -0.03025845
    - vertices: p111(v74) p658(v63) p702(v29)
    - neighboring facets: f286 f330 f335
- f332
    - flags: top simplicial
    - normal:  -0.02504   0.1281  -0.9915
    - offset: -0.03773392
    - vertices: p111(v74) p207(v49) p652(v3)
    - neighboring facets: f218 f333 f334
- f333
    - flags: bottom simplicial
    - normal:   0.09081  0.04942  -0.9946
    - offset: -0.03742594
    - vertices: p111(v74) p261(v56) p652(v3)
    - neighboring facets: f302 f332 f330
- f334
    - flags: bottom simplicial
    - normal:  -0.06489    0.766  -0.6395
    - offset: -0.03126667
    - vertices: p111(v74) p207(v49) p188(v7)
    - neighboring facets: f213 f335 f332
- f335
    - flags: top simplicial
    - normal:   0.06696   0.7899  -0.6095
    - offset: -0.03085496
    - vertices: p111(v74) p658(v63) p188(v7)
    - neighboring facets: f286 f334 f331
- f336
    - flags: bottom simplicial tested seen
    - normal:   -0.1254  -0.9919  0.01865
    - offset: -0.1394126
    - center: -0.01235614 -0.1388666666666667 0.006273923333333333 
    - vertices: p56(v75) p843(v36) p406(v23)
    - neighboring facets: f242 f337 f372
    - ridges:
- f337
    - flags: top simplicial tested seen
    - normal:   -0.1103  -0.9939 -0.001367
    - offset: -0.1394226
    - center: -0.01275104333333333 -0.1388666666666666 0.002217103333333333 
    - vertices: p56(v75) p44(v65) p406(v23)
    - neighboring facets: f294 f336 f371
    - ridges:
- f339
    - flags: bottom simplicial
    - normal:   -0.5793  -0.6129  -0.5374
    - offset: -0.09610161
    - vertices: p783(v76) p39(v37) p406(v23)
    - neighboring facets: f222 f340 f341
- f340
    - flags: top simplicial
    - normal:   -0.6425  -0.5705  -0.5117
    - offset: -0.09139291
    - vertices: p783(v76) p911(v66) p406(v23)
    - neighboring facets: f297 f339 f341
- f341
    - flags: bottom simplicial
    - normal:   -0.6496  -0.5301  -0.5451
    - offset: -0.08705112
    - vertices: p783(v76) p911(v66) p39(v37)
    - neighboring facets: f298 f339 f340
- f346
    - flags: bottom simplicial
    - normal:    0.5456  -0.5237  -0.6542
    - offset: -0.08561129
    - vertices: p993(v78) p3(v57) p960(v40)
    - neighboring facets: f260 f349 f367
- f349
    - flags: bottom simplicial
    - normal:    0.7433  -0.3704   -0.557
    - offset: -0.06947522
    - vertices: p993(v78) p960(v40) p511(v21)
    - neighboring facets: f179 f365 f346
- f351
    - flags: bottom simplicial
    - normal:     0.698  -0.6998   0.1516
    - offset: -0.1049397
    - vertices: p284(v79) p239(v58) p23(v34)
    - neighboring facets: f317 f370 f352
- f352
    - flags: bottom simplicial
    - normal:    0.7597   -0.648  0.05523
    - offset: -0.09963602
    - vertices: p284(v79) p666(v69) p239(v58)
    - neighboring facets: f312 f351 f364
- f358
    - flags: top simplicial
    - normal:   -0.1502 -0.006806   0.9886
    - offset: -0.03858218
    - vertices: p420(v80) p922(v72) p132(v5)
    - neighboring facets: f323 f360 f359
- f359
    - flags: bottom simplicial
    - normal:  -0.08681  0.06753   0.9939
    - offset: -0.03805664
    - vertices: p420(v80) p922(v72) p168(v18)
    - neighboring facets: f324 f361 f358
- f360
    - flags: bottom simplicial
    - normal:   -0.4576 -0.06503   0.8868
    - offset: -0.03907409
    - vertices: p420(v80) p254(v62) p132(v5)
    - neighboring facets: f282 f358 f362
- f361
    - flags: top simplicial
    - normal:   -0.7739 -0.01885    0.633
    - offset: -0.03434969
    - vertices: p420(v80) p645(v48) p168(v18)
    - neighboring facets: f280 f359 f362
- f362
    - flags: top simplicial
    - normal:   -0.7114 -0.04145   0.7016
    - offset: -0.03592997
    - vertices: p420(v80) p254(v62) p645(v48)
    - neighboring facets: f326 f361 f360
- f363
    - flags: top simplicial
    - normal:    0.7694  -0.6384  0.02083
    - offset: -0.09874928
    - vertices: p871(v81) p666(v69) p511(v21)
    - neighboring facets: f311 f365 f364
- f364
    - flags: top simplicial
    - normal:    0.7665  -0.6415  0.03089
    - offset: -0.09904067
    - vertices: p871(v81) p284(v79) p666(v69)
    - neighboring facets: f352 f363 f370
- f365
    - flags: bottom simplicial
    - normal:    0.6847  -0.5825  -0.4381
    - offset: -0.09325904
    - vertices: p871(v81) p993(v78) p511(v21)
    - neighboring facets: f349 f363 f367
- f366
    - flags: bottom simplicial
    - normal:    0.4752  -0.6099  -0.6342
    - offset: -0.09498866
    - vertices: p871(v81) p479(v68) p3(v57)
    - neighboring facets: f308 f367 f368
- f367
    - flags: top simplicial
    - normal:    0.5085  -0.5881   -0.629
    - offset: -0.0925533
    - vertices: p871(v81) p993(v78) p3(v57)
    - neighboring facets: f346 f366 f365
- f368
    - flags: top simplicial
    - normal:    0.4591  -0.6283  -0.6281
    - offset: -0.09716655
    - vertices: p871(v81) p479(v68) p115(v52)
    - neighboring facets: f308 f369 f366
- f369
    - flags: top simplicial
    - normal:    0.3955  -0.8221  -0.4097
    - offset: -0.1206471
    - vertices: p871(v81) p115(v52) p23(v34)
    - neighboring facets: f231 f370 f368
- f370
    - flags: bottom simplicial
    - normal:    0.6816  -0.7274  0.07964
    - offset: -0.1088815
    - vertices: p871(v81) p284(v79) p23(v34)
    - neighboring facets: f351 f369 f364
- f371
    - flags: bottom simplicial tricoplanar keepcentrum
    - owner of normal & centrum is facet f371
    - normal:         0       -1       -0
    - offset:    -0.1392
    - center: -0.007320285 -0.1392 0.00135966 
    - vertices: p56(v75) p44(v65) p115(v52)
    - neighboring facets: f294 f372 f337
- f372
    - flags: bottom simplicial tricoplanar
    - owner of normal & centrum is facet f371
    - normal:         0       -1       -0
    - offset:    -0.1392
    - center: -0.007320285 -0.1392 0.00135966 
    - vertices: p56(v75) p115(v52) p843(v36)
    - neighboring facets: f231 f336 f371
