3
1000 142 213
0.139361 0.0498555 0.0316492 
0.106751 0.0185954 0.0108313 
0.154064 0.014004 0.0175202 
0.392871 -0.0104421 0.0312368 
0.0530762 -0.0177913 0.0515238 
-0.0394812 -0.0252452 -0.0325804 
-0.00238509 -0.0133257 -0.0595402 
0.00162147 -0.0204309 -0.0263025 
0.188423 0.0143508 -0.023436 
-0.0343564 0.0539352 -0.0551446 
0.395864 0.0405556 -0.00859802 
0.0328271 0.0417603 0.0481657 
-0.0167686 0.0232005 -0.0295 
0.262904 -0.0309179 -0.0449941 
0.324171 -0.0330438 0.000800003 
0.391463 0.0275208 -0.0007999940000000001 
0.0492001 -0.00361023 -0.0584975 
-0.00337299 -0.0277033 -0.0490054 
0.407774 0.000799997 -0.0272842 
0.095252 -0.0178969 -0.00601241 
0.0135018 -0.0295787 0.0098221 
0.396197 -0.000799999 -0.0300667 
0.0123851 0.0117252 -0.0679577 
0.0280336 0.078016 -0.0384257 
0.588633 -0.0294438 -0.00163713 
0.100717 0.0217486 -0.0175681 
0.169964 -0.0013975 0.0375709 
0.133223 -0.0135357 0.0156361 
-0.0477227 -0.0347851 0.0364147 
-0.0385204 -0.0193463 -0.0492942 
-0.00315044 -0.0407682 -0.06633790000000001 
0.0158834 -0.0277729 0.0509535 
0.109905 -0.0202341 0.00532202 
0.0172423 -0.0248114 -0.0434607 
0.00697983 -0.0145663 -0.06076 
-0.0276534 0.0290886 -0.0347547 
-0.0387037 0.000999982 0.026217 
0.0972822 -0.0159785 0.0135689 
0.0546823 0.0240681 -0.0534975 
0.436994 0.0134246 0.0104939 
0.10546 0.0630308 0.0237494 
0.345095 0.042692 -0.0268482 
0.354282 -0.0128674 0.007946460000000001 
0.304122  0.029 0.00719404 
-0.0490269 0.0684958 -0.0454709 
0.21239 0.0144267 -0.031696 
0.043561 0.0142675 -0.0680347 
-0.0629817 0.038952 -0.0364594 
-0.0586397 -0.0450868 -0.0159222 
0.557275 -0.0149151 -0.0132881 
0.203469 -0.0242615 2.21853e-06 
0.0844085 0.0249493 0.020987 
0.24797 0.00717234 0.012803 
-0.000500025 -0.0301286 0.0304956 
0.179471 -0.0141103 -0.0233967 
0.419437 -0.0213576 -0.0271409 
-0.0589747 -0.0316219 0.00740323 
-0.0531074 -0.0604193 -0.0339096 
 0.158 0.0326864 0.0129418 
0.19134 0.0505695 0.000303688 
0.176724 -0.0009999989999999999 0.0315927 
0.5525679999999999 -0.0369668 -0.0137771 
0.374164 -0.0244531 -0.0253909 
0.15064 -0.0514234 -0.0199816 
0.0145338 -0.0279548 -0.0480499 
0.315969 -0.0367202 0.0264866 
0.347152 0.00140131 0.037705 
-0.0245702 0.020103 -0.07349840000000001 
0.102631 -0.0651495 -0.00884369 
-0.0577915 0.00279148 0.0110465 
0.0151363 0.06262909999999999 0.0513968 
0.109445 -0.0579211 0.0194833 
0.546635 -0.0193448 -0.0250565 
0.424996 0.00841165 -0.0120467 
0.209174 0.0141809 0.0123931 
-0.000249285 -0.0287461 0.00708614 
0.216137 -0.0426074 -0.00450001 
0.395259 -0.0141327 0.00512178 
0.410638 -0.0348049 -0.0225852 
-0.0327503 -0.00544365 -0.0434975 
0.154479 0.0160987 -0.0244877 
0.0533119 0.0598881 -0.00527091 
0.0208126 0.038641 0.0349391 
0.199861 -0.046534 0.008347449999999999 
0.518037 -0.0327577 -0.00554869 
0.0171235 0.0727984 0.0368036 
0.07835490000000001 -0.0103399 -0.0506225 
0.08061690000000001 -0.0179235 -0.00662981 
0.14467 0.0574298 -0.0231081 
0.58034 0.0182681 0.0236332 
0.608895 -0.0332391 -0.0302516 
0.0347836 0.0400217 0.0538663 
0.106262 0.00100001 0.0450458 
-0.0407592 0.0649159 0.0113403 
-0.0301883 -0.06267349999999999 0.0280883 
-0.035043 0.0239379 -0.0564975 
0.0167248 0.000545962 -0.0504329 
0.171427 0.000843548 0.0192713 
0.435445 -0.00200427 -0.0150216 
0.300432 0.0279913 -0.00209765 
0.313236 -0.027 0.00661353 
0.0615526 -0.0231879 0.0593077 
0.165581 0.00383298 0.0269831 
0.0329147 0.0262507 -0.0704975 
0.552766 0.010036 0.0160948 
0.064119 -0.0691433 -0.0445263 
0.303664 0.00327555 -0.0326696 
0.316168 0.000799999 0.0182013 
0.322243 -0.000800019 -0.0230035 
0.467228 0.00693891 0.007871110000000001 
-0.0117494 0.0203981 -0.0295 
0.0605704 0.00246244 -0.0564975 
0.0662606 0.00444679 0.0168924 
0.265021 -0.0301362 0.0356144 
-0.043906 -0.0638215 -0.0386587 
-0.0695091 -0.00890872 -0.0318984 
0.148978 -0.0526834 0.0136223 
0.0206843 0.0756665 -0.0515 
0.517832 -0.00362038 0.0142606 
-0.0434491 0.00699852 -0.0704975 
0.520184 -0.0297968 -0.0128935 
0.0474073 -0.00346053 0.0252004 
 0.089 0.0175925 0.0205788 
0.164565 -0.0262904 -0.0441327 
0.273524 -0.0162244 -0.0406237 
0.02347 -0.00981572 -0.0517243 
0.342388 0.0127217 -0.041771 
0.543343 0.0531291 -0.0275589 
0.23903 0.00438202 0.039582 
-0.0326007 0.0418879 0.0380928 
0.0219364 0.0311082 -0.0753127 
0.0220386 -0.0154425 -0.0527491 
0.360969 -0.0128803 0.00792412 
 0.158 0.0351876 0.0312256 
-0.0130224 0.00940233 -0.0834358 
-0.0363908 0.00140166 0.0501406 
0.168281 0.0445343 -0.0315345 
 0.161 0.0530207 -0.00325803 
0.290781 0.000799989 -0.0420211 
0.170807 -0.0221993 -0.0296211 
0.162593 -0.00869815 0.0157295 
-0.00144948 -0.0327017 0.0173069 
0.291188 0.0113181 -0.009801229999999999 
0.08309999999999999 -0.00080687 0.0248231 
0.08599999999999999 0.00960419 0.017669 
0.123255 -0.0456743 -0.0401508 
 0.089 -0.0218124 0.0409744 
0.07110900000000001 0.0679973 -0.000237324 
0.372964 0.00669913 -0.0135026 
0.282748 -0.0460916 -0.0208616 
0.425241 -0.0007999940000000001 -0.0201785 
0.405461 -0.000473053 -0.0151039 
0.438328 -0.0118055 -0.00513433 
-0.00738752 -0.0311351 0.0556956 
0.159764 -0.0278846 0.0365092 
-0.00163878 -0.0301944 -0.0295 
0.326893 0.0122516 0.00408797 
0.303664 -0.0174534 -0.0432 
0.0825028 -0.035533 -0.0471485 
0.0262913 -0.0696568 0.0197928 
0.00890581 -0.00861899 -0.04891 
-0.00784061 0.00892572 -0.0645159 
0.0113203 0.0112573 -0.0332094 
0.442576 0.0120036 0.00483621 
0.600592 0.0238216 0.0206597 
-0.00106979 0.009867880000000001 -0.07104190000000001 
0.496859 -0.016459 -0.0138631 
-0.0316366 0.00012812 -0.07413160000000001 
0.257908 -0.0181222 -1.05443e-08 
0.0985939 -0.034286 -0.00450001 
0.332095 -0.0311099 0.02884 
0.32653 0.000800009 -0.0367167 
0.0217471 -0.0241304 0.0608784 
-0.0476722 0.00295445 0.0358192 
0.192949 0.0144191 0.0146892 
0.293375 0.0364902 -0.0403613 
0.300991 0.012078 -0.00384131 
0.062833 -0.0339018 -0.0468315 
0.07340480000000001 -0.0247444 -0.00811604 
0.0256146 -0.0368274 -0.0335822 
0.191345 -0.0116809 0.00803473 
0.393167 -0.0387802 0.0103904 
-0.0247776 -0.0341716 0.0116675 
-0.000615092 0.0559824 0.0289868 
-0.0540832 -0.0296126 0.0162485 
-0.00335036 0.0167792 -0.08839669999999999 
0.467903 0.008744770000000001 0.008899300000000001 
0.351768 -0.0008000010000000001 -0.0308603 
0.584985 -0.0142287 0.00325217 
0.377164 -0.0190107 -0.0310416 
0.30629 -0.0136551 0.0125238 
0.38038 -0.0122162 -0.0120835 
0.0114059 -0.0308954 -0.051317 
0.0165574 -0.0188918 -0.0587605 
0.0288177 0.0550555 -0.0307412 
0.445215 -0.0197553 -0.0007999940000000001 
0.166456 0.0208564 0.00398777 
-0.00157387 -0.0443218 -0.07244589999999999 
-0.0061343 0.0275601 -0.0247024 
0.128348 0.0387313 -0.00450001 
0.330413 0.00434259 0.0145314 
0.374164 -0.00962639 -0.019223 
0.176565 -0.0353336 -0.0357124 
0.008915289999999999 0.00680741 -0.07376000000000001 
0.166203 0.0021225 -0.0326602 
0.0825371 -0.0566927 -0.0323506 
0.239635 0.0182197 0.0339275 
0.0155337 0.0400777 -0.0358031 
0.0891947 -0.0162835 -0.0506634 
0.2141 0.00431814 0.0109482 
0.107413 0.0214808 -0.0181918 
-0.0307638 0.035524 -0.0266855 
0.0656796 -0.0276986 -0.0482774 
-0.0158502 -0.050519 0.0167403 
0.249926 -0.0137013 0.0052565 
-0.023548 0.0305887 -0.0209196 
-0.0168649 -0.0700475 -0.0515 
0.00472551 -0.0319525 -0.0524105 
-0.0297789 0.00534357 0.00449999 
0.0791907 -0.00125055 0.017226 
0.415346 -0.0367293 0.00252423 
0.0137367 -0.0247874 0.0403084 
0.220181 0.0446274 -0.0154871 
0.207452 -0.0439526 -0.0144449 
0.245335 -0.0188997 0.0289985 
0.0793307 0.067952 -0.0192425 
0.0321255 -0.0455301 0.0538691 
0.009023659999999999 0.0521757 0.0238166 
0.135283 -0.0102911 0.0436232 
0.619356 0.0105437 -0.0276529 
-0.0576508 -0.0582811 -0.0334378 
0.377164 0.038821 -0.00297867 
0.617953 0.0112454 -0.0239393 
0.358544 -0.0347816 -0.0329053 
0.107236 0.06480669999999999 -0.00201547 
0.0111868 -0.019187 -0.04234 
0.08599999999999999 -0.0282779 -0.0248791 
0.577781 0.00232703 0.015831 
0.305009 0.0461386 -0.0133871 
-0.0452688 0.0276758 0.0302377 
0.0399441 -0.0661172 0.0193735 
0.0234336 0.009118970000000001 -0.0538738 
0.380702 0.009063939999999999 0.0142928 
0.09108579999999999 -0.0368987 0.0299845 
0.413827 0.012802 0.0112285 
0.411391 -0.0223116 -0.0279342 
0.29067 -0.00369818 0.0407114 
0.0139842 0.00444223 -0.0732469 
0.0935357 0.0331359 -0.0372217 
0.285473 -0.0499607 -0.0124608 
0.00191899 -0.0102156 -0.07376000000000001 
0.10725 0.06353930000000001 -0.015771 
0.145106 -0.00615452 0.0187788 
0.0919037 -0.0421901 -0.0449239 
0.259539 0.0104238 -0.0506788 
0.0455036 0.0531184 0.0522423 
0.242247 -0.026426 0.0342035 
0.204337 0.00442863 -0.0229405 
0.365565 0.0391189 0.008558410000000001 
0.0438146 -0.0191866 -0.0508915 
0.00536751 -0.015093 -0.0871099 
0.0561915 -0.0131861 -0.0564975 
-0.000970231 0.036218 0.0558802 
-0.0116028 0.0191863 0.0374654 
0.41476 -0.0241582 0.000800003 
0.14556 0.00521157 -0.0301379 
-0.0375857 0.0267688 0.0450824 
0.110681 -0.0205034 0.0120329 
0.0564615 0.05837 -0.0359855 
0.09495339999999999 -0.0225481 -0.0498052 
0.07528849999999999 -0.065154 -0.0121233 
0.00691994 -0.010925 -0.05576 
0.0243075 0.0106085 0.0613938 
0.429782 -0.0123994 0.00843085 
0.411023 0.0348239 -0.0165859 
0.32975 -0.00371884 0.0164941 
0.0431724 -0.0357078 0.0331128 
0.107819 0.0179134 -0.00543248 
0.589404 0.009013409999999999 0.0182461 
0.132449 -0.0558767 -0.0162284 
0.6192879999999999 0.032699 -0.0178221 
0.188758 0.0276242 0.011956 
0.134435 0.0526091 -0.00450001 
0.025546 -0.000670879 -0.0295 
0.0017301 -0.07430340000000001 -0.0327241 
0.373348 -0.0427422 -0.00216152 
-0.0327397 0.0173713 -0.0354975 
0.171958 0.0155161 0.0140191 
0.292867 -0.0326391 -0.0297065 
0.00923501 0.0266417 -0.0484105 
0.357759 0.0285958 -0.0374231 
 0.201 -0.0337836 0.008097439999999999 
0.0822594 0.0690877 0.0111 
0.0537136 0.0573493 0.0469504 
0.464877 0.0120132 -0.0040429 
0.0399772 -0.00904013 -0.0175 
0.0509183 -0.00974508 -0.0614975 
-0.0391388 -0.0359108 0.0384333 
-0.0225372 -0.0173844 0.00115017 
0.370161 -0.0107042 -0.0106128 
0.273315 -0.00636948 -0.0222479 
0.377164 0.0263012 0.0178308 
-0.0293106 -0.0367291 -0.0289626 
 0.158 0.0513106 -0.0135313 
-0.0264125 -0.0141753 -0.0427318 
0.324927 -0.000800018 -0.0307462 
0.155151 -0.0527789 0.000423362 
0.0188613 -0.0144836 -0.0524105 
0.141211 0.0581218 -0.011683 
0.123797 -0.022422 -0.0159748 
-0.0159329 0.0324075 0.0310482 
-0.0198621 -0.0210321 0.0349152 
-0.0131324 0.0271408 0.0336429 
0.458024 0.00253441 0.0125017 
-0.0283567 -0.000960402 0.0373674 
0.009105719999999999 -0.026929 0.00284802 
0.495074 0.019953 -0.00505196 
-0.0464665 -0.0265856 0.0106979 
0.0440027 -0.0689313 0.0208486 
0.133084 -0.0491428 0.0258917 
0.453664 0.0195359 -0.0154127 
0.0466844 0.0253062 0.0469266 
0.225001 0.0128067 0.00210179 
0.384466 0.00189676 0.0145738 
-0.00969045 -0.0307788 0.0507178 
0.150741 0.0430641 -0.0398606 
0.06692389999999999 0.0204043 -0.028815 
0.08599999999999999 -0.0577492 0.00544084 
0.462207 -0.00215114 0.0123008 
-0.0337509 0.065368 0.0288212 
0.239081 -0.0144139 0.0374452 
0.360163 -0.0162516 0.00474883 
 0.201 -0.0285665 -0.0326276 
0.0445439 0.0147989 -0.028848 
0.179667 -0.0426282 -0.0317246 
0.09084540000000001 0.038786 -0.0428718 
0.282868 0.00204278 -0.0147852 
-0.0164132 -0.025648 -0.0582637 
0.425374 0.0312235 -0.0007999940000000001 
0.229439 -0.0143646 0.00486478 
0.0251764 -0.0409085 -0.00672147 
0.61127 0.0230156 0.0121812 
0.0395465 -0.0354484 0.00213493 
0.254539 0.00144083 -0.0128469 
-0.0315436 -0.0346715 -0.0259531 
0.07338260000000001 -0.0494651 -0.0415476 
0.371284 -0.00254635 0.0146819 
0.00612205 -0.0215643 0.0276518 
0.282433 0.00704684 -0.0503367 
-0.0145948 0.00749376 -0.0489061 
0.223056 0.00165899 0.0342672 
0.244343 0.00529881 0.0138037 
0.511103 -0.0100702 -0.0201669 
0.038099 0.0147638 -0.0619747 
-0.00320399 0.0306747 0.0335 
0.009678320000000001 -0.0452768 -0.0345 
0.00452682 -0.0173628 -0.08671 
0.0608882 -0.00386148 -0.0476215 
0.0333061 0.0263073 -0.0255 
0.295963 0.0151439 -0.0179849 
0.387486 0.0294937 0.000800003 
0.14683 0.0196351 0.00643518 
0.347702 -0.0424051 0.00690337 
0.131341 0.018394 0.007941180000000001 
0.344478 -0.0417884 -0.0249803 
0.164983 -0.0258716 0.014978 
0.162178 -0.00128713 -0.0452708 
0.0211722 0.00743056 0.00799998 
 0.089 -0.0574371 -0.0116015 
0.350414 -0.0124981 -0.00214353 
-0.0274567 -0.0420135 0.000956605 
0.288901 0.0161909 0.00507207 
0.15541 0.0102917 -0.045519 
-0.0567134 0.00784936 0.021423 
0.434281 -0.0336546 0.00889328 
0.0363031 -0.0427141 0.00739548 
0.0292938 -0.0731754 -0.0341156 
-0.0148095 -0.0546976 0.0476185 
0.214906 0.0463377 -0.00454734 
0.303664 -0.00497217 -0.0399325 
0.0690518 0.0452204 -0.041489 
0.0843603 0.0632345 -0.0245044 
0.0526413 0.0164762 -0.0241569 
0.385094 0.0354161 -0.0252357 
-0.0133829 0.0250539 0.0210009 
0.306666 2.00954e-05 0.0147086 
0.22278 0.03728 -0.0057966 
0.021408 0.0184903 0.046284 
0.07520209999999999 -0.0122282 0.0137065 
-0.01427 0.0264098 -0.0456085 
0.112374 -0.049144 -0.0391857 
0.212179 0.0255957 -0.0392772 
0.0336248 0.0147192 -0.0319975 
0.6114039999999999 0.0165147 -0.0260696 
0.426616 -0.0317367 -0.0222781 
-0.0137274 0.0437955 -0.0533504 
-0.0459411 -0.0335551 0.0392345 
0.026107 -0.0156789 0.0306979 
0.152189 -0.00289011 -0.0305093 
-0.00306201 -0.024722 0.0159523 
-0.0226028 0.0388862 -0.0321077 
0.1637 -0.0177061 0.0221486 
0.232286 0.00858542 -0.0119385 
0.0560885 -0.0276749 -0.00500001 
-0.0295839 0.0321554 0.0496655 
0.352029 -0.0145861 -0.00284844 
0.00731704 0.07978449999999999 -0.0300134 
0.222826 0.0354511 -0.0286177 
0.330675 0.0282079 0.0295484 
0.0106373 0.00290953 -0.0620152 
0.0442547 0.0649921 0.0421409 
-0.0277756 0.0217672 -0.0364975 
0.526043 0.03893 -0.0297901 
0.251312 -0.0143334 0.0385532 
0.221935 -0.0132498 0.00686872 
0.39971 0.009352340000000001 0.0141373 
-0.0593234 0.0479707 -0.014752 
0.181767 0.0209651 0.00331754 
-0.009080070000000001 -0.0220005 -0.0546866 
0.448962 0.0245334 -0.0204551 
0.250887 -0.0156856 0.008824190000000001 
0.0605118 0.0227846 -0.0151548 
0.122162 -0.0256444 -0.0456533 
0.0342045 0.0117942 0.039262 
0.350639 0.0117107 0.0365336 
0.0753644 0.0164657 0.00152373 
0.297782 -0.046838 -0.0063362 
0.00209865 -0.0112479 -0.06352579999999999 
0.0526373 0.0224291 -0.009363160000000001 
0.160914 -0.008607480000000001 -0.0265763 
0.0388574 0.0403579 0.0452662 
0.0662288 -0.0672447 0.00339719 
0.015224 0.0200078 -0.053691 
0.540919 -0.0147455 -0.023586 
0.0369416 0.064169 -0.0233446 
0.166069 0.0143259 0.0205745 
0.198129 -0.0254899 0.0102479 
0.316897 -0.00746948 0.0129004 
0.340122 0.00338423 -0.0145279 
0.0178553 0.00506845 -0.05976 
0.439105 -0.00564267 -0.011389 
0.126806 -0.0470037 -0.0385829 
0.00431475 -0.0696671 -0.0495 
0.51208 -0.00239637 0.0208806 
0.283924 0.014649 0.00298131 
0.0202952 -0.00287949 -0.074045 
0.07728640000000001 0.00464379 -0.0278264 
0.317234 -0.0414028 0.0202105 
0.274995 -0.0129412 -0.0467988 
0.0650699 -0.00103788 0.017352 
-0.0454158 0.0118334 -0.0284896 
0.0887228 -0.06709039999999999 -0.00464363 
0.311289 0.00521756 -0.0485018 
0.2011 0.00277473 -0.0309768 
0.325835 0.00187897 -0.0128413 
-0.0321273 -0.0492533 -0.0296827 
0.0443726 -0.00339275 -0.0585657 
0.107635 -0.0596698 0.00878868 
-0.0142271 -0.0508978 0.0124494 
0.364651 0.00781058 -0.012882 
0.143706 0.0217388 0.00638455 
0.148525 -0.0290544 -0.0451272 
0.394073 0.00424169 -0.0356148 
0.283094 -0.044358 -0.0267504 
0.196217 0.0254911 0.0154275 
-0.00175478 0.0112231 0.0617067 
0.357481 0.00431269 0.0163543 
0.116651 0.0135636 -0.0478334 
-0.00549988 0.0176523 -0.05241 
0.0049664 -0.0110081 -0.07276000000000001 
0.43916 0.013755 -0.00585506 
0.6072 -0.0158423 -0.0223298 
0.164981 -0.014454 0.0174761 
0.0977243 -0.00264863 0.0173273 
0.447177 0.009508020000000001 0.008591359999999999 
0.102756 -0.0071125 0.0182051 
0.0321108 0.0038891 0.0558584 
0.00904139 0.0585137 -0.0534975 
0.344826 -0.0129382 0.00116543 
-0.0286397 -0.0712894 0.00100748 
0.06990639999999999 -0.0655336 -0.00336497 
-0.00731616 -0.0526227 0.0467668 
0.29676 -0.00917927 -0.0493813 
0.476401 0.00109583 0.0103675 
0.184296 -0.0277028 -0.0169371 
-0.0323693 -0.0312421 -0.0261963 
0.352744 0.012005 0.0122699 
-0.0182544 0.0498618 0.0191795 
0.330599 -0.0355345 -0.0367072 
0.373351 -0.0387369 0.0146254 
0.0043767 0.0280898 -0.0117689 
0.0051612 -0.0284171 0.0530607 
0.534434 -0.00998892 -0.0142067 
0.197122 -0.0290606 0.009479080000000001 
0.118184 -0.0400617 0.0398606 
-0.0303183 0.0435409 0.0204902 
-0.0261829 -0.0223098 -0.0213417 
0.0200493 -0.0201446 0.00994748 
0.0253503 -0.0363149 0.0566751 
0.152264 -0.00100001 -0.0408246 
0.276302 -0.0127938 -1.07312e-05 
0.142089 -0.0215401 -0.0219961 
0.161561 0.0261468 0.008565 
-0.0389066 0.0360425 0.0235015 
0.300664 0.0117591 -0.0164831 
0.409024 0.00767416 0.0304082 
-0.0200383 -0.0758399 -0.0309873 
0.0869557 0.0176933 0.0533029 
0.290891 -0.0351718 0.0318903 
0.589954 -0.00559171 0.00275982 
-0.00611339 -0.0253424 0.00725611 
0.0400757 0.0750431 -0.00569147 
0.28321 0.027707 -0.0460339 
-0.0227051 -0.031373 -0.0474975 
0.165059 -0.0489568 -0.0197574 
0.08599999999999999 0.0212367 -0.0252019 
-0.0577678 0.0454772 -0.00263419 
0.36352 -0.0074883 0.0105189 
0.409877 0.0372789 0.00397549 
0.410923 0.0138244 0.00521544 
0.5730460000000001 0.000661934 0.0123142 
0.160863 -0.0177317 0.012869 
 0.198 -0.0419764 0.0025704 
0.138444 -0.0418176 -0.00649999 
0.165775 0.0169235 -0.0238643 
-0.00689111 -0.0277366 0.0297411 
0.125964 0.0271118 -0.00412981 
0.299555 0.034529 -0.0333976 
-0.0235648 0.0162534 -0.0012949 
0.306098 0.000465552 0.0146766 
0.203097 0.046954 0.007949039999999999 
-0.0183251 0.0302571 -0.076935 
0.0409037 0.00108045 -0.0573879 
0.147685 -0.0338687 0.0362631 
0.365691 -0.0234445 0.0294621 
0.0134369 -0.0293216 -0.07761 
0.0376242 -0.0373456 0.0173802 
0.209464 0.0358727 0.0237633 
0.26529 -0.0423145 0.0262224 
-0.0559241 0.0289043 0.009676789999999999 
0.0611239 -0.06468409999999999 -0.0156448 
0.109383 0.009802699999999999 -0.0259869 
0.346401 0.00116536 0.0170954 
0.313115 -0.0139649 -0.00483008 
0.138298 0.0226341 -0.0479297 
0.0883626 -0.0198316 -0.0208086 
0.38199 0.019574 0.0307745 
0.0110256 0.0782038 0.0148496 
0.043983 -0.0276032 -0.0195912 
0.32533 -0.00515496 0.016156 
0.293406 -0.0255643 0.0266957 
0.173953 -0.0241762 -0.0278153 
0.135042 -0.0139794 -0.02631 
0.0130684 0.00295472 -0.0666549 
0.382668 -0.0343383 -0.0261697 
0.141749 0.0149503 0.0145504 
0.247829 0.0008000149999999999 0.0362965 
0.57381 0.0173972 0.0204238 
0.0544684 0.0574861 0.0428644 
0.163494 0.00826262 -0.0449016 
0.297536 -0.0317602 -0.0215838 
0.153001 0.0009999970000000001 0.0388838 
0.0295787 0.022572 -0.0319975 
0.0732217 -0.0151703 0.0568769 
0.276421 0.0279287 -0.0395047 
0.0537626 -0.0193482 0.00688723 
0.199093 0.0186937 0.0178177 
0.255674 -0.0255861 0.0319985 
-0.0244046 -0.0116678 -0.0482719 
0.177743 0.0161301 0.037516 
0.436294 0.0139957 -0.0281439 
0.0349247 -0.013027 -0.0354975 
-0.0367507 0.0037309 -0.0195082 
-0.0346065 -0.0009999729999999999 0.0211462 
0.08599999999999999 -0.043635 -0.0222113 
0.0469129 -0.0248155 0.0429467 
0.149962 0.0460666 0.0316828 
0.0468128 0.0009999970000000001 0.048726 
0.0471 0.00181161 -0.0254586 
0.364721 0.00836105 0.0121682 
-0.0629807 -0.0138145 -0.010721 
0.262664 -0.00250133 -0.00695421 
0.55452 -0.00914831 0.00819319 
0.0751 -0.00112137 -0.0326497 
-0.0196863 -0.029969 0.0141242 
0.418441 -0.0104139 0.0133601 
0.262353 0.0077517 0.0319609 
0.252777 -0.0396256 0.0191323 
0.175199 -0.015 -0.0280385 
0.0786172 0.0676774 -0.0204172 
0.149499 0.0515569 -0.032387 
0.0690456 0.0691425 -0.0160449 
0.440646 -0.032373 -0.0124785 
0.0886489 0.0171885 0.0123819 
 0.099 0.0201473 -0.0260661 
0.355804 0.0362782 0.0214746 
0.00533298 0.0727095 0.0309646 
0.197809 -0.0115559 0.034597 
0.0254331 0.0200821 0.0577967 
-0.0297437 0.030926 -0.0488376 
0.194259 -0.0476361 -0.017943 
 0.089 0.00723109 -0.0429008 
0.432626 -0.0108824 -0.00652331 
0.0448406 -0.0139014 -0.0495581 
0.0751 -0.0113052 0.0203948 
-0.00975113 -0.0285886 0.0395 
-0.0191575 0.0203183 0.0436979 
0.402845 0.0251245 0.0250219 
0.133567 -0.0276577 -0.0443826 
0.306899 0.00694279 0.0106177 
 0.089 0.028581 -0.0407958 
0.535646 0.051594 -0.0244662 
0.0406188 0.0386016 0.0110626 
0.0429019 -0.0162292 -0.0644767 
0.0176981 -0.0746715 -0.0130968 
0.257845 -0.0391654 -0.00963846 
0.301643 -0.0132263 -0.007365 
0.335781 -0.0441741 0.0106956 
-0.00164576 -0.0118148 -0.07273590000000001 
0.113214 0.0135888 0.0480396 
0.0229432 0.00199391 -0.0490208 
0.112085 0.00774984 0.0513608 
0.129632 -0.0566499 -0.0242967 
0.028577 -4.74107e-05 -0.0186067 
0.0160815 0.0790382 0.00615837 
0.0974122 0.0152145 0.00386916 
0.195275 -0.0173818 0.0124343 
-0.0562427 0.000999981 -0.0286798 
-0.00513273 0.0557359 0.0145419 
0.279745 -0.0278571 -0.0423611 
0.524075 0.034718 -0.0211616 
0.33005 -0.0312889 0.026401 
0.155011 -0.0249873 -0.00610801 
0.5173759999999999 0.0322996 0.00120636 
0.0914613 -0.0243923 -0.0010838 
-0.0172775 0.00116102 -0.0805164 
-0.0515044 0.0339529 0.0280287 
0.0485307 -0.0674862 -0.00807193 
0.43421 0.0321443 -0.0157937 
0.550529 -0.000629252 -0.00856984 
-0.008398940000000001 -0.023504 0.0187547 
0.16892 0.0187347 -0.028645 
0.194705 -0.0245713 0.0204855 
0.551808 -0.00722244 -0.0133182 
0.335456 0.041859 0.00453805 
0.431935 -0.00225807 -0.0149472 
0.0148151 0.009403709999999999 -0.0642356 
0.0383386 0.00922097 -0.0255 
0.174131 -0.0119914 0.0138736 
-0.0300737 0.010907 0.0516684 
0.144869 -0.0571129 -0.010072 
-0.0314995 0.008033429999999999 -0.07126 
-0.0103185 -0.0389458 -0.0354975 
0.416249 0.0290736 0.0159846 
-0.0287056 -0.00529794 0.0435146 
0.00223181 0.0292781 -0.0042229 
0.0368556 -0.00163262 -0.0204746 
0.170679 0.0345 0.00129989 
0.0150602 0.0266875 -0.0229399 
0.1613 0.0280963 -0.013375 
0.0123307 -0.0422493 -0.0704975 
-0.023895 -0.0351509 -0.0715369 
0.240274 -0.00431838 -0.0473169 
0.09385590000000001 -0.0576815 0.0254409 
0.0334183 0.021004 -0.0295 
0.410312 0.00857087 0.0120561 
0.359553 -0.0126097 0.0343509 
-0.0556878 -0.0477266 -0.00505105 
-0.0262582 0.0195523 -0.0184162 
0.410884 -0.0326938 0.000800003 
0.557625 0.000542037 0.0237946 
0.0197413 0.0379734 -0.0305 
0.241303 0.0145209 0.0289985 
0.256532 0.00225197 0.0289985 
0.237545 0.0146859 -0.00314832 
0.0504205 0.024041 -0.0250591 
0.114781 0.00463714 -0.0302611 
0.609551 0.00737796 -0.0167673 
0.303664 0.0276355 -0.0295601 
0.0963249 -0.0167164 -0.0119838 
-0.021371 -0.0290512 -0.0434975 
0.5414909999999999 0.0460569 -0.0264902 
0.00522659 -0.000303408 0.0604934 
0.222664 0.000755074 -0.0147099 
0.0133136 -0.0179508 0.0154495 
-0.0304855 0.0301736 -0.0488222 
0.200104 0.0343295 0.0270691 
-0.0169211 0.027044 -0.0346637 
0.0872695 0.0689739 -0.0106246 
0.009959320000000001 -0.037014 -0.0474975 
-0.0243034 -0.0334365 0.0174993 
-0.0227779 -0.0722984 -0.0434321 
-0.00538892 -0.0314152 -0.0299268 
-0.0576513 0.050639 -0.0292073 
0.35567 0.0113785 -0.0417202 
0.0381377 -0.0630337 0.0279548 
0.123445 0.0399407 -0.0447132 
0.162959 -0.0288784 -0.0207934 
0.301985 -0.0100749 -0.00773837 
0.0446126 -0.0110683 -0.0537411 
0.0182379 0.0389718 0.0610195 
0.17873 -0.0216163 -0.0303095 
0.600064 0.0266133 0.0163757 
0.186464 0.0345 -0.008133069999999999 
0.419468 0.0145609 -0.0284325 
0.277881 0.00776751 0.0411284 
0.307663 0.0459361 -0.0186871 
0.106029 -0.0246282 -0.009334200000000001 
-0.0324372 -0.0497336 -0.0332782 
-0.032955 0.00112316 -0.0489996 
0.0833279  0.055 -0.00924007 
0.46007 0.00176111 0.0249413 
-0.0102779 -0.0139804 -0.08352469999999999 
0.115601 -0.0233402 0.00286068 
0.08599999999999999 -0.0550522 -0.00733946 
0.54133 -0.0354559 -0.00998285 
0.316605 -0.0366034 0.026498 
-0.038008 0.0697171 0.0159596 
 0.089 0.0256049 0.0178897 
0.190512 0.0113921 0.008279140000000001 
 0.081 -0.00583983 0.0302087 
-0.0005240759999999999 0.0283762 -0.0429193 
0.0936258 -0.0521124 -0.00649999 
-0.0229251 -0.009762399999999999 0.00581749 
-0.00144144 0.0782798 0.0150245 
0.0109829 0.0192081 -0.0426273 
0.0548156 0.0176091 0.00889357 
0.0294649 0.0476959 -0.00271761 
-0.009242459999999999 -0.0286167 -0.0355 
0.386455 -0.000799979 -0.0218279 
0.155552 0.0156501 -0.0249402 
-0.020645 -0.0315343 -0.0319975 
-0.0560434 -0.00244428 0.0131103 
0.161826 -0.0187536 0.011297 
-0.0622643 -0.017311 0.00212272 
0.0948678 -0.0200777 0.0159919 
0.000394126 -0.0225898 0.0476979 
0.328148 -0.0146981 -0.008539100000000001 
-0.0120452 0.0303652 -0.0295 
0.0850007 -0.0317546 0.0248404 
0.295078 -0.0240473 0.0229159 
0.200344 -0.0176473 -0.023071 
0.424084 0.000799988 -0.023533 
0.401692 -0.0408062 0.00207396 
0.152999 -0.0106209 -0.0480938 
0.584373 0.016626 0.0141338 
0.0745692 0.0126382 -0.050479 
0.531782 0.00348396 -0.0123934 
0.11589 -0.0205254 0.00888276 
-0.022834 0.0570378 -0.0515 
-0.0416221 0.00725353 -0.0254975 
0.0571172 -0.011271 -0.0253958 
0.0107704 0.0104218 0.063614 
0.463205 0.0129221 -0.0231482 
-0.0286413 0.000216668 -0.0479105 
0.248209 0.018939 -1.05443e-08 
0.121452 -0.00715846 0.0160875 
0.136691 -0.0437191 -0.00450001 
0.293989 -0.00582676 -0.0497696 
0.00487981 -0.0273227 -0.0524105 
0.0800878 0.06473189999999999 0.0201377 
0.009756910000000001 0.055956 0.0557707 
0.146546 -0.000430114 0.0195381 
0.08992650000000001 0.034592 0.0491981 
0.00485556 -0.0280916 0.0071941 
 0.158 0.0412592 -0.0216335 
0.111713 -0.0142798 0.0173745 
 0.158 -0.024261 -0.0225548 
-0.0153957 -0.0279059 -0.0311735 
-0.00400108 0.0761324 -0.0484328 
-0.00783851 -0.000811811 -0.0510053 
0.01888 0.0355823 0.00613842 
0.432826 0.00704109 -0.0279845 
0.0126314 0.0541636 -0.0508589 
-0.0146686 0.00294837 -0.0802537 
0.431882 -0.0161109 0.00534623 
0.415787 0.0325489 0.00991453 
0.402499 -0.0410883 -0.000421314 
0.07051010000000001 0.0670173 -0.0137334 
0.0228468 -0.0739684 -0.0278312 
0.0393807 0.0355966 0.00767589 
0.0334843 -0.0116335 -0.071935 
0.0359623 -0.00314057 0.0370896 
0.0300826 -0.043744 0.0450676 
0.225615 0.0420351 -0.00686992 
0.379335 0.0394271 0.00224374 
-0.00768543 -0.0262011 0.0108053 
0.010141 -0.00884599 -0.07203759999999999 
0.171826 0.00484734 -0.034849 
0.224424 -0.012521 -0.00197849 
-0.0225302 -0.022723 -0.0274882 
0.285103 0.0099767 0.0240909 
0.349939 -0.0140031 -0.009557049999999999 
0.0516764 0.0764749 -0.0192373 
-0.00289344 -0.0675867 -0.0495 
0.194718 -0.00778302 -0.0269571 
0.429329 -0.0220157 -0.025707 
0.331989 0.0394435 -0.0340628 
0.151405 0.00275538 -0.0303916 
0.182599 -0.00328175 -0.0380807 
-0.033838 0.0517224 0.00688765 
0.0848689 0.0158891 -0.025265 
0.0237453 0.0470272 0.0212708 
0.0167412 -0.0158211 -0.0398628 
0.132721 -0.0556012 0.00621634 
 0.089 -0.0220249 -0.0245134 
-0.0254865 0.0417073 -0.0277916 
0.580349 -0.0310843 -0.0139462 
0.284729 0.0015638 -0.050491 
0.290326 0.00329931 0.0145616 
-0.00300273 -0.0302886 -0.0226769 
0.450664 -0.00957475 0.0141119 
0.393647 0.0209558 -0.0312709 
0.504614 0.00190298 0.0240191 
0.308466 -0.0319005 0.000845906 
0.321267 0.0365857 -0.038193 
0.162933 -0.0214679 0.019165 
0.161476 0.024457 0.00172149 
-0.0125137 -0.039704 0.0558917 
0.0236729 0.0431681 0.0548679 
-0.0214252 -0.0178002 0.0446439 
0.526859 -0.031449 -0.00107264 
0.258029 -0.0419402 -0.012692 
0.309895 0.00115116 -0.0128218 
0.153068 -0.0205127 0.0405275 
0.0133216 0.010419 -0.0718708 
-0.0257182 0.0243449 -0.0334923 
-0.00647719 -0.000790695 -0.07152849999999999 
-0.00397342 -0.0213017 -0.05241 
0.363191 -0.012196 0.012113 
0.201258 -0.0109756 0.0146896 
-0.0206863 0.0243688 -0.0716379 
0.251293 0.0132355 -0.00662216 
0.195859 0.0166209 -0.0336934 
0.0735864 -0.0426328 -0.044703 
0.0501672 0.0268837 -0.00397002 
0.212562 -0.00498254 0.0323116 
0.31126 -0.0388272 -0.0366563 
0.0120737 0.0030292 -0.07276000000000001 
0.0179801 -0.0129752 -0.0572727 
0.14229 -0.0195598 0.00637963 
0.127594 0.0505369 -0.00450001 
0.0608788 0.00949649 -0.0263936 
-0.0456903 -0.0599483 0.01913 
0.50413 -0.0155033 -0.0220848 
-0.0301395 -0.0122954 0.008572750000000001 
0.412515 -0.0107879 0.009981189999999999 
0.0478981 -0.05904 0.0260713 
0.199579 -0.00595856 -0.0276469 
0.009823490000000001 0.00369408 -0.0670588 
0.149189 0.021351 -0.0183301 
-0.0139804 -0.0149862 -0.0738176 
0.0928079 0.0126019 0.0163227 
0.128961 -0.0556292 -0.00649999 
0.237791 -0.009453039999999999 0.0319985 
0.09783260000000001 -0.000999977 0.0259623 
0.02924 0.0129916 -0.0342787 
0.0351005 -0.0234907 -0.0652688 
0.0471 0.00113775 0.0182154 
0.513467 0.0100556 0.0267373 
-0.020589 -0.0276792 0.00462409 
0.263516 0.0139627 0.00465645 
0.487832 -0.0106865 -0.00658908 
0.0741662 0.0240461 0.0140346 
0.268645 -0.00313808 -0.0146742 
0.168452 0.0528243 0.0131515 
0.0164798 0.053521 0.0287056 
0.15417 0.0120451 0.0399964 
0.0303445 -0.0434075 0.0257059 
0.2111 -0.000103875 -0.0302001 
0.0436733 -0.0710148 -0.0515 
-0.0267504 -0.0168886 -0.0163429 
-0.0126842 0.00440003 -0.0701653 
0.292919 -0.00435295 0.0405987 
 0.089 0.0393251 0.0286422 
0.102776 0.0215537 0.00686696 
0.18218 -0.00422139 0.0240171 
0.00712846 -0.0764418 -0.037316 
0.0286238 0.009933829999999999 -0.0355165 
0.111779 -0.0181646 -0.0253716 
0.016705 -0.00452588 -0.0798933 
0.0226451 -0.0574005 0.0452724 
0.414939 -0.0127331 -0.000448785 
-0.007955830000000001 -0.0673681 -0.0515 
0.297664 -0.0135677 -0.0124955 
0.401343 0.0378316 0.00627995 
0.409139 -0.00132427 0.0151167 
0.08309999999999999 -0.0470371 -0.0202131 
0.564869 0.0694655 -0.0499169 
0.0523892 0.0229309 -0.0148142 
0.220664 0.0124666 -0.00604377 
0.168183 0.0181979 0.0148626 
0.182442 0.00114737 -0.0302258 
0.600805 0.00199436 -0.00385404 
0.148374 -0.0116485 0.0164936 
0.394218 -0.0313804 -0.0286383 
0.019759 -0.00117792 -0.0502451 
0.299189 -0.0166068 0.0381652 
0.295608 -0.0480268 -0.0241069 
0.169007 -0.0466201 -0.0238914 
0.237471 0.0189774 -0.00700001 
0.0145697 0.0388723 -0.0474975 
0.141125 0.000999996 0.0407387 
0.107944 -0.0384518 -0.00450001 
0.386778 -0.000799971 0.0311281 
0.132438 -0.00317985 -0.0302697 
0.0224494 -0.0402102 -0.00785802 
0.0929595 -0.000999975 0.0355953 
0.360563 0.0376966 0.0185355 
0.194702 -0.00128498 -0.0302814 
0.032749 -0.027968 -0.0564975 
-0.0449118 -0.0282574 0.0357602 
0.0371793 -0.0613976 0.0316621 
0.211825 -0.0388336 0.0175754 
0.08309999999999999 -0.0236605 -0.0157356 
0.396317 0.016676 0.00294623 
0.593171 -0.00361022 0.000454476 
0.411485 0.0151407 -0.000564025 
0.402093 -0.0127884 0.0273463 
0.187584 -0.0371755 0.0210562 
0.0678584 -0.0349672 0.0493027 
0.300664 0.0200493 -0.0295912 
0.226865 0.010655 0.0141701 
-0.0611537 -0.0389467 -0.0210945 
0.0252806 -0.0203139 0.060733 
0.0647998 0.0479863 0.0507366 
0.000286804 0.019274 -0.0531985 
0.0205124 0.0321023 -0.07358820000000001 
 0.089 0.0386996 -0.0146625 
0.000394466 -0.07220070000000001 0.0139224 
0.0291308 -0.0265968 0.0618029 
0.0063648 -0.0732748 0.0194969 
0.392122 -0.0369587 -0.0212655 
0.520723 0.0259022 -0.0167806 
0.5059630000000001 0.0189154 -0.00949094 
0.0570914 0.0178818 -0.00505023 
 0.089 0.0419576 0.0260672 
0.300664 -0.0127097 -0.0144444 
-0.00428235 -0.0557153 0.0131245 
0.521603 0.0331067 -0.0236481 
0.354998 0.0264016 0.000800003 
0.556408 0.00216189 0.00213081 
0.429354 0.00576777 -0.011368 
-0.0352005 0.0499314 -0.0515 
0.0258531 -0.020431 -0.0510314 
0.169561 0.0526873 0.0126685 
0.408073 -0.0114561 0.0291618 
0.152499 -0.0107068 -0.045531 
0.349604 0.0318013 0.0273605 
0.06481919999999999 -0.06800100000000001 -0.0101802 
0.381281 -0.010661 -0.00685645 
-0.00559684 -0.0168333 -0.0660782 
0.200801 -0.0072845 -0.0349814 
0.34883 0.0430117 -0.00969954 
-0.0283313 -0.00376721 0.0166791 
0.390416 -0.0153286 0.0279712 
0.10165 0.0602337 -0.00450001 
0.019941 -0.0231835 0.0476979 
0.149803 0.0209586 0.0115777 
0.188101 0.0375 -0.00849454 
-0.0470099 0.0244675 0.0200873 
0.300664 0.0231212 0.008969629999999999 
0.11599 0.0236285 0.00248496 
0.31751 0.0329233 0.000800003 
0.496397 0.0116109 0.0239027 
0.0587406 0.0640642 -0.0240029 
0.555609 -0.0273936 -0.0049797 
 0.158 -0.0160919 -0.0375233 
0.420427 -0.00837595 -0.0125603 
0.016918  0.015 0.0185266 
0.25169 0.020986 0.00300001 
-0.0163499 0.0597045 -0.0534975 
0.139078 -0.0200617 -0.0202153 
-0.0187676 0.0185868 0.00956187 
0.0285608 0.07147199999999999 0.0290912 
0.177568 -0.0463888 -0.00649999 
0.320852 -0.00207791 -0.0457117 
-0.034056 -0.0733053 -0.0057402 
0.0723013 0.0280696 -0.0349839 
0.0207581 0.00861779 0.0380345 
0.319104 0.0410036 0.000800003 
 0.089 -0.049594 -0.0185075 
0.0990742 -0.0464718 -0.0396622 
0.297664 0.0266984 0.008252280000000001 
0.0148837 -0.06992760000000001 0.0276773 
0.246011 0.021996 -0.00360673 
0.152127 0.0153161 0.0116455 
0.068235 -0.0208121 -0.015001 
0.08724949999999999 0.00768144 0.0181186 
0.183819 0.0169522 -0.0282344 
0.0628228 -0.0341891 -0.0467596 
-0.0212562 0.0374685 0.0275012 
0.272659 -0.00159177 0.0128601 
-0.014717 0.0245574 0.0406979 
 0.089 0.0358334 0.0327438 
0.2309 -0.0105565 -0.0102917 
0.165526 0.0268012 -0.0442907 
0.205825 -0.0214595 -0.0180753 
0.00333555 0.0108634 -0.05576 
0.0324247 -0.0230629 -0.0156362 
3 44 769 406 
3 516 373 115 
3 516 636 373 
3 636 717 329 
3 636 516 717 
3 23 888 406 
3 888 117 185 
3 117 769 185 
3 23 117 888 
3 769 117 406 
3 117 23 406 
3 230 119 115 
3 230 661 119 
3 531 119 185 
3 119 531 44 
3 769 531 185 
3 531 769 44 
3 94 377 931 
3 377 843 396 
3 843 377 94 
3 226 930 670 
3 373 734 115 
3 734 56 115 
3 28 373 396 
3 843 28 396 
3 56 28 843 
3 28 734 373 
3 734 28 56 
3 119 47 115 
3 47 119 44 
3 717 416 44 
3 516 416 717 
3 416 47 44 
3 416 516 115 
3 47 416 115 
3 404 266 329 
3 266 636 329 
3 373 173 396 
3 636 173 373 
3 61 614 931 
3 614 877 931 
3 877 614 61 
3 877 870 216 
3 89 164 670 
3 89 930 752 
3 930 89 670 
3 888 624 406 
3 547 624 888 
3 724 44 406 
3 724 717 44 
3 624 724 406 
3 724 624 547 
3 717 724 329 
3 164 278 670 
3 56 923 115 
3 923 230 115 
3 230 923 56 
3 667 56 843 
3 230 667 843 
3 667 230 56 
3 877 506 931 
3 119 712 185 
3 661 712 119 
3 881 377 226 
3 465 649 404 
3 377 818 226 
3 818 930 226 
3 930 818 752 
3 818 465 752 
3 818 377 396 
3 266 135 636 
3 135 173 636 
3 173 135 396 
3 135 818 396 
3 649 135 404 
3 135 266 404 
3 465 135 649 
3 818 135 465 
3 90 877 61 
3 90 870 877 
3 888 90 229 
3 89 700 164 
3 700 89 752 
3 465 700 752 
3 280 888 229 
3 280 702 888 
3 702 85 888 
3 85 547 888 
3 85 70 329 
3 85 164 70 
3 85 702 164 
3 85 724 547 
3 724 85 329 
3 691 877 216 
3 691 506 877 
3 977 230 843 
3 977 843 94 
3 977 94 931 
3 506 977 931 
3 984 61 931 
3 377 984 931 
3 881 984 377 
3 24 984 881 
3 984 24 61 
3 278 24 670 
3 24 90 61 
3 24 278 164 
3 260 888 185 
3 260 90 888 
3 761 404 329 
3 70 761 329 
3 761 465 404 
3 761 700 465 
3 164 761 70 
3 700 761 164 
3 702 341 164 
3 280 341 702 
3 341 280 229 
3 341 24 164 
3 24 341 90 
3 90 341 229 
3 691 114 506 
3 114 691 216 
3 661 114 216 
3 114 661 230 
3 508 226 670 
3 24 508 670 
3 508 881 226 
3 508 24 881 
3 712 356 185 
3 356 260 185 
3 356 712 661 
3 260 356 90 
3 57 977 506 
3 114 57 506 
3 977 57 230 
3 57 114 230 
3 197 661 216 
3 197 356 661 
3 870 197 216 
3 90 197 870 
3 356 197 90 
Vertices and facets:
- p769(v20): -0.004 0.076 -0.048
- p44(v10): -0.049 0.068 -0.045
- p406(v2): 0.0073  0.08 -0.03
- p516(v27): -0.058 0.045 -0.0026
- p373(v14): -0.057 0.0078 0.021
- p115(v0): -0.07 -0.0089 -0.032
- p636(v29): -0.052 0.034 0.028
- p717(v19): -0.038  0.07 0.016
- p329(v7): -0.034 0.065 0.029
- p23(v35): 0.028 0.078 -0.038
- p888(v11):  0.56 0.069 -0.05
- p117(v36): 0.021 0.076 -0.051
- p185(v6): -0.0034 0.017 -0.088
- p230(v38): -0.058 -0.058 -0.033
- p119(v22): -0.043 0.007 -0.07
- p661(v39): -0.024 -0.035 -0.072
- p531(v40): -0.018  0.03 -0.077
- p377(v41): -0.015 -0.055 0.048
- p94(v13): -0.03 -0.063 0.028
- p931(v5): 0.0064 -0.073 0.019
- p843(v25): -0.046 -0.06 0.019
- p396(v8): -0.046 -0.034 0.039
- p930(v43): 0.029 -0.027 0.062
- p226(v24): 0.032 -0.046 0.054
- p670(v9):  0.56 0.00054 0.024
- p734(v44): -0.062 -0.017 0.0021
- p56(v26): -0.059 -0.032 0.0074
- p28(v45): -0.048 -0.035 0.036
- p47(v46): -0.063 0.039 -0.036
- p416(v47): -0.059 0.048 -0.015
- p266(v48): -0.038 0.027 0.045
- p404(v15): -0.03 0.032  0.05
- p173(v49): -0.048 0.003 0.036
- p614(v50): 0.018 -0.075 -0.013
- p61(v16):  0.55 -0.037 -0.014
- p877(v30): 0.0071 -0.076 -0.037
- p870(v51): 0.044 -0.071 -0.051
- p216(v12): -0.017 -0.07 -0.051
- p89(v53):  0.58 0.018 0.024
- p164(v32):   0.6 0.024 0.021
- p752(v3): 0.011  0.01 0.064
- p624(v56): 0.016 0.079 0.0062
- p547(v34): 0.011 0.078 0.015
- p724(v58): -0.0014 0.078 0.015
- p278(v59):  0.59 0.009 0.018
- p923(v61): -0.061 -0.039 -0.021
- p667(v62): -0.056 -0.048 -0.0051
- p506(v63): -0.02 -0.076 -0.031
- p712(v64): -0.01 -0.014 -0.084
- p881(v65): 0.023 -0.057 0.045
- p465(v66): -0.0018 0.011 0.062
- p649(v28): -0.03 0.011 0.052
- p818(v68): -0.013 -0.04 0.056
- p135(v69): -0.036 0.0014  0.05
- p90(v70):  0.61 -0.033 -0.03
- p229(v1):  0.62 0.011 -0.028
- p700(v72): 0.018 0.039 0.061
- p280(v73):  0.62 0.033 -0.018
- p702(v54):   0.6 0.027 0.016
- p85(v74): 0.017 0.073 0.037
- p70(v17): 0.015 0.063 0.051
- p691(v75): -0.023 -0.072 -0.043
- p977(v76): -0.034 -0.073 -0.0057
- p984(v78): 0.015 -0.07 0.028
- p24(v79):  0.59 -0.029 -0.0016
- p260(v80): 0.0054 -0.015 -0.087
- p761(v81): 0.0098 0.056 0.056
- p341(v82):  0.61 0.023 0.012
- p114(v83): -0.044 -0.064 -0.039
- p508(v84):  0.29 -0.035 0.032
- p356(v85): 0.0045 -0.017 -0.087
- p57(v86): -0.053 -0.06 -0.034
- p197(v87): -0.0016 -0.044 -0.072
- f72
    - flags: bottom simplicial
    - normal:   -0.1722   0.9811 -0.08869
    - offset: -0.07967484
    - vertices: p769(v20) p44(v10) p406(v2)
    - neighboring facets: f244 f151 f171
- f105
    - flags: top simplicial
    - normal:   -0.9741   0.1017   0.2018
    - offset: -0.0603678
    - vertices: p516(v27) p373(v14) p115(v0)
    - neighboring facets: f187 f202 f114
- f114
    - flags: bottom simplicial
    - normal:   -0.9608   0.1297    0.245
    - offset: -0.06075753
    - vertices: p636(v29) p516(v27) p373(v14)
    - neighboring facets: f105 f210 f117
- f116
    - flags: top simplicial
    - normal:   -0.7974   0.4402   0.4128
    - offset: -0.0675851
    - vertices: p636(v29) p717(v19) p329(v7)
    - neighboring facets: f249 f205 f117
- f117
    - flags: top simplicial
    - normal:   -0.8397   0.4292   0.3328
    - offset: -0.06714678
    - vertices: p636(v29) p516(v27) p717(v19)
    - neighboring facets: f200 f116 f114
- f145
    - flags: top simplicial
    - normal:   0.01187    0.984  -0.1776
    - offset: -0.08392823
    - vertices: p23(v35) p888(v11) p406(v2)
    - neighboring facets: f236 f152 f150
- f148
    - flags: bottom simplicial
    - normal:  0.008491   0.5284  -0.8489
    - offset: -0.08388073
    - vertices: p117(v36) p888(v11) p185(v6)
    - neighboring facets: f368 f149 f150
- f149
    - flags: top simplicial
    - normal:   -0.0922   0.5554  -0.8264
    - offset: -0.08268227
    - vertices: p117(v36) p769(v20) p185(v6)
    - neighboring facets: f170 f148 f151
- f150
    - flags: bottom simplicial
    - normal:   0.01173    0.983  -0.1832
    - offset: -0.08405977
    - vertices: p117(v36) p23(v35) p888(v11)
    - neighboring facets: f145 f148 f152
- f151
    - flags: bottom simplicial
    - normal:  -0.005255   0.9815  -0.1914
    - offset: -0.08401413
    - vertices: p117(v36) p769(v20) p406(v2)
    - neighboring facets: f72 f152 f149
- f152
    - flags: top simplicial
    - normal:  0.009922   0.9832  -0.1823
    - offset: -0.08398702
    - vertices: p117(v36) p23(v35) p406(v2)
    - neighboring facets: f145 f151 f150
- f157
    - flags: top simplicial
    - normal:    -0.783  -0.1694  -0.5985
    - offset: -0.07502704
    - vertices: p230(v38) p119(v22) p115(v0)
    - neighboring facets: f197 f258 f167
- f167
    - flags: bottom simplicial
    - normal:   -0.6308  -0.2747  -0.7257
    - offset: -0.0766434
    - vertices: p661(v39) p230(v38) p119(v22)
    - neighboring facets: f157 f270 f392
- f168
    - flags: top simplicial
    - normal:    -0.444   0.2407  -0.8631
    - offset: -0.08182162
    - vertices: p531(v40) p119(v22) p185(v6)
    - neighboring facets: f269 f170 f169
- f169
    - flags: bottom simplicial
    - normal:   -0.4822   0.2923  -0.8258
    - offset: -0.08121728
    - vertices: p531(v40) p119(v22) p44(v10)
    - neighboring facets: f198 f171 f168
- f170
    - flags: bottom simplicial
    - normal:   -0.1325   0.5526  -0.8229
    - offset: -0.08245369
    - vertices: p531(v40) p769(v20) p185(v6)
    - neighboring facets: f149 f168 f171
- f171
    - flags: top simplicial
    - normal:    -0.148   0.5548  -0.8187
    - offset: -0.08248531
    - vertices: p531(v40) p769(v20) p44(v10)
    - neighboring facets: f72 f169 f170
- f172
    - flags: bottom simplicial
    - normal:   -0.1428  -0.8719   0.4685
    - offset: -0.07211117
    - vertices: p377(v41) p94(v13) p931(v5)
    - neighboring facets: f349 f357 f175
- f174
    - flags: top simplicial
    - normal:   -0.5315  -0.5165   0.6714
    - offset: -0.06809022
    - vertices: p377(v41) p843(v25) p396(v8)
    - neighboring facets: f191 f298 f175
- f175
    - flags: bottom simplicial
    - normal:   -0.4706  -0.6228    0.625
    - offset: -0.07079707
    - vertices: p377(v41) p843(v25) p94(v13)
    - neighboring facets: f348 f172 f174
- f184
    - flags: bottom simplicial
    - normal:   0.08561  -0.3735   0.9237
    - offset: -0.06951335
    - vertices: p930(v43) p226(v24) p670(v9)
    - neighboring facets: f393 f226 f293
- f187
    - flags: bottom simplicial
    - normal:   -0.9746  0.04692   0.2191
    - offset: -0.06033367
    - vertices: p734(v44) p373(v14) p115(v0)
    - neighboring facets: f105 f188 f193
- f188
    - flags: top simplicial
    - normal:   -0.9726  -0.1619   0.1671
    - offset: -0.06371265
    - vertices: p734(v44) p56(v26) p115(v0)
    - neighboring facets: f257 f187 f194
- f190
    - flags: top simplicial
    - normal:    -0.847 0.008291   0.5315
    - offset: -0.0594882
    - vertices: p28(v45) p373(v14) p396(v8)
    - neighboring facets: f209 f191 f193
- f191
    - flags: bottom simplicial
    - normal:   -0.6392  -0.4698   0.6088
    - offset: -0.06901829
    - vertices: p28(v45) p843(v25) p396(v8)
    - neighboring facets: f174 f190 f192
- f192
    - flags: bottom simplicial
    - normal:   -0.9022  -0.2914   0.3181
    - offset: -0.06477389
    - vertices: p28(v45) p56(v26) p843(v25)
    - neighboring facets: f260 f191 f194
- f193
    - flags: top simplicial
    - normal:   -0.9307 -0.07004    0.359
    - offset: -0.05992462
    - vertices: p28(v45) p734(v44) p373(v14)
    - neighboring facets: f187 f190 f194
- f194
    - flags: bottom simplicial
    - normal:   -0.9321 -0.08425   0.3523
    - offset: -0.06024172
    - vertices: p28(v45) p734(v44) p56(v26)
    - neighboring facets: f188 f192 f193
- f197
    - flags: bottom simplicial
    - normal:    -0.839  0.06291  -0.5405
    - offset: -0.07499783
    - vertices: p47(v46) p119(v22) p115(v0)
    - neighboring facets: f157 f203 f198
- f198
    - flags: top simplicial
    - normal:   -0.7718   0.1784  -0.6103
    - offset: -0.07780974
    - vertices: p47(v46) p119(v22) p44(v10)
    - neighboring facets: f169 f201 f197
- f199
    - flags: bottom simplicial
    - normal:    -0.794   0.5938   0.1306
    - offset: -0.07365744
    - vertices: p416(v47) p717(v19) p44(v10)
    - neighboring facets: f245 f201 f200
- f200
    - flags: bottom simplicial
    - normal:   -0.8309   0.5143   0.2125
    - offset: -0.07082672
    - vertices: p416(v47) p516(v27) p717(v19)
    - neighboring facets: f117 f199 f202
- f201
    - flags: top simplicial
    - normal:   -0.9066   0.4214  -0.0223
    - offset: -0.07432686
    - vertices: p416(v47) p47(v46) p44(v10)
    - neighboring facets: f198 f199 f203
- f202
    - flags: top simplicial
    - normal:   -0.9798   0.1295   0.1524
    - offset: -0.06208856
    - vertices: p416(v47) p516(v27) p115(v0)
    - neighboring facets: f105 f203 f200
- f203
    - flags: bottom simplicial
    - normal:   -0.9839   0.1443   0.1059
    - offset: -0.06372485
    - vertices: p416(v47) p47(v46) p115(v0)
    - neighboring facets: f197 f202 f201
- f204
    - flags: bottom simplicial
    - normal:   -0.6326   0.3532   0.6893
    - offset: -0.06430476
    - vertices: p266(v48) p404(v15) p329(v7)
    - neighboring facets: f375 f205 f304
- f205
    - flags: top simplicial
    - normal:   -0.6484   0.3494   0.6764
    - offset: -0.0642165
    - vertices: p266(v48) p636(v29) p329(v7)
    - neighboring facets: f116 f204 f299
- f209
    - flags: bottom simplicial
    - normal:   -0.8453 0.009895   0.5342
    - offset: -0.05946132
    - vertices: p173(v49) p373(v14) p396(v8)
    - neighboring facets: f190 f301 f210
- f210
    - flags: bottom simplicial
    - normal:   -0.8416  0.03148   0.5392
    - offset: -0.05952729
    - vertices: p173(v49) p636(v29) p373(v14)
    - neighboring facets: f114 f209 f300
- f213
    - flags: bottom simplicial
    - normal:   0.07025  -0.9953  0.06707
    - offset: -0.07468321
    - vertices: p614(v50) p61(v16) p931(v5)
    - neighboring facets: f356 f214 f215
- f214
    - flags: top simplicial
    - normal:   0.03848  -0.9977  0.05613
    - offset: -0.07444424
    - vertices: p614(v50) p877(v30) p931(v5)
    - neighboring facets: f266 f213 f215
- f215
    - flags: bottom simplicial
    - normal:   0.07031  -0.9966  0.04216
    - offset: -0.07511226
    - vertices: p614(v50) p877(v30) p61(v16)
    - neighboring facets: f308 f213 f214
- f216
    - flags: bottom simplicial
    - normal:  -0.01471  -0.9206  -0.3901
    - offset: -0.08482887
    - vertices: p870(v51) p877(v30) p216(v12)
    - neighboring facets: f344 f411 f309
- f224
    - flags: top simplicial
    - normal:    0.2097  -0.2602   0.9425
    - offset: -0.1392357
    - vertices: p89(v53) p164(v32) p670(v9)
    - neighboring facets: f251 f226 f325
- f225
    - flags: top simplicial
    - normal:   0.07021 -0.01398   0.9974
    - offset: -0.06406129
    - vertices: p89(v53) p930(v43) p752(v3)
    - neighboring facets: f295 f326 f226
- f226
    - flags: bottom simplicial
    - normal:   0.07596  -0.0883   0.9932
    - offset: -0.06594356
    - vertices: p89(v53) p930(v43) p670(v9)
    - neighboring facets: f184 f224 f225
- f236
    - flags: bottom simplicial
    - normal:   0.01907   0.9997    0.016
    - offset: -0.07941898
    - vertices: p624(v56) p888(v11) p406(v2)
    - neighboring facets: f145 f246 f238
- f238
    - flags: bottom simplicial
    - normal:   0.02878   0.9933   0.1121
    - offset: -0.07966025
    - vertices: p624(v56) p547(v34) p888(v11)
    - neighboring facets: f336 f236 f247
- f244
    - flags: top simplicial
    - normal:   -0.1951   0.9808 -0.00517
    - offset: -0.07697824
    - vertices: p724(v58) p44(v10) p406(v2)
    - neighboring facets: f72 f246 f245
- f245
    - flags: top simplicial
    - normal:   -0.2274   0.9736  0.02144
    - offset: -0.07685993
    - vertices: p724(v58) p717(v19) p44(v10)
    - neighboring facets: f199 f244 f249
- f246
    - flags: bottom simplicial
    - normal:  -0.02923   0.9992   0.0277
    - offset: -0.07867459
    - vertices: p724(v58) p624(v56) p406(v2)
    - neighboring facets: f236 f244 f247
- f247
    - flags: top simplicial
    - normal:  0.007466    0.995  0.09987
    - offset: -0.07937595
    - vertices: p724(v58) p624(v56) p547(v34)
    - neighboring facets: f238 f340 f246
- f249
    - flags: bottom simplicial
    - normal:   -0.2025   0.9054   0.3732
    - offset: -0.07677301
    - vertices: p724(v58) p717(v19) p329(v7)
    - neighboring facets: f116 f341 f245
- f251
    - flags: bottom simplicial
    - normal:    0.2481  -0.3356   0.9087
    - offset: -0.1597993
    - vertices: p278(v59) p164(v32) p670(v9)
    - neighboring facets: f224 f363 f365
- f257
    - flags: bottom simplicial
    - normal:   -0.9663  -0.2217   0.1309
    - offset: -0.06496651
    - vertices: p923(v61) p56(v26) p115(v0)
    - neighboring facets: f188 f258 f259
- f258
    - flags: top simplicial
    - normal:   -0.9674  -0.2353    0.094
    - offset: -0.06633866
    - vertices: p923(v61) p230(v38) p115(v0)
    - neighboring facets: f157 f257 f259
- f259
    - flags: bottom simplicial
    - normal:   -0.9546  -0.2626   0.1405
    - offset: -0.06564327
    - vertices: p923(v61) p230(v38) p56(v26)
    - neighboring facets: f262 f257 f258
- f260
    - flags: top simplicial
    - normal:   -0.9161   -0.345   0.2044
    - offset: -0.06644839
    - vertices: p667(v62) p56(v26) p843(v25)
    - neighboring facets: f192 f261 f262
- f261
    - flags: bottom simplicial
    - normal:   -0.9128  -0.3582   0.1963
    - offset: -0.06693523
    - vertices: p667(v62) p230(v38) p843(v25)
    - neighboring facets: f346 f260 f262
- f262
    - flags: top simplicial
    - normal:   -0.9237  -0.3339    0.188
    - offset: -0.06642364
    - vertices: p667(v62) p230(v38) p56(v26)
    - neighboring facets: f259 f260 f261
- f266
    - flags: bottom simplicial
    - normal:  -0.009184  -0.9984  0.05553
    - offset: -0.07418289
    - vertices: p506(v63) p877(v30) p931(v5)
    - neighboring facets: f214 f350 f345
- f269
    - flags: bottom simplicial
    - normal:   -0.3955 -0.05612  -0.9167
    - offset: -0.08142019
    - vertices: p712(v64) p119(v22) p185(v6)
    - neighboring facets: f168 f397 f270
- f270
    - flags: bottom simplicial
    - normal:    -0.462   -0.193  -0.8656
    - offset: -0.07974745
    - vertices: p712(v64) p661(v39) p119(v22)
    - neighboring facets: f167 f269 f399
- f276
    - flags: top simplicial
    - normal:  0.007916  -0.5907   0.8069
    - offset: -0.07061316
    - vertices: p881(v65) p377(v41) p226(v24)
    - neighboring facets: f292 f395 f358
- f282
    - flags: top simplicial
    - normal:   -0.3335  0.09609   0.9378
    - offset: -0.05953446
    - vertices: p465(v66) p649(v28) p404(v15)
    - neighboring facets: f303 f377 f305
- f292
    - flags: bottom simplicial
    - normal:  -0.02296  -0.4803   0.8768
    - offset: -0.06836309
    - vertices: p818(v68) p377(v41) p226(v24)
    - neighboring facets: f276 f293 f298
- f293
    - flags: top simplicial
    - normal:  -0.008829  -0.3877   0.9218
    - offset: -0.06702075
    - vertices: p818(v68) p930(v43) p226(v24)
    - neighboring facets: f184 f292 f295
- f295
    - flags: bottom simplicial
    - normal:   -0.1082  -0.1021   0.9889
    - offset: -0.06067657
    - vertices: p818(v68) p930(v43) p752(v3)
    - neighboring facets: f225 f296 f293
- f296
    - flags: top simplicial
    - normal:    -0.155 -0.07968   0.9847
    - offset: -0.06013973
    - vertices: p818(v68) p465(v66) p752(v3)
    - neighboring facets: f327 f295 f306
- f298
    - flags: top simplicial
    - normal:   -0.4679   -0.371   0.8021
    - offset: -0.0654167
    - vertices: p818(v68) p377(v41) p396(v8)
    - neighboring facets: f174 f302 f292
- f299
    - flags: bottom simplicial
    - normal:   -0.7513  0.09485   0.6531
    - offset: -0.06022103
    - vertices: p135(v69) p266(v48) p636(v29)
    - neighboring facets: f205 f300 f304
- f300
    - flags: top simplicial
    - normal:    -0.781  0.05969   0.6217
    - offset: -0.05967611
    - vertices: p135(v69) p173(v49) p636(v29)
    - neighboring facets: f210 f299 f301
- f301
    - flags: bottom simplicial
    - normal:   -0.7843  0.02082   0.6201
    - offset: -0.05965983
    - vertices: p135(v69) p173(v49) p396(v8)
    - neighboring facets: f209 f302 f300
- f302
    - flags: top simplicial
    - normal:   -0.4626  -0.1464   0.8744
    - offset: -0.06047231
    - vertices: p135(v69) p818(v68) p396(v8)
    - neighboring facets: f298 f301 f306
- f303
    - flags: bottom simplicial
    - normal:   -0.3677  0.09567    0.925
    - offset: -0.05989509
    - vertices: p135(v69) p649(v28) p404(v15)
    - neighboring facets: f282 f304 f305
- f304
    - flags: top simplicial
    - normal:     -0.56   0.1366   0.8172
    - offset: -0.06154308
    - vertices: p135(v69) p266(v48) p404(v15)
    - neighboring facets: f204 f303 f299
- f305
    - flags: bottom simplicial
    - normal:    -0.334  0.07088   0.9399
    - offset: -0.05938063
    - vertices: p135(v69) p465(v66) p649(v28)
    - neighboring facets: f282 f303 f306
- f306
    - flags: bottom simplicial
    - normal:   -0.3051 -0.04416   0.9513
    - offset: -0.05874039
    - vertices: p135(v69) p818(v68) p465(v66)
    - neighboring facets: f296 f305 f302
- f308
    - flags: top simplicial
    - normal:   0.07138  -0.9973   0.0184
    - offset: -0.07605598
    - vertices: p90(v70) p877(v30) p61(v16)
    - neighboring facets: f215 f364 f309
- f309
    - flags: top simplicial
    - normal:   0.07253  -0.9795  -0.1879
    - offset: -0.08240408
    - vertices: p90(v70) p870(v51) p877(v30)
    - neighboring facets: f216 f308 f412
- f312
    - flags: bottom simplicial
    - normal:    0.3516 -0.02846  -0.9357
    - offset: -0.2433234
    - vertices: p90(v70) p888(v11) p229(v1)
    - neighboring facets: f333 f386 f369
- f325
    - flags: bottom simplicial
    - normal:   0.07341   0.2493   0.9656
    - offset: -0.06997796
    - vertices: p700(v72) p89(v53) p164(v32)
    - neighboring facets: f224 f380 f326
- f326
    - flags: top simplicial
    - normal:   0.06885  0.07241    0.995
    - offset: -0.06479184
    - vertices: p700(v72) p89(v53) p752(v3)
    - neighboring facets: f225 f327 f325
- f327
    - flags: bottom simplicial
    - normal:   -0.1414   0.1262   0.9819
    - offset: -0.06225257
    - vertices: p700(v72) p465(v66) p752(v3)
    - neighboring facets: f296 f326 f378
- f333
    - flags: top simplicial
    - normal:    0.6313   0.3162  -0.7082
    - offset: -0.4139031
    - vertices: p280(v73) p888(v11) p229(v1)
    - neighboring facets: f312 f383 f334
- f334
    - flags: top simplicial
    - normal:    0.3676   0.8578   0.3593
    - offset: -0.2493064
    - vertices: p280(v73) p702(v54) p888(v11)
    - neighboring facets: f335 f333 f382
- f335
    - flags: bottom simplicial
    - normal:    0.0857   0.8569   0.5084
    - offset: -0.08255559
    - vertices: p85(v74) p702(v54) p888(v11)
    - neighboring facets: f334 f336 f339
- f336
    - flags: top simplicial
    - normal:   0.04199   0.9728   0.2279
    - offset: -0.07992237
    - vertices: p85(v74) p547(v34) p888(v11)
    - neighboring facets: f238 f335 f340
- f337
    - flags: top simplicial
    - normal:    -0.204    0.816   0.5408
    - offset: -0.07581456
    - vertices: p85(v74) p70(v17) p329(v7)
    - neighboring facets: f376 f341 f338
- f338
    - flags: top simplicial
    - normal:   0.08415   0.8121   0.5774
    - offset: -0.08181204
    - vertices: p85(v74) p164(v32) p70(v17)
    - neighboring facets: f379 f337 f339
- f339
    - flags: top simplicial
    - normal:   0.08532   0.8395   0.5366
    - offset: -0.08232519
    - vertices: p85(v74) p702(v54) p164(v32)
    - neighboring facets: f381 f338 f335
- f340
    - flags: top simplicial
    - normal:  0.009243   0.9716   0.2366
    - offset: -0.07959507
    - vertices: p85(v74) p724(v58) p547(v34)
    - neighboring facets: f247 f336 f341
- f341
    - flags: bottom simplicial
    - normal:   -0.1928      0.9   0.3909
    - offset: -0.0766051
    - vertices: p85(v74) p724(v58) p329(v7)
    - neighboring facets: f249 f337 f340
- f344
    - flags: top simplicial
    - normal:  -0.06713  -0.9472  -0.3135
    - offset: -0.0836263
    - vertices: p691(v75) p877(v30) p216(v12)
    - neighboring facets: f216 f390 f345
- f345
    - flags: top simplicial
    - normal:  -0.08104  -0.9632  -0.2563
    - offset: -0.08261411
    - vertices: p691(v75) p506(v63) p877(v30)
    - neighboring facets: f266 f344 f387
- f346
    - flags: top simplicial
    - normal:   -0.6287  -0.7686   0.1187
    - offset: -0.07706834
    - vertices: p977(v76) p230(v38) p843(v25)
    - neighboring facets: f261 f348 f407
- f348
    - flags: top simplicial
    - normal:    -0.339  -0.8857   0.3171
    - offset: -0.07465274
    - vertices: p977(v76) p843(v25) p94(v13)
    - neighboring facets: f175 f349 f346
- f349
    - flags: top simplicial
    - normal:   -0.1955   -0.929   0.3143
    - offset: -0.07295298
    - vertices: p977(v76) p94(v13) p931(v5)
    - neighboring facets: f172 f350 f348
- f350
    - flags: bottom simplicial
    - normal:  -0.04581  -0.9962  0.07457
    - offset: -0.07415601
    - vertices: p977(v76) p506(v63) p931(v5)
    - neighboring facets: f266 f349 f405
- f356
    - flags: top simplicial
    - normal:   0.08159  -0.9493   0.3035
    - offset: -0.07599881
    - vertices: p984(v78) p61(v16) p931(v5)
    - neighboring facets: f213 f357 f362
- f357
    - flags: bottom simplicial
    - normal:   -0.1216  -0.8678   0.4817
    - offset: -0.07220907
    - vertices: p984(v78) p377(v41) p931(v5)
    - neighboring facets: f172 f356 f358
- f358
    - flags: bottom simplicial
    - normal:  -0.02173  -0.8099   0.5862
    - offset: -0.07253387
    - vertices: p984(v78) p881(v65) p377(v41)
    - neighboring facets: f276 f357 f361
- f361
    - flags: top simplicial
    - normal:   0.08672  -0.8292   0.5521
    - offset: -0.07455862
    - vertices: p24(v79) p984(v78) p881(v65)
    - neighboring facets: f358 f396 f362
- f362
    - flags: bottom simplicial
    - normal:   0.08332  -0.9388   0.3342
    - offset: -0.07613884
    - vertices: p24(v79) p984(v78) p61(v16)
    - neighboring facets: f356 f364 f361
- f363
    - flags: bottom simplicial
    - normal:    0.2681  -0.4467   0.8536
    - offset: -0.1695708
    - vertices: p24(v79) p278(v59) p670(v9)
    - neighboring facets: f251 f394 f365
- f364
    - flags: top simplicial
    - normal:    0.1281  -0.9673    0.219
    - offset: -0.1035034
    - vertices: p24(v79) p90(v70) p61(v16)
    - neighboring facets: f308 f362 f385
- f365
    - flags: top simplicial
    - normal:    0.3918  -0.4287    0.814
    - offset:  -0.241943
    - vertices: p24(v79) p278(v59) p164(v32)
    - neighboring facets: f251 f384 f363
- f368
    - flags: top simplicial
    - normal:   0.06951 -0.02125  -0.9974
    - offset: -0.08757336
    - vertices: p260(v80) p888(v11) p185(v6)
    - neighboring facets: f148 f398 f369
- f369
    - flags: top simplicial
    - normal:   0.08823  -0.1507  -0.9846
    - offset: -0.08851951
    - vertices: p260(v80) p90(v70) p888(v11)
    - neighboring facets: f312 f368 f404
- f375
    - flags: top simplicial
    - normal:   -0.3972   0.4516   0.7989
    - offset: -0.06595126
    - vertices: p761(v81) p404(v15) p329(v7)
    - neighboring facets: f204 f376 f377
- f376
    - flags: bottom simplicial
    - normal:   -0.2785   0.6734   0.6848
    - offset: -0.07315549
    - vertices: p761(v81) p70(v17) p329(v7)
    - neighboring facets: f337 f375 f379
- f377
    - flags: top simplicial
    - normal:   -0.2636   0.1932   0.9451
    - offset: -0.0609494
    - vertices: p761(v81) p465(v66) p404(v15)
    - neighboring facets: f282 f375 f378
- f378
    - flags: top simplicial
    - normal:   -0.2231   0.1844   0.9572
    - offset: -0.06152678
    - vertices: p761(v81) p700(v72) p465(v66)
    - neighboring facets: f327 f377 f380
- f379
    - flags: bottom simplicial
    - normal:   0.07848   0.5015   0.8616
    - offset: -0.07687865
    - vertices: p761(v81) p164(v32) p70(v17)
    - neighboring facets: f338 f376 f380
- f380
    - flags: bottom simplicial
    - normal:    0.0738   0.3279   0.9418
    - offset: -0.07159481
    - vertices: p761(v81) p700(v72) p164(v32)
    - neighboring facets: f325 f379 f378
- f381
    - flags: bottom simplicial
    - normal:    0.4225   0.7823   0.4577
    - offset: -0.2818348
    - vertices: p341(v82) p702(v54) p164(v32)
    - neighboring facets: f339 f384 f382
- f382
    - flags: bottom simplicial
    - normal:    0.4081   0.8313   0.3774
    - offset: -0.2732083
    - vertices: p341(v82) p280(v73) p702(v54)
    - neighboring facets: f334 f381 f383
- f383
    - flags: top simplicial
    - normal:    0.9689  -0.0979   0.2273
    - offset: -0.5927665
    - vertices: p341(v82) p280(v73) p229(v1)
    - neighboring facets: f333 f386 f382
- f384
    - flags: top simplicial
    - normal:     0.543  -0.4251   0.7242
    - offset: -0.3309367
    - vertices: p341(v82) p24(v79) p164(v32)
    - neighboring facets: f365 f381 f385
- f385
    - flags: bottom simplicial
    - normal:    0.7003  -0.4485   0.5554
    - offset: -0.4245178
    - vertices: p341(v82) p24(v79) p90(v70)
    - neighboring facets: f364 f386 f384
- f386
    - flags: bottom simplicial
    - normal:    0.9343  -0.2389   0.2645
    - offset: -0.5688478
    - vertices: p341(v82) p90(v70) p229(v1)
    - neighboring facets: f312 f383 f385
- f387
    - flags: bottom simplicial
    - normal:   -0.3996  -0.9011  -0.1685
    - offset: -0.08156527
    - vertices: p114(v83) p691(v75) p506(v63)
    - neighboring facets: f345 f406 f390
- f390
    - flags: top simplicial
    - normal:   -0.4169  -0.7493  -0.5146
    - offset: -0.08601662
    - vertices: p114(v83) p691(v75) p216(v12)
    - neighboring facets: f344 f391 f387
- f391
    - flags: bottom simplicial
    - normal:    -0.462  -0.5098  -0.7257
    - offset:  -0.080875
    - vertices: p114(v83) p661(v39) p216(v12)
    - neighboring facets: f409 f390 f392
- f392
    - flags: top simplicial
    - normal:   -0.4761  -0.4985  -0.7245
    - offset: -0.08072409
    - vertices: p114(v83) p661(v39) p230(v38)
    - neighboring facets: f167 f408 f391
- f393
    - flags: top simplicial
    - normal:   0.09314  -0.5005   0.8607
    - offset: -0.07214624
    - vertices: p508(v84) p226(v24) p670(v9)
    - neighboring facets: f184 f394 f395
- f394
    - flags: bottom simplicial
    - normal:    0.1022  -0.5799   0.8083
    - offset: -0.07589225
    - vertices: p508(v84) p24(v79) p670(v9)
    - neighboring facets: f363 f393 f396
- f395
    - flags: top simplicial
    - normal:   0.09071  -0.6306   0.7708
    - offset: -0.07314714
    - vertices: p508(v84) p881(v65) p226(v24)
    - neighboring facets: f276 f393 f396
- f396
    - flags: top simplicial
    - normal:   0.09329  -0.6989   0.7091
    - offset: -0.07433328
    - vertices: p508(v84) p24(v79) p881(v65)
    - neighboring facets: f361 f395 f394
- f397
    - flags: bottom simplicial
    - normal:   -0.2313  -0.1012  -0.9676
    - offset: -0.08461083
    - vertices: p356(v85) p712(v64) p185(v6)
    - neighboring facets: f269 f398 f399
- f398
    - flags: top simplicial
    - normal:   -0.2054 -0.09551   -0.974
    - offset: -0.08518396
    - vertices: p356(v85) p260(v80) p185(v6)
    - neighboring facets: f368 f397 f404
- f399
    - flags: top simplicial
    - normal:   -0.2709  -0.3364  -0.9019
    - offset: -0.08281842
    - vertices: p356(v85) p712(v64) p661(v39)
    - neighboring facets: f270 f410 f397
- f404
    - flags: bottom simplicial
    - normal:   0.08576  -0.2036  -0.9753
    - offset: -0.08849076
    - vertices: p356(v85) p260(v80) p90(v70)
    - neighboring facets: f369 f413 f398
- f405
    - flags: top simplicial
    - normal:   -0.4088  -0.9024  -0.1364
    - offset: -0.08085401
    - vertices: p57(v86) p977(v76) p506(v63)
    - neighboring facets: f350 f406 f407
- f406
    - flags: bottom simplicial
    - normal:   -0.4077  -0.9017   -0.144
    - offset: -0.08101612
    - vertices: p57(v86) p114(v83) p506(v63)
    - neighboring facets: f387 f405 f408
- f407
    - flags: bottom simplicial
    - normal:   -0.4328   -0.894  -0.1162
    - offset: -0.08093902
    - vertices: p57(v86) p977(v76) p230(v38)
    - neighboring facets: f346 f408 f405
- f408
    - flags: top simplicial
    - normal:   -0.4341  -0.8751  -0.2141
    - offset: -0.08318298
    - vertices: p57(v86) p114(v83) p230(v38)
    - neighboring facets: f392 f407 f406
- f409
    - flags: top simplicial
    - normal:   -0.2467  -0.5194  -0.8181
    - offset: -0.08267951
    - vertices: p197(v87) p661(v39) p216(v12)
    - neighboring facets: f391 f411 f410
- f410
    - flags: top simplicial
    - normal:   -0.2086  -0.4201  -0.8832
    - offset: -0.08293093
    - vertices: p197(v87) p356(v85) p661(v39)
    - neighboring facets: f399 f409 f413
- f411
    - flags: bottom simplicial
    - normal:  -0.01003  -0.6278  -0.7783
    - offset: -0.0842269
    - vertices: p197(v87) p870(v51) p216(v12)
    - neighboring facets: f216 f409 f412
- f412
    - flags: bottom simplicial
    - normal:   0.06773  -0.5423  -0.8374
    - offset: -0.08459892
    - vertices: p197(v87) p90(v70) p870(v51)
    - neighboring facets: f309 f411 f413
- f413
    - flags: bottom simplicial
    - normal:   0.06918  -0.4787  -0.8752
    - offset: -0.08451631
    - vertices: p197(v87) p356(v85) p90(v70)
    - neighboring facets: f404 f412 f410
