3
1000 184 276
0.143524 -0.00897819 -0.0176106 
0.08599999999999999 -0.0172372 -0.0503047 
0.300664 -0.0161287 -0.0133067 
0.0312686 0.0749235 0.0418607 
-0.0325214 0.0481537 0.0564975 
0.184544 -0.00976221 0.0450623 
0.20106 0.026866 -0.00621691 
0.133957 -0.00355677 0.0304231 
0.0438204 0.0239108 0.0154135 
0.201313 -0.00264164 0.0232002 
0.00739879 -0.0699939 -0.0214748 
-0.0445027 -0.00414587 0.0515855 
0.0856122 0.0508511 0.0418269 
0.192051 0.0203355 -0.0203858 
-0.0157266 -0.07256940000000001 -0.0176109 
0.0550039 -0.0111221 -0.0513802 
0.240647 0.0183506  0.028 
0.330752 0.0433348 0.0201303 
0.0489222 -0.0116482 -0.0599272 
0.398456 0.0153767 -0.027983 
-0.0469536 -0.00161654 0.0261569 
0.0578548 -0.00679084 -0.0594386 
0.394443 0.00488541 0.014159 
0.0172562 -0.011051 0.0642711 
0.5864549999999999 0.00553842 -0.009642049999999999 
0.194245 0.00265263 -0.0362303 
0.313469 -0.00760502 -0.0393059 
0.0529011 -0.0188665 -0.00755844 
-0.031451 -0.0167019 0.071435 
0.1611 -0.00206506 0.0270196 
0.182131 -0.0439892 0.0293755 
0.355086 0.0385227 -0.0130386 
0.172679 0.0543299 0.0053671 
0.24941 0.00699269 -0.012899 
0.294651 0.00517427 0.0140612 
0.300664 0.0174595 0.0211046 
0.0374331 0.0220482 0.0196148 
0.08364770000000001 0.06668250000000001 0.0111319 
0.255194 -0.018583 0.00449943 
-0.0163407 0.0591671 -0.0481694 
0.186325 -0.023634 0.0134737 
-0.0250361 -0.0675486 -0.0200404 
 0.161 0.0203569 0.0325984 
-0.0568651 -0.0539615 0.00915819 
0.0159721 0.00780965 0.0640705 
0.353098 -0.0440921 0.000911504 
0.062988 0.018986 0.0493838 
-0.0385109 0.0110868 0.0295 
-0.0449628 0.00165826 0.0304532 
0.53129 0.0609422 0.0290742 
0.0542705 -0.0528315 0.0352438 
0.075555 -0.021958 -0.0162389 
0.109536 0.0488623 -0.0372525 
0.178412 0.0267974 -0.00242548 
0.144453 0.0603126 0.00990009 
-0.0375666 -0.0576843 -0.0291976 
-0.0304627 -0.0142315 0.077321 
-0.0295665 0.0188909 0.0295 
0.287367 0.0263434 0.0317298 
0.128906 -0.0140459 -0.0148742 
0.269703 -0.00388981 -0.0408302 
0.554297 0.00131141 -0.00577535 
0.0237715 0.0787491 0.0331492 
0.381856 -0.0329261 -0.0207746 
0.374164 0.0109165 -0.0239338 
0.182278 0.0172996 -0.0339133 
0.0328765 0.0629347 -0.0445769 
0.239198 -0.0133638 -0.0319985 
0.204633 -0.0199811 0.0164015 
-0.0250378 0.0208433 0.0295 
0.00122647 0.0429622 0.06544220000000001 
0.158966 -0.0213529 0.0139176 
0.519969 0.00568664 0.014302 
0.210004 0.0226785 -0.0185928 
0.0794586 0.0558849 0.0386321 
0.014214 -0.0281681 0.0354975 
-0.0203256 -0.0144365 -0.00680643 
 0.161 0.0414202 0.0229494 
0.181015 0.0495771 -0.00329765 
0.0259954 0.0251489 -0.0471632 
0.129266 0.0166334 -0.0469973 
-0.0251118 0.00207454 -0.0125 
0.00456903 -0.025426 0.0558175 
0.0560893 0.0110451 0.0254037 
0.494729 -0.0121162 0.0241762 
-0.00425971 -0.0130697 0.0808417 
0.0471 -0.0232073 0.00375694 
0.397708 0.0119477 -0.029009 
0.132074 0.0154078 -0.0140853 
0.0608443 -0.0357344 -0.0316485 
0.579439 -0.0312671 0.014342 
-0.0432197 0.0156214 0.055498 
0.231197 -0.0116573 0.043504 
-0.000340055 -0.0286459 0.0504105 
0.0246721 0.0207478 0.0242849 
0.201852 -0.034308 -0.0239507 
0.034468 0.0661219 0.0515 
0.0614749 0.0385686 -0.0460808 
0.190774 0.0178594 0.0330716 
-0.0697656 -0.028764 0.0507758 
0.059651 0.0726897 0.0355117 
0.0106251 -0.0468231 0.0601527 
0.347431 -0.0130769 -0.0332867 
0.211664 -0.0351319 0.0331848 
0.553498 0.0173687 -0.0243117 
-0.00223461 -0.0239117 0.0634166 
0.0256835 0.0500949 0.0381967 
-0.0719952 -0.0113474 0.047511 
-0.0289836 0.0768915 0.0411147 
0.269672 -0.0177938  0.028 
0.109672 -0.049232 0.0395462 
0.167712 -0.0138213 -0.00589564 
0.062678 0.06950489999999999 0.0152827 
0.0238023 0.0760648 -0.00483599 
-0.0206873 -0.0495747 0.0584975 
0.0334156 0.0059513 0.0774116 
0.06590020000000001 0.0216714 0.0129468 
0.0275465 0.0115583 0.0366576 
0.496859 0.00776074 0.000828513 
0.129398 -0.0470624 0.0381052 
0.52189 -0.00679294 0.0148231 
-0.0120659 -0.0341583 -0.0413827 
0.284946 -0.0195508 -0.0203291 
0.199322 -0.00502589 -0.016783 
0.150009 -0.000999989 -0.0396938 
0.08309999999999999 -0.009894490000000001 0.0305129 
0.00712387 0.0350538 -0.0306979 
0.535664 0.0446769 0.014103 
0.0242949 0.0721173 -0.0285871 
0.0135535 0.0223354 -0.0608886 
-0.00268728 0.0318622 -0.0516944 
0.244227 -0.0131864 0.00643387 
 0.161 0.0206037 0.0344831 
0.268588 0.0124258 0.0420094 
0.277592 -0.0008 -0.0295159 
0.00587581 -0.0471147 0.0584975 
0.32653 0.0292748 -0.0316729 
0.454893 0.0300408 0.0072622 
0.0253318 -0.0134866 -0.0380419 
0.307151 0.0378594 -0.0239658 
0.0859525 -0.052 0.0113826 
-0.0238178 -0.007950240000000001 0.0334629 
-0.0617957 0.0190781 0.0495 
0.289252 -0.0341091 0.0352405 
0.0930884 0.0173306 0.0101056 
0.162234 0.0178552 -0.00859507 
0.300871 0.000562713 0.049706 
0.281347 0.00135558 0.0128395 
 0.198 0.0418206 0.00741739 
-0.0542271 -0.0141171 -0.0188935 
0.0450296 -0.0340222 -0.0554551 
0.186531 0.0275378 0.023105 
0.106377 0.0593373 0.028093 
0.315866 0.0353669 -0.0236012 
0.101423 0.0182494 0.0222615 
0.0831788 0.00157647 0.0511143 
0.119743 0.0411548 0.00649999 
0.0577441 -0.07016269999999999 0.0161048 
0.0471 0.0230493 0.0104026 
-0.0034718 0.0309961 0.0234612 
0.198788 -0.0147164 0.0315136 
0.367184 0.0131729 -0.0106871 
0.159596 0.008283830000000001 0.0290769 
0.148389 0.0307787 0.00649999 
0.5988250000000001 0.008984900000000001 -0.0181692 
0.253224 0.00230367 -0.0319985 
0.489705 -0.000630498 -0.00706846 
0.227025 -0.00527686 -0.0319985 
0.266772 -0.00513336 0.0137894 
0.239607 -0.0137485 0.0491305 
-0.0504604 0.0612724 0.0209169 
0.0208677 0.0387283 -0.0155337 
0.030954 0.0315494 0.0564975 
-0.0374814 0.0125696 0.0392339 
0.08599999999999999 0.0393165 -0.0410008 
-0.0319061 -0.0424775 -0.0438445 
0.112065 -0.0605393 0.0128103 
0.158893 -0.0213056 -0.00245742 
0.417867 -0.0312002 0.0007999940000000001 
0.17431 -0.0358912 0.0385772 
0.08309999999999999 -0.0338949 -0.00804231 
 0.161 -0.00354298 0.0411343 
-0.00909455 0.0519354 0.0534975 
8.71682e-05 -0.0428668 0.0351628 
0.0323989 -0.0047026 0.0295 
0.08560959999999999 0.0330875 -0.0290017 
0.2111 -0.0226974 0.008518009999999999 
-0.00914832 0.07902049999999999 -0.00679627 
0.5876209999999999 0.00326021 -0.00167231 
0.0309652 -0.0547467 -0.0114974 
0.0220134 -0.07606830000000001 -0.00367012 
0.0720025 0.0125951 -0.0575316 
0.0494784 0.00509242 0.0299262 
0.382885 -0.00775953 0.0126476 
0.0267719 0.00257989 0.0570087 
-0.0287717 -0.0440519 -0.008506440000000001 
0.0383229 -0.0257595 0.0255 
0.182749 -0.0381748 0.0355375 
0.0595195 0.0203055 0.0485034 
0.231835 0.0198095 -0.0338421 
0.09354700000000001 -0.063918 0.00334615 
0.0584973 0.0752618 0.0367826 
0.350812 0.0447758 0.0104106 
0.253163 0.0153519 -0.0361822 
0.363166 -0.0380536 0.0007999940000000001 
0.388651 -0.00677456 0.0107175 
0.0460892 0.00514471 -0.0630994 
0.170664 -0.0226088 0.0015339 
0.0965964 0.0220932 0.0109519 
0.351855 -0.019316 -0.000800003 
0.180837 -0.0009904829999999999 -0.0383564 
0.199309 0.0198786 0.0422393 
0.0601352 -0.0221356 -0.000238492 
-0.00370352 -0.0287207 -0.0494449 
 0.158 0.0312052 -0.0252797 
0.36123 0.0149982 0.00806664 
-0.0191252 0.0206848 0.0255 
0.0465478 -0.0145857 0.032841 
0.27247 -0.0141414 0.0268663 
0.0681664 0.0703838 -0.00249999 
-0.0320623 0.0492234 -0.0134823 
0.127113 0.0188436 -0.011107 
0.104344 -0.009562630000000001 0.028553 
0.463372 -0.000468919 -0.0124729 
 0.158 -0.0288438 -0.0155791 
0.0517355 -0.0246278 0.00825826 
-0.0207964 0.0404445 0.0566479 
0.0434651 0.0175771 0.0296226 
0.31672 0.000262918 0.0482548 
0.620486 0.0151232 0.00778491 
-0.020632 0.0291962 0.0717566 
0.0359958 0.0430198 0.00424242 
0.612507 -0.0320894 0.0325566 
0.0241856 0.0142609 -0.0476979 
0.250594 0.00568809 -0.0289985 
0.0810178 -0.0306934 0.0347791 
0.0584615 0.0138657 -0.00590496 
0.557333 0.000284901 -0.00445495 
-0.0041518 -0.07254240000000001 -0.0113625 
-0.0136919 -0.0193324 -0.0560557 
-0.0379031 0.00513153 0.0207305 
0.475215 -0.00960621 0.0110921 
0.0523109 0.000999988 -0.0410572 
0.374464 0.011291 0.0384095 
0.0448841 0.000999993 -0.0371278 
0.0180958 -0.0327785 -0.0339531 
0.00655417 0.0759708 -0.0135423 
0.2111 -0.00721107 -0.0112879 
0.355829 0.0102792 0.0111754 
0.165751 0.0154407 -0.0372239 
0.274106 0.010323 -0.037782 
0.455592 0.00626838 -0.0221168 
0.0603984 -0.009675090000000001 -0.0152191 
0.145498 0.022632 0.00251871 
-0.0334546 0.0410619 -0.0216687 
-0.00599076 0.0490077 0.0614975 
 0.089 -0.00619189 -0.0404402 
0.08351980000000001 0.0190871 0.0223016 
-0.047962 0.0667391 0.0118561 
0.236852 0.0180739 -0.00580052 
0.202649 -0.0112368 0.0433362 
0.195385 -0.0162723 -0.00193096 
-0.0307167 0.0380448 0.0234243 
0.31548 0.0433207 0.000992611 
-0.0425625 -0.061739 0.00597002 
0.0617166 0.00179518 0.0232856 
-0.0469392 0.0314013 0.0544975 
0.281417 -0.0365856 0.0411051 
0.112957 -0.0167455 0.0238701 
0.09094090000000001 0.0229828 0.00608445 
0.458518 -0.0111892 0.00606162 
0.388444 0.000799992 -0.0218146 
0.36572 0.0418253 0.0077569 
 0.158 0.0347951 -0.0009963369999999999 
0.0344053 0.0403534 -0.0205946 
0.00803647 -0.0615081 -0.0414651 
0.0608647 -0.00778976 0.0564975 
0.393066 0.037869 -0.00221674 
0.0772033 -0.0376035 -0.0306893 
0.424915 -0.0378813 0.000480419 
0.616723 0.0326405 -0.00399161 
0.350245 -0.0312789 -0.0238693 
0.249347 -0.029863 -0.0306993 
0.133446 0.0226563 0.0159701 
0.0188781 -0.0142514 -0.0148941 
-0.0167949 0.0792075 0.0295823 
0.291743 0.00940124 0.0313239 
0.08599999999999999 -0.0365881 -0.0260678 
-0.0540319 0.0149931 -0.0194612 
0.05715 -0.0296151 0.0144343 
-0.0151493 0.0509075 -0.0415004 
0.476611 -0.0104216 -0.000583812 
0.183684 0.00866155 -0.0177953 
-0.00708976 -0.0454075 0.0577649 
 0.089 -0.0209229 0.0303226 
0.406963 -0.0379229 0.0143922 
0.0955844 -0.0660698 0.0020575 
-0.012776 0.0005457389999999999 -0.0567248 
0.374164 0.0242984 0.0127709 
0.170134 0.0156611 0.0435044 
0.211457 0.00162923 -0.0015 
-0.0413453 0.0249502 -0.0419068 
0.183484 -0.00362919 0.0455236 
0.317668 0.0131442 0.00746703 
0.247716 0.000890159 -0.0146461 
-0.0242573 0.0777994 0.0403314 
0.290426 0.00988115 0.0497606 
0.300664 -0.0309561 -0.0119093 
0.376581 0.0142245 -0.00514023 
0.0829252 0.0190992 0.0477943 
-0.0386002 0.0300734 0.021834 
0.204059 0.0220332 -0.0141943 
0.201034 0.0123451 0.0293918 
0.0954646 0.009119759999999999 0.0320298 
0.374164 0.0125553 0.0142514 
0.113828 0.0198008 -0.009945860000000001 
0.513229 0.0301313 -0.00371399 
-0.0224645 -0.0311322 0.0319975 
0.0145498 0.0101707 0.0636545 
0.176809 -0.0223943 0.009670120000000001 
0.170699 -0.0336806 -0.0278455 
-0.0291102 -0.035555 0.0553426 
-0.0612849 -0.0226021 0.0515 
0.146137 0.0551932 -0.0139618 
-0.0359337 0.027519 0.0564975 
0.0574241 0.00634777 -0.0163393 
0.394898 -0.0374945 0.0007999940000000001 
0.28565 0.0128876 0.000315128 
0.2111 -0.0135389 0.0145974 
-0.0126999 0.0336354 0.0255 
-0.0388239 0.0496921 -0.0384576 
-0.0271343 -0.06602470000000001 -0.028794 
0.286671 -0.00804619 0.0149247 
0.416756 -0.00564072 0.0302918 
0.0518063 0.0147317 0.0228827 
0.372288 0.0110915 0.0102732 
0.0916558 0.0202773 0.0271916 
0.169023 0.0142865 0.0289188 
0.0557158 -0.0062037 -0.0550924 
0.315697 0.0147949 0.00079874 
-0.0227536 0.0348918 0.0354975 
0.598753 0.0116236 -0.0105372 
-0.0132462 0.00396474 -0.0591343 
0.0901211 -0.016976 0.0479951 
0.193562 -0.00241129 0.0446886 
0.0471 0.00181871 -0.018539 
0.115867 0.0525947 -0.0325022 
0.109175 -0.020509 0.019844 
-0.0666503 -0.0279328 0.0418603 
0.20693 -0.0206954 0.0385188 
-0.046726 -0.0397704 -0.0312227 
0.1255 0.0259622 -0.0435612 
0.507509 0.0110339 0.0042148 
0.124617 -0.0561646 0.0274449 
0.200958 -0.0127405 0.0304335 
0.176268 -0.00236476 0.0462783 
0.165926 -0.0219824 -0.0104812 
0.368151 -0.0124936 -0.00254859 
 0.201 0.0348453 -0.0221312 
0.137341 -0.0124521 0.0293398 
0.00724979 0.0314757 -0.0508701 
0.217752 0.0410954 -0.0150266 
-0.0423828 -0.0709042 0.02089 
0.228405 0.044056 0.00712697 
0.0189479 0.0789646 -0.0048967 
0.261576 0.0149293 -0.0397449 
0.30588 0.0461281 0.0139013 
0.157837 -0.0147538 0.0257408 
0.453664 -0.0187154 0.0129309 
0.101782 0.0647906 0.0123306 
-0.0258962 -0.0270897 0.0434975 
-0.0613803 -0.0197864 0.0495 
0.314812 0.00613801 -0.0138145 
0.0096416 0.0217361 0.0587605 
0.18266 0.0433425 -0.0194708 
-0.0602589 0.0214004 0.0561502 
-0.02461 -0.0235184 0.0255 
0.0217397 -0.0404354 0.0664014 
0.06422899999999999 -0.0135678 0.0262092 
0.0550513 0.07332130000000001 0.00751433 
0.389457 -0.012748 -0.00175719 
0.385337 0.009411569999999999 0.008494689999999999 
0.432575 -0.00792315 0.0284814 
0.0294985 0.0439425 0.00250856 
0.312595 0.00880835 0.0145226 
0.137151 0.0480993 -0.0305 
-0.000499978 -0.0267094 -0.0356361 
-0.022421 -0.0153408 0.008274729999999999 
0.0916337 0.0615968 0.0316916 
-0.0324464 0.0158271 -0.0358427 
0.144085 0.0227228 0.00349948 
0.0574658 -0.0226951 0.0040159 
0.258878 0.0159447 0.0457132 
0.624292 0.0117539 0.0236503 
0.192501 0.0470434 -0.0049823 
0.188755 0.00749593 -0.0162096 
-0.0314772 -0.0151848 0.071435 
0.00695497 0.0230582 0.0532215 
0.109438 -0.0113839 0.0249421 
0.2011 -0.00442202 0.0326165 
0.167111 -0.0170272 0.0459582 
0.328067 -0.0131599 -0.0371609 
0.120654 0.000999991 0.0432432 
-0.0162663 0.0266304 0.00430212 
-0.0311171 -0.0468587 0.0544975 
0.132107 0.0572407 0.00450001 
0.00879981 0.0138249 0.0572983 
0.459553 -0.00604892 0.010918 
-0.054785 -0.0534553 -0.00207414 
0.247459 0.00319262 0.0145777 
-0.00176279 0.0113474 0.05576 
0.324761 0.00369788 -0.0144445 
0.515805 0.0432199 0.008989499999999999 
-0.0469144 0.053879 -0.0165717 
-0.0610569 0.0389978 0.0515 
0.0450992 0.0009999989999999999 -0.0508385 
-0.0128241 0.0358695 0.0742983 
0.206166 0.0388195 -0.0217707 
0.270777 -0.0383664 -0.0122346 
-0.0336896 -0.0535075 -0.0393164 
0.270236 0.0147786 0.0007977630000000001 
0.181095 0.00313385 -0.0382045 
0.433752 -0.0281416 0.0240357 
-0.039338 -0.0154775 0.0254975 
-0.00374544 0.0736576 -0.0258683 
0.387507 0.0365369 -0.009571609999999999 
-0.0324201 -0.0458271 -0.0231516 
0.374221 0.00643917 0.0132741 
0.11061 0.00443799 -0.0517726 
0.0547682 -0.0677666 0.00434926 
0.0173265 -0.0596588 0.0564975 
0.131972 -0.0126619 0.0246979 
0.47323 -0.009035339999999999 0.011573 
0.540642 -0.0176746 0.026008 
-0.00631532 -0.0273241 0.0469975 
-0.0214674 -0.0222897 -0.0251746 
0.283056 -0.0216323 -0.0035 
 0.089 0.0255408 -0.0367186 
 0.158 0.0359563 0.0268616 
0.398154 0.0318565 -0.000800003 
 0.089 -0.0323063 0.0273358 
0.142161 -0.0224756 0.00933849 
0.00127178 -0.0140715 0.05241 
0.502328 0.0272429 0.000590489 
-0.0621752 0.00636774 0.0495 
0.29793 0.0312104 -0.0280393 
0.101243 0.0226231 -0.0511013 
0.180204 -0.0375 0.00831641 
0.0308839 -0.0506514 0.0360534 
0.377164 0.0254386 0.0209822 
0.378509 -0.000799966 -0.0172586 
0.131498 -0.007872580000000001 0.0269158 
-0.056014 -0.008786169999999999 -0.0163526 
0.319282 0.0022398 -0.0378237 
0.126424 -0.0355457 0.0423613 
0.0165215 0.031388 0.0446394 
0.127299 0.037932 0.04509 
0.385104 -0.0315153 -0.0216966 
-0.009901439999999999 -0.027183 -0.0495783 
0.16872 0.0446927 0.031267 
0.08599999999999999 0.057105 -0.00391085 
0.175574 0.00560861 -0.0165544 
0.0259183 -0.00226011 -0.0476979 
-0.0529939 -0.018497 -0.0230679 
0.32574 -0.0236599 -0.0313976 
0.322223 0.0315681 -0.000800003 
-0.0409909 -0.0522729 -0.0377436 
0.363442 0.0151725 -0.000262036 
0.274641 0.0075788 -0.0295378 
0.275917 0.007815330000000001 0.0124177 
0.1613 0.0135136 -0.0185013 
0.624946 -0.00472233 0.0412761 
0.322706 -0.0386629 -0.0197698 
0.377163 0.0213824 0.0325694 
0.128998 0.0266331 0.009406919999999999 
0.066742 0.0502484 -0.0405546 
0.0396364 -0.009803610000000001 0.0584571 
0.227623 0.0113133 -0.0139769 
0.126864 0.007914859999999999 0.0475676 
0.0180402 -0.00111999 0.07976 
0.384174 -0.00929545 0.008911209999999999 
-0.0220487 0.0187931 -0.0535831 
-0.0265283 -0.0458886 -0.0234271 
0.239144 0.0226284  0.028 
0.300664 -0.02075 0.00323539 
0.141578 0.0451065 0.0399457 
-0.0537945 0.02932 -0.0244679 
0.0242763 0.009527890000000001 -0.0508269 
0.0149488 -0.0509628 -0.0130755 
0.19215 -0.0376072 0.00649999 
0.0872148 0.00313174 -0.019322 
0.367955 0.0114072 0.037525 
0.543768 0.0217642 -0.0200015 
0.264861 0.014795 -0.039851 
0.0753693 0.0190723 0.0212667 
0.00736293 -0.0182012 -0.0602098 
0.318475 0.0175149 0.0007999940000000001 
0.122759 0.0134659 -0.0157283 
0.0215812 -0.0382208 0.0503569 
0.308118 -0.0442553 -0.0165492 
0.103788 0.0508277 0.0379878 
0.385195 -0.0423762 -0.0029034 
0.288968 -0.0223666 0.000500004 
0.0179615 0.00152868 -0.0616995 
0.145395 -0.0347803 -0.0333184 
-0.06733219999999999 0.0222081 0.041209 
-0.0109967 0.0130444 0.0616818 
0.075265 0.0248642 0.00636814 
-0.047066 0.0645749 0.0159703 
0.582362 0.00967141 -0.0159741 
0.201268 0.000394871 0.0348563 
0.00693646 0.0276134 0.00132356 
-0.0330983 -0.0414738 -0.0291373 
0.192294 0.00925779 -0.0155324 
0.330271 0.0440691 0.0257223 
0.0603371 0.0176944 0.00278345 
-0.0260108 -0.0234546 0.071935 
0.144163 0.0250407 0.0445314 
0.00754424 -0.0749306 0.011309 
0.143921 0.0127093 -0.0420223 
0.5616910000000001 -0.00290647 -0.0179831 
-0.0264696 -0.0148188 -0.0125 
0.263344 -0.0356972 -0.0328127 
0.273005 -0.0482279 -0.0109265 
0.173272 0.0267182 -0.0359366 
-0.00124533 0.0335116 0.0364975 
0.294322 0.00109569 -0.0226248 
0.0473791 -0.0288063 -0.0594476 
-0.0209429 0.0214382 0.0361155 
0.0971032 0.0614837 -0.0239365 
0.157921 -0.0203923 -0.00867104 
0.129632 -0.0597142 0.012799 
0.186325 -0.0503205 0.0112257 
0.09358030000000001 0.0131669 0.0264679 
-0.0564549 -0.0474537 0.008255230000000001 
0.254194 -0.0173264 -0.0350835 
-0.0242031 0.00158581 -0.0557994 
0.0619017 -0.015604 0.0249654 
0.167057 -0.0310349 0.0171518 
0.021323 0.00681959 -0.0101904 
0.453833 -0.010372 0.0072914 
0.377789 0.0159423 0.00606237 
-0.0428635 -0.0633663 -0.0179947 
0.0921442 0.0552192 0.00450001 
0.163449 0.015827 -0.0110562 
0.09027739999999999 -0.0028891 0.0281949 
-0.0629073 -0.0346828 0.0256964 
0.0171418 0.0105013 0.0770887 
0.423237 -0.0145257 -0.008803750000000001 
0.0196805 -0.0598082 -0.0426662 
0.0138415 -0.0520165 -0.0106979 
0.314918 0.0354205 -0.0267795 
0.08349570000000001 0.0114704 0.0252933 
0.396898 0.00742666 0.0126596 
0.0369014 -0.06487999999999999 0.0163067 
0.0671684 0.0119163 -0.0141205 
0.0369115 -0.0551661 -0.0449879 
0.5751270000000001 0.0213573 -0.0196028 
0.0289505 0.0317673 0.048939 
0.443317 0.0228904 -0.0198594 
-0.0144735 -0.054051 -0.0276245 
0.263518 0.00262445 0.0426017 
0.261538 0.0160007 0.0457132 
0.0376549 0.00378029 0.0474975 
0.157862 -0.000999986 -0.0306694 
0.410019 0.0149971 0.0298113 
-0.0195655 0.0239435 -0.0228684 
0.0316842 0.055848 -0.0485638 
0.256082 0.0173278  0.028 
0.427897 0.009614259999999999 -0.00843152 
0.165962 0.00686406 -0.0264462 
0.243354 0.00559092 0.0476409 
0.349152 0.0153986 0.00746386 
0.0214076 0.0330967 0.0266934 
0.281026 -0.0349024 0.0331034 
0.01409 -0.0146358 -0.0635597 
0.16691 -0.0170658 -0.0126922 
-0.023926 -0.0331794 0.06980260000000001 
0.388754 0.000799999 0.0330683 
0.10791 0.0349496 -0.0443091 
0.0223422 -0.0213919 0.0295 
0.0282306 0.056833 0.0515 
0.567004 -0.0009837960000000001 -0.0158768 
0.434864 -0.0008 0.019892 
-0.0499675 0.0279661 0.0534975 
-0.0261586 -0.0363121 -0.0454587 
0.0492859 -0.0075959 -0.0626307 
0.118082 -0.0248722 0.0159976 
0.327361 0.031191 -0.0274531 
0.0961347 -0.0242628 0.0104419 
0.09760290000000001 0.00672951 -0.018315 
0.0603836 -0.0240872 0.0114917 
0.0209122 -0.0375862 0.000307391 
0.08599999999999999 -0.0202304 -0.0312316 
0.453664 -0.0226589 -0.012435 
0.0190222 0.07561 -0.0121273 
0.0203108 0.0199199 -0.00596814 
0.132097 0.00697684 0.0292483 
0.0315277 -0.0261939 0.0584267 
0.186875 0.00218638 -0.0173391 
0.140926 0.01335 0.0242066 
0.396549 -0.009489920000000001 -0.011628 
0.09160160000000001 -0.0447324 0.0123925 
0.238501 0.0194393 9.528500000000001e-05 
-0.0201619 -0.06648610000000001 0.0515 
0.162096 0.024766 0.007889449999999999 
-0.0262183 -0.0124167 0.0115652 
-0.0556148 -0.0390705 -0.00534472 
0.455225 -0.0324938 0.00784235 
0.10316 0.0230614 0.0194258 
0.335039 -0.0112768 -0.0100675 
0.527515 0.0463509 0.0159369 
0.0481165 -0.040517 0.0564975 
0.0677422 0.0375593 0.046539 
-7.50722e-09 0.0277703 -0.00566379 
0.156744 -0.0437987 0.00649999 
0.111796 -0.00496817 -0.0489014 
0.191673 -0.0387596 0.029891 
0.162516 -0.0265266 0.0101943 
0.252836 -0.00649098 0.0427132 
0.169191 0.014739 -0.0204026 
0.142677 0.00387116 0.0301635 
0.100999 0.0245085 0.00202772 
0.0853257 -0.0156909 -0.025457 
-0.0200786 0.00198758 0.0770569 
0.400033 0.0339305 -0.0119202 
0.304702 -0.0205969 0.0217283 
-0.0438282 0.00432394 0.0674975 
0.0148812 0.0402661 0.0349053 
0.0129218 0.0545401 -0.0282316 
0.562271 0.0625136 0.0510202 
0.0193185 -0.07650220000000001 -0.000485488 
0.0618421 -0.0655575 0.0073395 
0.524879 -0.011734 -0.013571 
0.0835901 -0.0545683 -0.0279464 
0.100612 0.0018397 0.0511494 
0.00714799 0.0228608 0.0530242 
0.208468 0.0214027 -0.00707803 
-0.0205339 -0.07331029999999999 0.0271038 
0.533571 -0.0345377 0.0044766 
0.241098 0.0197266 0.0231339 
0.285202 0.0125043 -0.0114927 
0.317859 -0.00529423 -0.0394295 
0.545867 0.00204613 0.00827492 
-0.05374 0.0429562 -0.0155614 
0.183099 0.0140896 0.0349643 
0.0471 0.0194429 0.0186313 
0.42858 -0.0333489 0.0158761 
0.0857827 0.0684052 0.0152373 
0.327694 0.0411071 -0.009186690000000001 
0.184604 0.024422 0.00151084 
0.278729 -0.0283687 -0.0330485 
0.171848 -0.0188319 0.0185663 
0.0465585 0.022258 -0.0592942 
-0.0321292 -0.0107853 0.0364975 
0.0179708 -0.0385385 0.028476 
0.450664 -0.0101439 0.0206393 
-0.0280029 0.00249507 -0.00449999 
0.08589380000000001 -0.0518866 0.0140863 
-0.003586 -0.0282744 -0.0135 
0.211589 0.0351711 0.0343816 
0.130202 -0.0009999869999999999 0.0445552 
0.0140006 0.0543467 -0.0493731 
0.0973506 -0.017391 0.0204492 
0.107328 0.0177629 0.0502641 
0.130628 0.0243846 -0.0428576 
0.0207349 0.0758162 0.0412043 
-0.008478650000000001 -0.0301003 0.0295 
0.303664 0.0384392 0.0105652 
-0.0345351 -0.0492962 0.0141157 
0.503374 0.0252068 0.00343604 
0.227718 -0.0352741 0.0287563 
0.0973378 -0.037363 -0.0304488 
 0.158 -0.0186237 -0.0297519 
0.178022 0.015356 -0.0141912 
0.395032 -0.0284713 0.0007999940000000001 
0.0521404 0.00118745 0.0233745 
0.616872 0.0239836 0.0249036 
0.0274307 0.0528602 0.0362182 
0.392224 0.0117138 -0.0124695 
0.388076 -0.009530210000000001 -0.0111912 
0.5449889999999999 0.06535870000000001 0.0347761 
0.326878 0.000800021 0.0438239 
0.216637 0.0415547 0.00450001 
0.104806 -0.024327 0.011006 
0.203635 0.00270663 -0.0173155 
0.386924 -0.00657465 -0.0110623 
0.212015 0.0211556 -0.0282295 
0.0760754 -0.0248168 0.00460571 
0.196037 0.020121 -0.00558705 
0.00150694 0.0618389 0.0534975 
-0.0318607 -0.0185456 0.0255 
0.219304 0.0230025 -0.0263913 
0.00630136 -0.0161838 0.0336421 
0.0048466 0.0528639 -0.0314042 
-0.0204204 -0.0162251 -0.0316439 
0.0829294 0.0228059 0.00389314 
0.371161 0.0424083 -0.000873644 
0.104036 0.0642466 0.014401 
0.164799 0.0167263 0.0120388 
-0.0464207 -0.006951 0.0614975 
0.314039 0.0352302 -0.027087 
0.588245 0.0158705 -0.0287452 
-0.0223677 -0.0112003 -0.0405 
0.051609 0.0126289 -0.0408989 
-0.0521935 0.0615744 0.038705 
-0.0262303 0.075486 0.012473 
0.0998399 -0.0124148 0.0247313 
0.0342541 -0.0122576 0.0470708 
0.0680936 0.0234536 0.0138409 
0.0749131 -0.0177515 -0.0199027 
-0.0614583 -0.0459677 0.0367623 
0.0920044 -0.0128368 0.0507937 
0.0516603 -0.0639392 -0.0063395 
0.278779 0.014541 -0.00231805 
0.50853 -0.0248086 0.00313771 
0.188934 0.0177814 -0.0327921 
0.0121764 -0.00243483 0.0729504 
0.264473 -0.0282433 -0.0220404 
0.08309999999999999 0.0247573 -0.0152617 
0.249915 -0.01077 -0.00706499 
0.176956 -0.0120516 -0.0217528 
0.31857 -0.0458957 0.0265516 
0.254622 -0.0207507 0.0245806 
-0.0109936 0.00666856 0.0759116 
0.07795729999999999 -0.0544245 0.00649999 
0.22626 0.0443963 0.00796118 
0.00174499 0.048283 0.0515216 
0.22078 -0.0308068 0.0320232 
0.0740635 -0.00619958 -0.0576956 
0.06732639999999999 -0.0129913 0.0177811 
0.281832 0.00079998 0.0440888 
0.0199169 -0.0356752 0.0319975 
0.329907 -0.0129649 0.0434444 
-0.0100789 -0.0342948 0.07722809999999999 
0.372504 0.00426876 0.039217 
-0.0273381 -0.0380753 0.0319353 
0.0288689 0.0775473 -0.00985894 
0.0774673 0.0065513 0.0507675 
0.441716 0.00916517 -0.0117387 
0.0278209 -0.0205659 -0.0630783 
0.336007 -0.0455476 0.0162378 
0.0435468 -0.0158125 -0.0599902 
0.167193 -0.0258419 0.0413701 
0.0748263 0.0006217939999999999 -0.017256 
0.0785911 -0.0439334 -0.0370192 
0.100201 0.0174299 0.0204744 
0.561681 -0.0403672 0.0157658 
0.09313200000000001 -0.0229133 0.00629581 
0.0146309 -0.0282755 0.0355 
0.347572 0.0396771 0.0007999940000000001 
0.397697 0.0381286 0.00410017 
0.307085 0.0339601 0.0389647 
0.175702 -0.0108306 -0.0256005 
0.2141 0.0125934 -0.014072 
0.310824 -0.0039057 0.0141439 
0.104954 0.0576201 -0.0332469 
0.416748 -0.009744640000000001 0.0320224 
-0.0215715 -0.0483687 -0.0196525 
0.0464708 -0.0163024 0.0318648 
0.304447 0.00275643 0.0125089 
0.0226352 0.0358755 0.07015 
0.0899783 -0.0013812 -0.0173467 
0.152113 0.0232505 0.0140699 
0.0288556 -0.0120567 0.0354975 
0.442009 0.0124435 0.008207529999999999 
0.294423 -0.016541 0.0482916 
0.328005 -0.0458793 -0.007143 
0.208155 0.0276799 -0.026279 
0.00460189 -0.0278675 -0.0405 
0.181009 0.00557613 0.0348056 
0.0242135 -0.00689863 0.0587605 
0.0375187 -0.0416851 -0.043931 
0.0220863 0.015844 0.0256949 
0.292331 -0.0450086 -0.000800003 
-0.0196353 -0.02989 -0.008220659999999999 
-0.0358645 -0.0192887 -0.0469962 
0.194988 -0.00295769 -0.0271381 
0.348541 -0.00301387 0.01246 
0.0204548 0.0148462 0.0137035 
0.0315733 -0.0334067 0.0557687 
0.303664 -0.0160121 -0.0227129 
-0.0189751 0.0252082 0.0162801 
-0.005858 -0.000346616 -0.0609607 
0.468023 -0.008242370000000001 0.00937317 
0.0149132 -0.0443307 -0.0531716 
0.193202 -0.0302778 0.00615026 
0.293447 -0.0394682 -0.0223916 
0.292866 -0.0164262 -0.00429178 
0.154584 0.0506963 0.0271647 
0.208462 0.0188298 -0.0295156 
0.0479164 0.0565231 -0.0493213 
0.0326078 0.07755720000000001 -0.00688998 
0.00267611 0.0150269 0.05241 
0.00471703 0.00864821 0.0526183 
0.0549381 -0.063962 0.0250866 
0.0163754 -0.0298418 -0.0107174 
-0.0178714 -0.0738181 0.0144902 
0.0494312 0.00762604 0.0216671 
0.438245 0.0255197 -0.0184421 
-0.00971461 0.0180211 0.04541 
0.488049 -0.00741335 -0.0118158 
0.0122549 -0.0219918 0.0542354 
0.207585 0.0158299 0.0396671 
0.342466 -0.0294705 0.0385603 
0.461662 -0.0156336 -0.0174761 
0.412312 -0.0350285 -0.008322029999999999 
0.589228 -0.02675 0.00191358 
-0.0653827 -0.0295137 0.0359318 
-0.00583035 0.0674241 0.0495 
0.0811904 -0.0337516 0.0308465 
-0.0268595 -0.0410879 -0.0279557 
0.0420759 0.0323352 -0.0549853 
0.532274 0.0291315 -0.009748120000000001 
0.0567326 0.0733135 0.0169329 
-0.043562 -0.0303217 -0.018921 
0.255769 -0.000463713 -0.0407432 
0.337703 -0.00463967 0.0431011 
-0.0314028 0.0360561 0.0585872 
0.00117839 0.0251455 0.0536692 
-0.0248221 -0.023729 0.0211268 
0.493209 -0.0152444 0.0216669 
-0.0342824 0.0443011 -0.0309003 
0.0942808 -0.049597 0.0379132 
0.279209 -0.00740825 -0.0106031 
0.354335 0.00537334 0.0139373 
0.289648 0.0288263 0.0336413 
0.289147 -0.0444494 0.0260517 
0.198922 -0.0345 0.00122353 
-0.0107628 -0.0769243 0.0182187 
0.0848274 0.0516176 0.0151394 
0.251274 -0.00720563 -0.0319985 
0.1613 -0.0278074 0.00575183 
0.359792 0.0144782 -0.035078 
0.0471 0.0138641 0.0177839 
-0.0292653 0.0142157 -0.0227003 
0.282664 0.012248 -0.0117069 
0.181535 -0.0373844 0.0165 
0.35545 0.0045487 0.0142423 
0.293485 0.0315079 0.0303765 
0.176561 0.049447 0.0255354 
0.22615 -0.0106508 -0.0291351 
0.434243 0.0313279 0.0121809 
-0.00983858 -0.0310711 0.07126 
0.514161 -0.0221614 0.0209994 
-0.0108714 0.0229791 -0.000833631 
 0.158 0.00649272 -0.0340385 
0.0965345 0.00236311 0.0282388 
0.0627506 -0.058718 0.0337904 
0.290249 -0.0145743 0.00320646 
0.0896082 -0.0159402 0.0135525 
0.291137 0.0373812 -0.0183554 
0.0845308 0.0114427 -0.0144367 
0.316647 -0.0474799 0.0225972 
0.0303695 0.0537671 -0.0500688 
0.434649 0.00966061 0.0292061 
0.206795 -0.00794869 -0.0313821 
0.131642 -0.0200632 0.048646 
0.450664 -0.0216613 0.0163067 
0.55086 0.0143264 -0.030594 
0.0332555 0.0415157 0.0584975 
 0.089 0.0383873 -0.0156413 
0.492776 -0.00417445 0.0234308 
0.00317687 -0.0359913 -0.0522553 
0.238189 0.0150301 0.0012783 
0.109181 -0.015832 -0.0136678 
0.00462196 0.0360827 0.0354975 
0.252062 -0.0444232 0.000962494 
-0.00671581 0.000591993 -0.0607757 
0.347159 -0.0453002 0.0108078 
0.0146701 0.0129931 0.0476547 
0.339514 0.0175975 0.0007999940000000001 
0.455466 -0.0138431 0.00508097 
0.0035046 0.0758706 -0.0146419 
0.259718 -0.0365776 -0.00842975 
0.0991466 0.0201124 -0.00537808 
-0.0238496 -0.0197561 -0.0322962 
-0.0150331 0.0116922 0.0679202 
0.309235 0.00555045 -0.0136693 
0.419739 -0.0365918 -0.00741073 
0.08967609999999999 -0.0365509 0.0469851 
0.0184742 0.00556854 0.0698783 
0.108446 0.0478128 0.0394534 
0.011644 0.0264807 0.0255 
0.0326891 -0.0610399 0.0495 
0.0179261 -0.0741998 0.0281081 
0.121578 -0.0575279 -0.00714692 
0.277342 -0.00728409 0.0421234 
0.563899 0.00822989 -0.0266947 
0.190243 0.000246993 -0.0369252 
-0.000658977 0.0639188 0.0515 
0.343884 -0.00916255 -0.0142513 
0.204998 0.021033 -0.0320166 
0.604593 -0.00381697 -0.00978095 
0.0543609 0.0679876 0.0037116 
0.0490957 -0.0200269 -0.0394801 
0.171555 0.0238412 -0.0126538 
-0.0509265 -0.0630829 0.0457386 
0.176659 0.0102431 -0.0359932 
0.32433 0.042223 0.0309183 
0.0789127 0.00194918 0.0302804 
0.189752 0.0212416 -0.00326502 
0.259241 -0.0257746 0.0457184 
0.239304 -0.00283703 0.0502117 
-0.0311892 0.0479948 0.0417086 
0.08444690000000001 0.0138417 0.0401523 
-0.0376318 0.0264339 0.0480673 
0.433994 0.00422109 0.0300846 
0.0173949 0.0766722 -0.00320014 
0.207222 -0.0226294 -0.0298528 
0.064306 -0.0675675 -0.00150132 
-0.0261276 0.00560579 -0.0523725 
-0.0147912 -0.0242522 -0.0321846 
0.190232 -0.0225625 0.00898416 
0.287404 -0.0213703 0.0359044 
-0.0170822 -0.0273454 -0.0495446 
0.591248 0.0118023 -0.0137386 
0.19283 -0.0447788 -0.00851236 
-0.0501913 -0.00100001 -0.0105367 
0.240624 -0.0043946 -0.0393906 
0.050087 0.0171913 -0.0126392 
-0.00279166 0.0284719 -0.0321505 
0.357237 0.0149742 -0.000121836 
0.0254676 0.0370111 0.0335886 
0.031511 -0.0275088 0.0564975 
-0.0425995 0.0169338 0.0577968 
0.273456 -0.030726 -0.0237808 
-0.0134641 0.0290288 -0.0577367 
0.307834 -0.00601136 -0.0138709 
0.00220189 -0.0245536 -0.009261210000000001 
0.0182829 -0.0389125 0.0702377 
0.00869431 0.00641519 0.07140820000000001 
0.0346949 -0.0611134 0.0136441 
0.539399 0.0417494 0.0269692 
0.525579 0.0336868 -0.00223496 
0.387977 0.0381078 -0.00382237 
0.264584 -0.0273743 -0.0228673 
0.0563499 0.0728998 -0.00562891 
-0.00297053 -0.0293014 0.0447146 
0.545524 0.0492987 0.03542 
-0.0570434 -0.0139429 -0.0199558 
0.534667 0.0362612 0.0125451 
0.105911 -0.0182731 0.047593 
-0.00283372 -0.0293227 0.0255 
0.0530937 0.0132166 0.026584 
0.0547112 -0.0144011 -0.0146343 
-0.0358608 0.07243520000000001 0.0459913 
0.462215 -0.0154266 0.0252538 
-0.00192142 0.0687601 -0.0407318 
0.153665 -0.0143225 0.0232061 
0.125002 0.0560024 0.0286963 
0.375512 0.00542942 0.0139024 
-0.0270877 0.00401028 -0.0325 
0.0309132 0.0583721 -0.0430044 
0.0239903 0.028236 0.0434975 
-0.0359955 0.00100004 -0.0130876 
0.266074 0.0252703 0.0446912 
-0.046973 0.000308449 0.0274429 
0.300664 0.00680558 0.01808 
0.319093 0.0175785 -0.0377151 
0.0204605 -0.0129075 -0.0614208 
0.119501 -0.0235122 -0.0445598 
0.08599999999999999 0.0432364 -0.0164088 
-0.0567346 -0.0412546 -0.00918799 
0.525938 0.0287364 -0.0139373 
0.488027 -0.00153249 0.0125887 
0.587743 -0.0254341 0.00949821 
0.312986 -0.0370201 -0.0267167 
0.161749 0.019309 0.0438351 
0.0453648 -0.0440218 -0.04135 
0.35882 -0.00521071 0.013767 
0.25295 -0.0218107 0.0149057 
0.07085519999999999 0.007920429999999999 0.0480075 
0.377164 -0.0133008 -0.0150178 
0.0177275 -0.0222597 -0.00098631 
0.303042 0.0461902 0.0148121 
0.0455015 -0.07106369999999999 0.0429917 
0.0141353 0.0144192 0.0680246 
0.0518717 -0.0244395 0.000270891 
0.140527 -0.0182584 0.0227934 
-0.0555566 -0.0472999 -0.00744564 
0.453664 0.0229896 0.00682187 
0.39638 -0.0352773 0.0253162 
-0.0369863 -0.06663289999999999 0.0495 
0.0171216 0.0104898 0.061639 
0.162815 0.0108234 -0.0169254 
0.108549 0.0602563 0.0309427 
0.39595 0.0184396 0.0314845 
0.102521 0.00533249 -0.0167482 
0.34208 -0.0236624 0.0007999940000000001 
0.0774253 -0.0201242 -0.00561571 
-0.0104341 0.0305812 0.0524105 
 0.089 0.00291555 0.0449047 
0.0292539 0.0129193 -0.062001 
0.281105 0.0263952 -0.0231483 
0.110622 0.0108141 -0.019205 
0.06326809999999999 0.00746535 -0.0160141 
0.349621 -0.0370089 0.0299403 
0.398441 0.0007999940000000001 -0.0243781 
0.16629 -0.0216846 -0.0109116 
3 232 734 471 
3 414 946 416 
3 705 946 414 
3 630 479 416 
3 940 486 107 
3 505 414 107 
3 486 505 107 
3 505 705 414 
3 486 301 330 
3 940 301 486 
3 630 677 471 
3 232 893 807 
3 893 702 807 
3 258 946 705 
3 505 258 705 
3 96 630 416 
3 946 96 416 
3 96 946 630 
3 56 627 416 
3 479 85 416 
3 56 85 734 
3 734 85 471 
3 85 630 471 
3 85 479 630 
3 301 776 536 
3 776 301 940 
3 747 232 807 
3 747 976 232 
3 229 232 471 
3 229 893 232 
3 258 108 946 
3 644 486 330 
3 644 505 486 
3 644 258 505 
3 187 364 285 
3 108 187 285 
3 280 677 630 
3 229 280 893 
3 681 280 630 
3 206 129 575 
3 301 927 330 
3 927 301 536 
3 375 414 416 
3 627 375 416 
3 414 375 107 
3 375 99 107 
3 375 627 56 
3 99 375 56 
3 624 56 416 
3 85 624 416 
3 624 85 56 
3 99 711 43 
3 963 940 107 
3 99 963 107 
3 940 963 350 
3 963 99 43 
3 983 976 829 
3 362 983 829 
3 466 940 350 
3 466 776 940 
3 963 466 350 
3 457 967 807 
3 740 527 702 
3 740 206 575 
3 976 885 829 
3 885 747 829 
3 747 885 976 
3 62 681 630 
3 364 62 285 
3 681 62 364 
3 946 305 630 
3 108 305 946 
3 305 62 630 
3 305 108 285 
3 62 305 285 
3 258 413 330 
3 413 644 330 
3 644 413 258 
3 706 108 258 
3 187 706 258 
3 706 187 108 
3 893 164 702 
3 164 280 702 
3 280 164 893 
3 393 229 471 
3 393 280 229 
3 677 393 471 
3 280 393 677 
3 681 128 948 
3 66 791 702 
3 791 66 948 
3 280 66 702 
3 66 681 948 
3 681 66 280 
3 791 653 702 
3 653 791 129 
3 653 206 702 
3 206 653 129 
3 129 783 575 
3 927 783 129 
3 783 927 868 
3 791 39 129 
3 39 927 129 
3 39 791 948 
3 927 39 330 
3 39 258 330 
3 187 39 948 
3 39 187 258 
3 342 927 536 
3 927 342 868 
3 783 342 536 
3 342 783 868 
3 408 980 43 
3 980 963 43 
3 466 980 408 
3 980 466 963 
3 232 430 734 
3 976 430 232 
3 897 56 734 
3 983 897 734 
3 897 99 56 
3 897 711 99 
3 897 983 362 
3 43 897 362 
3 711 897 43 
3 776 239 536 
3 239 783 536 
3 783 239 575 
3 542 466 408 
3 542 43 362 
3 542 408 43 
3 967 888 702 
3 457 888 967 
3 702 888 807 
3 888 457 807 
3 206 586 702 
3 586 740 702 
3 740 586 206 
3 556 549 967 
3 967 549 807 
3 549 747 807 
3 747 549 275 
3 522 556 967 
3 556 522 527 
3 522 967 702 
3 527 522 702 
3 10 747 275 
3 10 190 747 
3 747 631 829 
3 190 631 747 
3 737 681 364 
3 737 128 681 
3 187 737 364 
3 983 604 976 
3 604 430 976 
3 604 983 734 
3 430 604 734 
3 331 419 466 
3 542 331 466 
3 419 331 275 
3 419 175 466 
3 466 175 776 
3 175 239 776 
3 785 556 527 
3 785 549 556 
3 549 785 275 
3 740 785 527 
3 785 419 275 
3 785 740 575 
3 785 175 419 
3 239 785 575 
3 175 785 239 
3 424 737 187 
3 737 424 128 
3 424 187 948 
3 128 424 948 
3 10 14 190 
3 14 631 190 
3 14 10 275 
3 331 14 275 
3 631 14 829 
3 14 362 829 
3 14 542 362 
3 14 331 542 
Vertices and facets:
- p232(v17):  0.61 -0.032 0.033
- p734(v12): -0.01 -0.034 0.077
- p471(v1):  0.62 -0.0047 0.041
- p946(v20): -0.036 0.072 0.046
- p414(v10): -0.061 0.039 0.051
- p416(v6): -0.013 0.036 0.074
- p705(v19): -0.052 0.062 0.039
- p479(v23): 0.018 -0.0011  0.08
- p630(v11):  0.56 0.063 0.051
- p940(v31): -0.057 -0.014 -0.02
- p486(v15): -0.054 0.029 -0.024
- p107(v0): -0.072 -0.011 0.048
- p505(v32): -0.067 0.022 0.041
- p301(v33): -0.041 0.025 -0.042
- p330(v7): -0.039  0.05 -0.038
- p677(v35):  0.62 0.024 0.025
- p893(v36):   0.6 -0.0038 -0.0098
- p807(v9):  0.59 -0.027 0.0019
- p702(v18):  0.59 0.016 -0.029
- p258(v37): -0.048 0.067 0.012
- p96(v39): 0.034 0.066 0.051
- p627(v43): -0.044 0.0043 0.067
- p56(v22): -0.03 -0.014 0.077
- p85(v44): -0.0043 -0.013 0.081
- p776(v49): -0.036 -0.019 -0.047
- p536(v16): -0.024 0.0016 -0.056
- p747(v55):  0.56 -0.04 0.016
- p976(v48): 0.046 -0.071 0.043
- p229(v56):  0.62 0.015 0.0078
- p108(v57): -0.029 0.077 0.041
- p644(v58): -0.054 0.043 -0.016
- p187(v59): -0.0091 0.079 -0.0068
- p364(v40): 0.019 0.079 -0.0049
- p285(v2): -0.017 0.079  0.03
- p280(v60):  0.62 0.033 -0.004
- p681(v61):  0.54 0.065 0.035
- p206(v62): 0.046 0.0051 -0.063
- p129(v42): 0.014 0.022 -0.061
- p575(v3): 0.014 -0.015 -0.064
- p927(v65): -0.013 0.029 -0.058
- p375(v66): -0.06 0.021 0.056
- p99(v45): -0.07 -0.029 0.051
- p624(v67): -0.02 0.002 0.077
- p711(v68): -0.061 -0.046 0.037
- p43(v24): -0.057 -0.054 0.0092
- p963(v69): -0.057 -0.041 -0.0092
- p350(v8): -0.047 -0.04 -0.031
- p983(v70): -0.037 -0.067  0.05
- p829(v5): -0.011 -0.077 0.018
- p362(v13): -0.042 -0.071 0.021
- p466(v71): -0.041 -0.052 -0.038
- p457(v72):  0.39 -0.032 -0.022
- p967(v50):  0.31 -0.037 -0.027
- p740(v73): 0.028 -0.021 -0.063
- p527(v53): 0.047 -0.029 -0.059
- p885(v76): 0.018 -0.074 0.028
- p62(v77): 0.024 0.079 0.033
- p305(v78): -0.024 0.078  0.04
- p413(v79): -0.047 0.054 -0.017
- p706(v80): -0.026 0.075 0.012
- p164(v81):   0.6 0.009 -0.018
- p393(v82):  0.62 0.012 0.024
- p128(v83): 0.024 0.072 -0.029
- p948(v21): -0.0019 0.069 -0.041
- p66(v84): 0.033 0.063 -0.045
- p791(v63): 0.048 0.057 -0.049
- p653(v85): 0.047 0.022 -0.059
- p783(v86): -0.0059 -0.00035 -0.061
- p868(v64): -0.0067 0.00059 -0.061
- p39(v87): -0.016 0.059 -0.048
- p342(v88): -0.013 0.004 -0.059
- p980(v89): -0.056 -0.047 -0.0074
- p408(v46): -0.055 -0.053 -0.0021
- p430(v90): 0.017 -0.06 0.056
- p897(v91): -0.051 -0.063 0.046
- p239(v93): -0.014 -0.019 -0.056
- p542(v94): -0.043 -0.063 -0.018
- p888(v95):  0.56 0.0082 -0.027
- p586(v96): 0.049 -0.0076 -0.063
- p549(v97):  0.02 -0.06 -0.043
- p556(v74): 0.037 -0.055 -0.045
- p275(v30): 0.008 -0.062 -0.041
- p522(v98):  0.26 -0.036 -0.033
- p10(v99): 0.0074 -0.07 -0.021
- p190(v75): 0.022 -0.076 -0.0037
- p631(v100): 0.019 -0.077 -0.00049
- p737(v101): 0.029 0.078 -0.0099
- p604(v102): -0.02 -0.066 0.051
- p331(v103): -0.027 -0.066 -0.029
- p419(v92): -0.034 -0.054 -0.039
- p175(v104): -0.032 -0.042 -0.044
- p785(v105): 0.015 -0.044 -0.053
- p424(v106): -0.0037 0.074 -0.026
- p14(v107): -0.016 -0.073 -0.018
- f57
    - flags: top simplicial
    - normal:    0.0687  -0.3311   0.9411
    - offset: -0.08334112
    - vertices: p232(v17) p734(v12) p471(v1)
    - neighboring facets: f178 f242 f401
- f73
    - flags: bottom simplicial
    - normal:    -0.367   0.4138   0.8331
    - offset: -0.08144897
    - vertices: p946(v20) p414(v10) p416(v6)
    - neighboring facets: f286 f157 f74
- f74
    - flags: bottom simplicial
    - normal:   -0.6179    0.557   0.5548
    - offset: -0.08802745
    - vertices: p946(v20) p705(v19) p414(v10)
    - neighboring facets: f127 f73 f149
- f89
    - flags: bottom simplicial
    - normal:   0.03188    0.172   0.9846
    - offset: -0.07891298
    - vertices: p479(v23) p630(v11) p416(v6)
    - neighboring facets: f156 f176 f180
- f121
    - flags: top simplicial
    - normal:   -0.9747  0.05046  -0.2179
    - offset: -0.05924331
    - vertices: p940(v31) p486(v15) p107(v0)
    - neighboring facets: f126 f299 f133
- f125
    - flags: top simplicial
    - normal:   -0.9434    0.183   0.2766
    - offset: -0.07898456
    - vertices: p505(v32) p414(v10) p107(v0)
    - neighboring facets: f288 f126 f127
- f126
    - flags: bottom simplicial
    - normal:   -0.9766  0.09994  -0.1905
    - offset: -0.06012601
    - vertices: p505(v32) p486(v15) p107(v0)
    - neighboring facets: f121 f125 f250
- f127
    - flags: top simplicial
    - normal:   -0.9336   0.3581  -0.0149
    - offset: -0.07019757
    - vertices: p505(v32) p705(v19) p414(v10)
    - neighboring facets: f74 f125 f152
- f129
    - flags: bottom simplicial
    - normal:   -0.7831   0.1635     -0.6
    - offset: -0.0616008
    - vertices: p301(v33) p486(v15) p330(v7)
    - neighboring facets: f248 f282 f133
- f133
    - flags: bottom simplicial
    - normal:   -0.8138 0.0005101  -0.5811
    - offset: -0.05801292
    - vertices: p301(v33) p940(v31) p486(v15)
    - neighboring facets: f121 f129 f211
- f138
    - flags: bottom simplicial
    - normal:    0.6365   0.5094   0.5792
    - offset: -0.4192616
    - vertices: p677(v35) p630(v11) p471(v1)
    - neighboring facets: f179 f363 f260
- f144
    - flags: bottom simplicial
    - normal:    0.5528  -0.6416  -0.5318
    - offset: -0.3418875
    - vertices: p893(v36) p232(v17) p807(v9)
    - neighboring facets: f233 f145 f243
- f145
    - flags: top simplicial
    - normal:     0.239  -0.5634  -0.7909
    - offset: -0.1543565
    - vertices: p893(v36) p702(v18) p807(v9)
    - neighboring facets: f428 f144 f358
- f149
    - flags: top simplicial
    - normal:    -0.573   0.8168  0.06682
    - offset: -0.08278874
    - vertices: p258(v37) p946(v20) p705(v19)
    - neighboring facets: f74 f152 f245
- f152
    - flags: bottom simplicial
    - normal:   -0.9321   0.3534 -0.07892
    - offset: -0.06735892
    - vertices: p258(v37) p505(v32) p705(v19)
    - neighboring facets: f127 f149 f251
- f156
    - flags: top simplicial
    - normal:  0.004811    0.597   0.8022
    - offset: -0.08095599
    - vertices: p96(v39) p630(v11) p416(v6)
    - neighboring facets: f89 f157 f158
- f157
    - flags: bottom simplicial
    - normal:  -0.007426   0.6092    0.793
    - offset: -0.08086411
    - vertices: p96(v39) p946(v20) p416(v6)
    - neighboring facets: f73 f156 f158
- f158
    - flags: top simplicial
    - normal:   0.00538   0.6908    0.723
    - offset: -0.08309838
    - vertices: p96(v39) p946(v20) p630(v11)
    - neighboring facets: f347 f156 f157
- f172
    - flags: bottom simplicial
    - normal:   -0.3933   0.1927    0.899
    - offset: -0.07874984
    - vertices: p627(v43) p56(v22) p416(v6)
    - neighboring facets: f292 f287 f290
- f176
    - flags: bottom simplicial
    - normal:  -0.02098   0.1289   0.9914
    - offset: -0.07855427
    - vertices: p85(v44) p479(v23) p416(v6)
    - neighboring facets: f89 f293 f180
- f177
    - flags: bottom simplicial
    - normal:   -0.1262  -0.1328   0.9831
    - offset: -0.08174666
    - vertices: p85(v44) p56(v22) p734(v12)
    - neighboring facets: f403 f178 f294
- f178
    - flags: bottom simplicial
    - normal:   0.06412  -0.1845   0.9807
    - offset: -0.08142272
    - vertices: p85(v44) p734(v12) p471(v1)
    - neighboring facets: f57 f179 f177
- f179
    - flags: top simplicial
    - normal:   0.06365 -0.08477   0.9944
    - offset: -0.08122298
    - vertices: p85(v44) p630(v11) p471(v1)
    - neighboring facets: f138 f178 f180
- f180
    - flags: top simplicial
    - normal:   0.05393 -0.01025   0.9985
    - offset: -0.08062408
    - vertices: p85(v44) p479(v23) p630(v11)
    - neighboring facets: f89 f179 f176
- f205
    - flags: bottom simplicial
    - normal:   -0.6181  0.01384   -0.786
    - offset: -0.05883879
    - vertices: p776(v49) p301(v33) p536(v16)
    - neighboring facets: f283 f415 f211
- f211
    - flags: top simplicial
    - normal:   -0.7896  -0.0273   -0.613
    - offset: -0.05765483
    - vertices: p776(v49) p301(v33) p940(v31)
    - neighboring facets: f133 f318 f205
- f233
    - flags: top simplicial
    - normal:    0.2638  -0.8963  -0.3565
    - offset: -0.1787077
    - vertices: p747(v55) p232(v17) p807(v9)
    - neighboring facets: f144 f437 f237
- f237
    - flags: top simplicial
    - normal:   0.07098   -0.963   0.2599
    - offset: -0.08283947
    - vertices: p747(v55) p976(v48) p232(v17)
    - neighboring facets: f402 f233 f341
- f242
    - flags: top simplicial
    - normal:    0.8999   -0.312  -0.3047
    - offset: -0.5512949
    - vertices: p229(v56) p232(v17) p471(v1)
    - neighboring facets: f57 f361 f243
- f243
    - flags: top simplicial
    - normal:    0.8506  -0.3497  -0.3925
    - offset: -0.5194687
    - vertices: p229(v56) p893(v36) p232(v17)
    - neighboring facets: f144 f242 f262
- f245
    - flags: bottom simplicial
    - normal:   -0.5218    0.852  0.04279
    - offset: -0.08239487
    - vertices: p108(v57) p258(v37) p946(v20)
    - neighboring facets: f149 f348 f355
- f248
    - flags: top simplicial
    - normal:    -0.837   0.3016  -0.4566
    - offset: -0.06504017
    - vertices: p644(v58) p486(v15) p330(v7)
    - neighboring facets: f129 f353 f250
- f250
    - flags: top simplicial
    - normal:   -0.9742   0.1261  -0.1871
    - offset: -0.06068392
    - vertices: p644(v58) p505(v32) p486(v15)
    - neighboring facets: f126 f248 f251
- f251
    - flags: top simplicial
    - normal:   -0.9347   0.3413 -0.09906
    - offset: -0.06643412
    - vertices: p644(v58) p258(v37) p505(v32)
    - neighboring facets: f152 f250 f354
- f252
    - flags: top simplicial
    - normal:  0.002304        1 -0.004656
    - offset:   -0.07903
    - vertices: p187(v59) p364(v40) p285(v2)
    - neighboring facets: f345 f255 f453
- f255
    - flags: bottom simplicial
    - normal:    -0.236   0.9702 -0.05459
    - offset: -0.07919709
    - vertices: p187(v59) p108(v57) p285(v2)
    - neighboring facets: f350 f252 f357
- f260
    - flags: top simplicial
    - normal:    0.6305   0.7445   0.2198
    - offset: -0.4122425
    - vertices: p280(v60) p677(v35) p630(v11)
    - neighboring facets: f138 f267 f364
- f262
    - flags: bottom simplicial
    - normal:    0.8203  -0.1871  -0.5404
    - offset: -0.5019555
    - vertices: p280(v60) p229(v56) p893(v36)
    - neighboring facets: f243 f360 f362
- f267
    - flags: top simplicial
    - normal:    0.3245   0.9281  -0.1827
    - offset: -0.2311712
    - vertices: p681(v61) p280(v60) p630(v11)
    - neighboring facets: f260 f344 f373
- f271
    - flags: top simplicial
    - normal:  -0.02992   0.0716   -0.997
    - offset: -0.06189868
    - vertices: p206(v62) p129(v42) p575(v3)
    - neighboring facets: f381 f330 f377
- f282
    - flags: bottom simplicial
    - normal:   -0.5052   0.1695  -0.8462
    - offset: -0.06057751
    - vertices: p927(v65) p301(v33) p330(v7)
    - neighboring facets: f129 f387 f283
- f283
    - flags: top simplicial
    - normal:   -0.5042   0.1371  -0.8527
    - offset: -0.05999748
    - vertices: p927(v65) p301(v33) p536(v16)
    - neighboring facets: f205 f391 f282
- f286
    - flags: top simplicial
    - normal:   -0.4057   0.2163    0.888
    - offset: -0.07894041
    - vertices: p375(v66) p414(v10) p416(v6)
    - neighboring facets: f73 f287 f288
- f287
    - flags: bottom simplicial
    - normal:   -0.4035   0.2043   0.8918
    - offset: -0.07876777
    - vertices: p375(v66) p627(v43) p416(v6)
    - neighboring facets: f172 f286 f290
- f288
    - flags: bottom simplicial
    - normal:   -0.7883   0.1235   0.6027
    - offset: -0.08399044
    - vertices: p375(v66) p414(v10) p107(v0)
    - neighboring facets: f125 f289 f286
- f289
    - flags: top simplicial
    - normal:   -0.6793  0.05029   0.7322
    - offset: -0.0831194
    - vertices: p375(v66) p99(v45) p107(v0)
    - neighboring facets: f300 f288 f291
- f290
    - flags: top simplicial
    - normal:   -0.4846   0.1103   0.8677
    - offset: -0.08028726
    - vertices: p375(v66) p627(v43) p56(v22)
    - neighboring facets: f172 f291 f287
- f291
    - flags: bottom simplicial
    - normal:   -0.5643  0.01851   0.8254
    - offset: -0.0807445
    - vertices: p375(v66) p99(v45) p56(v22)
    - neighboring facets: f405 f290 f289
- f292
    - flags: top simplicial
    - normal:   -0.1501   0.1121   0.9823
    - offset: -0.07892943
    - vertices: p624(v67) p56(v22) p416(v6)
    - neighboring facets: f172 f293 f294
- f293
    - flags: bottom simplicial
    - normal:   -0.1324   0.1086   0.9852
    - offset: -0.07879311
    - vertices: p624(v67) p85(v44) p416(v6)
    - neighboring facets: f176 f292 f294
- f294
    - flags: top simplicial
    - normal:    -0.137   0.1037   0.9851
    - offset: -0.07886727
    - vertices: p624(v67) p85(v44) p56(v22)
    - neighboring facets: f177 f292 f293
- f296
    - flags: bottom simplicial
    - normal:   -0.9099  -0.4136 -0.03163
    - offset: -0.0737712
    - vertices: p711(v68) p99(v45) p43(v24)
    - neighboring facets: f303 f409 f406
- f299
    - flags: top simplicial
    - normal:   -0.9727 -0.09455  -0.2119
    - offset: -0.06103369
    - vertices: p963(v69) p940(v31) p107(v0)
    - neighboring facets: f121 f300 f301
- f300
    - flags: bottom simplicial
    - normal:   -0.9713  -0.1577  -0.1782
    - offset: -0.06324945
    - vertices: p963(v69) p99(v45) p107(v0)
    - neighboring facets: f289 f299 f303
- f301
    - flags: bottom simplicial
    - normal:    -0.892  -0.1745  -0.4169
    - offset: -0.06163757
    - vertices: p963(v69) p940(v31) p350(v8)
    - neighboring facets: f317 f319 f299
- f303
    - flags: top simplicial
    - normal:    -0.961  -0.2242  -0.1621
    - offset:  -0.065259
    - vertices: p963(v69) p99(v45) p43(v24)
    - neighboring facets: f296 f396 f300
- f309
    - flags: top simplicial
    - normal:  -0.02843  -0.9564   0.2908
    - offset: -0.07917134
    - vertices: p983(v70) p976(v48) p829(v5)
    - neighboring facets: f339 f311 f455
- f311
    - flags: bottom simplicial
    - normal:   -0.1697  -0.9695   0.1767
    - offset: -0.07962605
    - vertices: p983(v70) p362(v13) p829(v5)
    - neighboring facets: f491 f309 f407
- f317
    - flags: top simplicial
    - normal:   -0.8189 -0.07911  -0.5685
    - offset: -0.05915882
    - vertices: p466(v71) p940(v31) p350(v8)
    - neighboring facets: f301 f319 f318
- f318
    - flags: top simplicial
    - normal:    -0.791 -0.04818    -0.61
    - offset: -0.05796301
    - vertices: p466(v71) p776(v49) p940(v31)
    - neighboring facets: f211 f317 f469
- f319
    - flags: bottom simplicial
    - normal:   -0.8889  -0.1905  -0.4166
    - offset: -0.06211795
    - vertices: p466(v71) p963(v69) p350(v8)
    - neighboring facets: f301 f317 f398
- f324
    - flags: top simplicial
    - normal:    0.1021  -0.6526  -0.7508
    - offset: -0.07616651
    - vertices: p457(v72) p967(v50) p807(v9)
    - neighboring facets: f434 f429 f427
- f329
    - flags: top simplicial
    - normal:   0.07525  -0.2471  -0.9661
    - offset: -0.06811274
    - vertices: p740(v73) p527(v53) p702(v18)
    - neighboring facets: f442 f431 f476
- f330
    - flags: top simplicial
    - normal:   0.02654 -0.01968  -0.9995
    - offset: -0.06418698
    - vertices: p740(v73) p206(v62) p575(v3)
    - neighboring facets: f271 f478 f432
- f339
    - flags: bottom simplicial
    - normal:   0.06141  -0.9935  0.09557
    - offset: -0.07750664
    - vertices: p885(v76) p976(v48) p829(v5)
    - neighboring facets: f309 f340 f341
- f340
    - flags: top simplicial
    - normal:   0.06386   -0.994   0.0886
    - offset: -0.07739097
    - vertices: p885(v76) p747(v55) p829(v5)
    - neighboring facets: f449 f339 f341
- f341
    - flags: bottom simplicial
    - normal:    0.0639  -0.9938  0.09101
    - offset: -0.07744322
    - vertices: p885(v76) p747(v55) p976(v48)
    - neighboring facets: f237 f339 f340
- f344
    - flags: top simplicial
    - normal:   0.02495   0.9889   0.1467
    - offset: -0.08332743
    - vertices: p62(v77) p681(v61) p630(v11)
    - neighboring facets: f267 f349 f346
- f345
    - flags: bottom simplicial
    - normal:   0.01092   0.9999 0.004279
    - offset: -0.07914518
    - vertices: p62(v77) p364(v40) p285(v2)
    - neighboring facets: f252 f351 f346
- f346
    - flags: bottom simplicial
    - normal:   0.02567   0.9997 0.002407
    - offset: -0.07941303
    - vertices: p62(v77) p681(v61) p364(v40)
    - neighboring facets: f451 f345 f344
- f347
    - flags: bottom simplicial
    - normal:  0.006097   0.7195   0.6944
    - offset: -0.08383858
    - vertices: p305(v78) p946(v20) p630(v11)
    - neighboring facets: f158 f349 f348
- f348
    - flags: bottom simplicial
    - normal:   -0.0406   0.7654   0.6422
    - offset: -0.08643776
    - vertices: p305(v78) p108(v57) p946(v20)
    - neighboring facets: f245 f347 f350
- f349
    - flags: top simplicial
    - normal:   0.02033   0.9644   0.2635
    - offset: -0.08516732
    - vertices: p305(v78) p62(v77) p630(v11)
    - neighboring facets: f344 f347 f351
- f350
    - flags: top simplicial
    - normal:   -0.1891    0.982 -0.002621
    - offset: -0.08087647
    - vertices: p305(v78) p108(v57) p285(v2)
    - neighboring facets: f255 f351 f348
- f351
    - flags: bottom simplicial
    - normal:  -0.0002039   0.9915   0.1297
    - offset: -0.08237963
    - vertices: p305(v78) p62(v77) p285(v2)
    - neighboring facets: f345 f350 f349
- f352
    - flags: bottom simplicial
    - normal:   -0.5772   0.7358  -0.3541
    - offset: -0.07259273
    - vertices: p413(v79) p258(v37) p330(v7)
    - neighboring facets: f388 f353 f354
- f353
    - flags: top simplicial
    - normal:   -0.7986   0.4635  -0.3839
    - offset: -0.06880234
    - vertices: p413(v79) p644(v58) p330(v7)
    - neighboring facets: f248 f352 f354
- f354
    - flags: bottom simplicial
    - normal:   -0.8305   0.4954  -0.2547
    - offset: -0.06987432
    - vertices: p413(v79) p644(v58) p258(v37)
    - neighboring facets: f251 f352 f353
- f355
    - flags: top simplicial
    - normal:   -0.3702   0.9254   -0.081
    - offset: -0.07855608
    - vertices: p706(v80) p108(v57) p258(v37)
    - neighboring facets: f245 f356 f357
- f356
    - flags: bottom simplicial
    - normal:   -0.3651   0.9179  -0.1552
    - offset: -0.07693149
    - vertices: p706(v80) p187(v59) p258(v37)
    - neighboring facets: f390 f355 f357
- f357
    - flags: top simplicial
    - normal:   -0.2814   0.9567   -0.074
    - offset: -0.07867826
    - vertices: p706(v80) p187(v59) p108(v57)
    - neighboring facets: f255 f355 f356
- f358
    - flags: bottom simplicial
    - normal:    0.6145  -0.2196  -0.7577
    - offset: -0.3797777
    - vertices: p164(v81) p893(v36) p702(v18)
    - neighboring facets: f145 f359 f360
- f359
    - flags: top simplicial
    - normal:    0.6795 -0.07676  -0.7297
    - offset: -0.4194448
    - vertices: p164(v81) p280(v60) p702(v18)
    - neighboring facets: f371 f358 f360
- f360
    - flags: bottom simplicial
    - normal:    0.7146  -0.1286  -0.6876
    - offset: -0.4392635
    - vertices: p164(v81) p280(v60) p893(v36)
    - neighboring facets: f262 f358 f359
- f361
    - flags: top simplicial
    - normal:    0.9251  -0.2597  -0.2771
    - offset: -0.5679226
    - vertices: p393(v82) p229(v56) p471(v1)
    - neighboring facets: f242 f363 f362
- f362
    - flags: top simplicial
    - normal:    0.9735   0.0608  -0.2206
    - offset: -0.6032228
    - vertices: p393(v82) p280(v60) p229(v56)
    - neighboring facets: f262 f361 f364
- f363
    - flags: bottom simplicial
    - normal:    0.8047   0.4483   0.3892
    - offset: -0.5168286
    - vertices: p393(v82) p677(v35) p471(v1)
    - neighboring facets: f138 f361 f364
- f364
    - flags: bottom simplicial
    - normal:    0.8523   0.5022   0.1461
    - offset: -0.5414701
    - vertices: p393(v82) p280(v60) p677(v35)
    - neighboring facets: f260 f363 f362
- f365
    - flags: bottom simplicial
    - normal:   0.05834   0.9227   -0.381
    - offset: -0.07885407
    - vertices: p128(v83) p681(v61) p948(v21)
    - neighboring facets: f372 f485 f452
- f369
    - flags: top simplicial
    - normal:   0.07996   0.7073  -0.7024
    - offset: -0.07845244
    - vertices: p66(v84) p791(v63) p702(v18)
    - neighboring facets: f374 f371 f370
- f370
    - flags: bottom simplicial
    - normal:   0.01727   0.6206  -0.7839
    - offset: -0.07457049
    - vertices: p66(v84) p791(v63) p948(v21)
    - neighboring facets: f386 f372 f369
- f371
    - flags: bottom simplicial
    - normal:   0.08366   0.7777  -0.6231
    - offset: -0.07946793
    - vertices: p66(v84) p280(v60) p702(v18)
    - neighboring facets: f359 f369 f373
- f372
    - flags: top simplicial
    - normal:   0.08008   0.8363  -0.5423
    - offset: -0.07944301
    - vertices: p66(v84) p681(v61) p948(v21)
    - neighboring facets: f365 f370 f373
- f373
    - flags: bottom simplicial
    - normal:   0.08138   0.8308  -0.5506
    - offset: -0.07950521
    - vertices: p66(v84) p681(v61) p280(v60)
    - neighboring facets: f267 f371 f372
- f374
    - flags: bottom simplicial
    - normal:   0.05736   0.2769  -0.9592
    - offset: -0.06570793
    - vertices: p653(v85) p791(v63) p702(v18)
    - neighboring facets: f369 f376 f375
- f375
    - flags: top simplicial
    - normal:   0.04701   0.2774  -0.9596
    - offset: -0.06526202
    - vertices: p653(v85) p791(v63) p129(v42)
    - neighboring facets: f384 f377 f374
- f376
    - flags: top simplicial
    - normal:   0.05752   0.2152  -0.9749
    - offset: -0.06527214
    - vertices: p653(v85) p206(v62) p702(v18)
    - neighboring facets: f430 f374 f377
- f377
    - flags: bottom simplicial
    - normal:   0.04762   0.2156  -0.9753
    - offset: -0.06484647
    - vertices: p653(v85) p206(v62) p129(v42)
    - neighboring facets: f271 f375 f376
- f381
    - flags: bottom simplicial
    - normal:  -0.07891   0.0707  -0.9944
    - offset: -0.06105535
    - vertices: p783(v86) p129(v42) p575(v3)
    - neighboring facets: f271 f418 f382
- f382
    - flags: bottom simplicial
    - normal:  -0.09483  0.08431  -0.9919
    - offset: -0.06099424
    - vertices: p783(v86) p927(v65) p129(v42)
    - neighboring facets: f385 f381 f383
- f383
    - flags: top simplicial
    - normal:   -0.1318  0.07435  -0.9885
    - offset: -0.06100492
    - vertices: p783(v86) p927(v65) p868(v64)
    - neighboring facets: f392 f394 f382
- f384
    - flags: bottom simplicial
    - normal:  -0.003638   0.3238  -0.9461
    - offset: -0.06479069
    - vertices: p39(v87) p791(v63) p129(v42)
    - neighboring facets: f375 f385 f386
- f385
    - flags: top simplicial
    - normal:  -0.03713   0.2991  -0.9535
    - offset: -0.06423469
    - vertices: p39(v87) p927(v65) p129(v42)
    - neighboring facets: f382 f384 f387
- f386
    - flags: top simplicial
    - normal:    0.0105   0.6028  -0.7978
    - offset: -0.07392473
    - vertices: p39(v87) p791(v63) p948(v21)
    - neighboring facets: f370 f389 f384
- f387
    - flags: bottom simplicial
    - normal:   -0.4653   0.2272  -0.8555
    - offset: -0.06225371
    - vertices: p39(v87) p927(v65) p330(v7)
    - neighboring facets: f282 f388 f385
- f388
    - flags: top simplicial
    - normal:   -0.4897   0.7949  -0.3583
    - offset: -0.07228966
    - vertices: p39(v87) p258(v37) p330(v7)
    - neighboring facets: f352 f387 f390
- f389
    - flags: bottom simplicial
    - normal:    -0.392   0.8541  -0.3417
    - offset: -0.07340362
    - vertices: p39(v87) p187(v59) p948(v21)
    - neighboring facets: f484 f386 f390
- f390
    - flags: top simplicial
    - normal:   -0.4254   0.8426  -0.3304
    - offset: -0.07271672
    - vertices: p39(v87) p187(v59) p258(v37)
    - neighboring facets: f356 f388 f389
- f391
    - flags: top simplicial
    - normal:   -0.3008  0.05049  -0.9523
    - offset: -0.06050105
    - vertices: p342(v88) p927(v65) p536(v16)
    - neighboring facets: f283 f393 f392
- f392
    - flags: bottom simplicial
    - normal:   -0.2179  0.05245  -0.9746
    - offset: -0.06072426
    - vertices: p342(v88) p927(v65) p868(v64)
    - neighboring facets: f383 f394 f391
- f393
    - flags: bottom simplicial
    - normal:   -0.2769 -0.06843  -0.9585
    - offset: -0.06007452
    - vertices: p342(v88) p783(v86) p536(v16)
    - neighboring facets: f417 f391 f394
- f394
    - flags: top simplicial
    - normal:    -0.272 -0.05932  -0.9605
    - offset: -0.06016416
    - vertices: p342(v88) p783(v86) p868(v64)
    - neighboring facets: f383 f392 f393
- f395
    - flags: bottom simplicial
    - normal:   -0.9413  -0.2812   -0.187
    - offset: -0.06698477
    - vertices: p980(v89) p408(v46) p43(v24)
    - neighboring facets: f425 f396 f397
- f396
    - flags: top simplicial
    - normal:   -0.9569  -0.2354  -0.1699
    - offset: -0.06556439
    - vertices: p980(v89) p963(v69) p43(v24)
    - neighboring facets: f303 f395 f398
- f397
    - flags: bottom simplicial
    - normal:   -0.8484  -0.4044  -0.3415
    - offset: -0.06880611
    - vertices: p980(v89) p466(v71) p408(v46)
    - neighboring facets: f423 f395 f398
- f398
    - flags: top simplicial
    - normal:   -0.8822  -0.2809   -0.378
    - offset: -0.06510937
    - vertices: p980(v89) p466(v71) p963(v69)
    - neighboring facets: f319 f396 f397
- f401
    - flags: bottom simplicial
    - normal:   0.05975  -0.5922   0.8036
    - offset: -0.08176528
    - vertices: p430(v90) p232(v17) p734(v12)
    - neighboring facets: f57 f458 f402
- f402
    - flags: bottom simplicial
    - normal:   0.06102  -0.6962   0.7152
    - offset: -0.08300167
    - vertices: p430(v90) p976(v48) p232(v17)
    - neighboring facets: f237 f401 f456
- f403
    - flags: top simplicial
    - normal:   -0.3766  -0.3865   0.8419
    - offset: -0.0820686
    - vertices: p897(v91) p56(v22) p734(v12)
    - neighboring facets: f177 f404 f405
- f404
    - flags: bottom simplicial
    - normal:   -0.3363   -0.436   0.8348
    - offset: -0.08280899
    - vertices: p897(v91) p983(v70) p734(v12)
    - neighboring facets: f457 f403 f407
- f405
    - flags: top simplicial
    - normal:   -0.4285  -0.3571     0.83
    - offset: -0.08231056
    - vertices: p897(v91) p99(v45) p56(v22)
    - neighboring facets: f291 f403 f406
- f406
    - flags: top simplicial
    - normal:    -0.868  -0.4891  0.08587
    - offset: -0.07898465
    - vertices: p897(v91) p711(v68) p99(v45)
    - neighboring facets: f296 f405 f409
- f407
    - flags: top simplicial
    - normal:   -0.2911  -0.9367   0.1947
    - offset: -0.08281864
    - vertices: p897(v91) p983(v70) p362(v13)
    - neighboring facets: f311 f408 f404
- f408
    - flags: bottom simplicial
    - normal:   -0.7435  -0.6672 -0.04565
    - offset: -0.07786287
    - vertices: p897(v91) p43(v24) p362(v13)
    - neighboring facets: f424 f407 f409
- f409
    - flags: bottom simplicial
    - normal:   -0.8537  -0.5207 0.008746
    - offset: -0.07672375
    - vertices: p897(v91) p711(v68) p43(v24)
    - neighboring facets: f296 f408 f406
- f415
    - flags: bottom simplicial
    - normal:   -0.3726  -0.1761  -0.9111
    - offset: -0.05957965
    - vertices: p239(v93) p776(v49) p536(v16)
    - neighboring facets: f205 f417 f470
- f417
    - flags: top simplicial
    - normal:   -0.2812  -0.1296  -0.9509
    - offset: -0.05965715
    - vertices: p239(v93) p783(v86) p536(v16)
    - neighboring facets: f393 f415 f418
- f418
    - flags: bottom simplicial
    - normal:   -0.2338  -0.1517  -0.9604
    - offset: -0.05996811
    - vertices: p239(v93) p783(v86) p575(v3)
    - neighboring facets: f381 f480 f417
- f423
    - flags: top simplicial
    - normal:   -0.8251  -0.4556  -0.3342
    - offset: -0.07025015
    - vertices: p542(v94) p466(v71) p408(v46)
    - neighboring facets: f397 f425 f460
- f424
    - flags: top simplicial
    - normal:   -0.7095  -0.6934  -0.1257
    - offset: -0.07661251
    - vertices: p542(v94) p43(v24) p362(v13)
    - neighboring facets: f408 f492 f425
- f425
    - flags: top simplicial
    - normal:   -0.7532  -0.6359  -0.1681
    - offset: -0.07560688
    - vertices: p542(v94) p408(v46) p43(v24)
    - neighboring facets: f395 f424 f423
- f426
    - flags: bottom simplicial
    - normal:   0.09593  -0.5315  -0.8416
    - offset: -0.07218663
    - vertices: p888(v95) p967(v50) p702(v18)
    - neighboring facets: f441 f428 f427
- f427
    - flags: bottom simplicial
    - normal:   0.09979  -0.5529  -0.8272
    - offset: -0.07380279
    - vertices: p888(v95) p457(v72) p967(v50)
    - neighboring facets: f324 f426 f429
- f428
    - flags: bottom simplicial
    - normal:    0.1135  -0.5785  -0.8078
    - offset: -0.08080799
    - vertices: p888(v95) p702(v18) p807(v9)
    - neighboring facets: f145 f429 f426
- f429
    - flags: top simplicial
    - normal:    0.1068   -0.582  -0.8062
    - offset: -0.07697327
    - vertices: p888(v95) p457(v72) p807(v9)
    - neighboring facets: f324 f428 f427
- f430
    - flags: bottom simplicial
    - normal:   0.06363 -0.02074  -0.9978
    - offset: -0.06578407
    - vertices: p586(v96) p206(v62) p702(v18)
    - neighboring facets: f376 f431 f432
- f431
    - flags: top simplicial
    - normal:   0.06581 -0.07457   -0.995
    - offset: -0.06612997
    - vertices: p586(v96) p740(v73) p702(v18)
    - neighboring facets: f329 f430 f432
- f432
    - flags: bottom simplicial
    - normal:   0.03737 -0.02737  -0.9989
    - offset: -0.06461318
    - vertices: p586(v96) p740(v73) p206(v62)
    - neighboring facets: f330 f430 f431
- f433
    - flags: bottom simplicial
    - normal:   0.09287  -0.6992  -0.7088
    - offset: -0.07389114
    - vertices: p549(v97) p556(v74) p967(v50)
    - neighboring facets: f439 f434 f474
- f434
    - flags: bottom simplicial
    - normal:   0.09413  -0.7689  -0.6324
    - offset: -0.07482134
    - vertices: p549(v97) p967(v50) p807(v9)
    - neighboring facets: f324 f437 f433
- f437
    - flags: top simplicial
    - normal:   0.09301  -0.7962  -0.5978
    - offset: -0.07495749
    - vertices: p549(v97) p747(v55) p807(v9)
    - neighboring facets: f233 f434 f438
- f438
    - flags: bottom simplicial
    - normal:   0.08141  -0.8835  -0.4612
    - offset: -0.07412375
    - vertices: p549(v97) p747(v55) p275(v30)
    - neighboring facets: f443 f475 f437
- f439
    - flags: top simplicial
    - normal:    0.0904  -0.5204  -0.8491
    - offset: -0.07024599
    - vertices: p522(v98) p556(v74) p967(v50)
    - neighboring facets: f433 f441 f440
- f440
    - flags: bottom simplicial
    - normal:   0.08964  -0.5061  -0.8578
    - offset: -0.06982012
    - vertices: p522(v98) p556(v74) p527(v53)
    - neighboring facets: f473 f442 f439
- f441
    - flags: top simplicial
    - normal:   0.09152  -0.5091  -0.8558
    - offset: -0.0703584
    - vertices: p522(v98) p967(v50) p702(v18)
    - neighboring facets: f426 f442 f439
- f442
    - flags: bottom simplicial
    - normal:   0.09022  -0.5005   -0.861
    - offset: -0.06987774
    - vertices: p522(v98) p527(v53) p702(v18)
    - neighboring facets: f329 f441 f440
- f443
    - flags: top simplicial
    - normal:   0.07515  -0.9188  -0.3876
    - offset: -0.07318712
    - vertices: p10(v99) p747(v55) p275(v30)
    - neighboring facets: f438 f488 f444
- f444
    - flags: top simplicial
    - normal:   0.07464  -0.9235  -0.3763
    - offset: -0.07327142
    - vertices: p10(v99) p190(v75) p747(v55)
    - neighboring facets: f450 f443 f486
- f449
    - flags: bottom simplicial
    - normal:   0.06387  -0.9947  0.08027
    - offset: -0.07729352
    - vertices: p631(v100) p747(v55) p829(v5)
    - neighboring facets: f340 f490 f450
- f450
    - flags: bottom simplicial
    - normal:   0.06859  -0.9946 -0.07748
    - offset: -0.0774542
    - vertices: p631(v100) p190(v75) p747(v55)
    - neighboring facets: f444 f449 f487
- f451
    - flags: top simplicial
    - normal:   0.04034   0.9792   -0.199
    - offset: -0.07905816
    - vertices: p737(v101) p681(v61) p364(v40)
    - neighboring facets: f346 f453 f452
- f452
    - flags: top simplicial
    - normal:   0.04756   0.9562  -0.2889
    - offset: -0.07837091
    - vertices: p737(v101) p128(v83) p681(v61)
    - neighboring facets: f365 f451 f483
- f453
    - flags: bottom simplicial
    - normal:   0.01821   0.9704  -0.2408
    - offset: -0.07815225
    - vertices: p737(v101) p187(v59) p364(v40)
    - neighboring facets: f252 f451 f482
- f455
    - flags: bottom simplicial
    - normal:  -0.02746  -0.9532    0.301
    - offset: -0.07943007
    - vertices: p604(v102) p983(v70) p976(v48)
    - neighboring facets: f309 f456 f457
- f456
    - flags: top simplicial
    - normal:   0.03926  -0.7216   0.6912
    - offset: -0.08278091
    - vertices: p604(v102) p430(v90) p976(v48)
    - neighboring facets: f402 f455 f458
- f457
    - flags: top simplicial
    - normal:  -0.08881  -0.6047   0.7915
    - offset: -0.08275725
    - vertices: p604(v102) p983(v70) p734(v12)
    - neighboring facets: f404 f458 f455
- f458
    - flags: bottom simplicial
    - normal:   0.01012  -0.6262   0.7796
    - offset: -0.0815794
    - vertices: p604(v102) p430(v90) p734(v12)
    - neighboring facets: f401 f457 f456
- f459
    - flags: top simplicial
    - normal:   -0.2616  -0.6977  -0.6669
    - offset: -0.07236654
    - vertices: p331(v103) p419(v92) p466(v71)
    - neighboring facets: f468 f460 f461
- f460
    - flags: bottom simplicial
    - normal:   -0.4506  -0.7594  -0.4693
    - offset: -0.07588037
    - vertices: p331(v103) p542(v94) p466(v71)
    - neighboring facets: f423 f459 f493
- f461
    - flags: bottom simplicial
    - normal:   -0.1678  -0.6844  -0.7096
    - offset: -0.07016838
    - vertices: p331(v103) p419(v92) p275(v30)
    - neighboring facets: f477 f489 f459
- f468
    - flags: bottom simplicial
    - normal:    -0.252  -0.3324  -0.9089
    - offset: -0.06200671
    - vertices: p175(v104) p419(v92) p466(v71)
    - neighboring facets: f459 f469 f479
- f469
    - flags: bottom simplicial
    - normal:    -0.398  -0.1899  -0.8975
    - offset: -0.0601164
    - vertices: p175(v104) p466(v71) p776(v49)
    - neighboring facets: f318 f470 f468
- f470
    - flags: top simplicial
    - normal:   -0.3719  -0.1871  -0.9092
    - offset: -0.05967608
    - vertices: p175(v104) p239(v93) p776(v49)
    - neighboring facets: f415 f469 f481
- f473
    - flags: top simplicial
    - normal:    0.0734  -0.5019  -0.8618
    - offset: -0.06916765
    - vertices: p785(v105) p556(v74) p527(v53)
    - neighboring facets: f440 f476 f474
- f474
    - flags: top simplicial
    - normal:   0.03697  -0.5534  -0.8321
    - offset: -0.06932777
    - vertices: p785(v105) p549(v97) p556(v74)
    - neighboring facets: f433 f473 f475
- f475
    - flags: bottom simplicial
    - normal:  -0.003214  -0.5623  -0.8269
    - offset: -0.06884809
    - vertices: p785(v105) p549(v97) p275(v30)
    - neighboring facets: f438 f477 f474
- f476
    - flags: bottom simplicial
    - normal:  0.007499  -0.3882  -0.9215
    - offset: -0.06632161
    - vertices: p785(v105) p740(v73) p527(v53)
    - neighboring facets: f329 f473 f478
- f477
    - flags: top simplicial
    - normal:   -0.1427  -0.5177  -0.8435
    - offset: -0.06567654
    - vertices: p785(v105) p419(v92) p275(v30)
    - neighboring facets: f461 f475 f479
- f478
    - flags: top simplicial
    - normal:   -0.1101  -0.3309  -0.9372
    - offset: -0.06286194
    - vertices: p785(v105) p740(v73) p575(v3)
    - neighboring facets: f330 f480 f476
- f479
    - flags: top simplicial
    - normal:   -0.1965   -0.345  -0.9178
    - offset: -0.06116503
    - vertices: p785(v105) p175(v104) p419(v92)
    - neighboring facets: f468 f477 f481
- f480
    - flags: bottom simplicial
    - normal:   -0.1941  -0.3287  -0.9243
    - offset: -0.06082291
    - vertices: p785(v105) p239(v93) p575(v3)
    - neighboring facets: f418 f478 f481
- f481
    - flags: bottom simplicial
    - normal:   -0.1969  -0.3318  -0.9226
    - offset: -0.06082591
    - vertices: p785(v105) p175(v104) p239(v93)
    - neighboring facets: f470 f480 f479
- f482
    - flags: top simplicial
    - normal:   0.01588   0.9637  -0.2665
    - offset: -0.07781851
    - vertices: p424(v106) p737(v101) p187(v59)
    - neighboring facets: f453 f484 f483
- f483
    - flags: bottom simplicial
    - normal:   0.02511   0.9585   -0.284
    - offset: -0.07785315
    - vertices: p424(v106) p737(v101) p128(v83)
    - neighboring facets: f452 f485 f482
- f484
    - flags: top simplicial
    - normal:   -0.2718   0.9036  -0.3311
    - offset: -0.07613946
    - vertices: p424(v106) p187(v59) p948(v21)
    - neighboring facets: f389 f485 f482
- f485
    - flags: bottom simplicial
    - normal:   0.02211   0.9503  -0.3104
    - offset: -0.0779472
    - vertices: p424(v106) p128(v83) p948(v21)
    - neighboring facets: f365 f484 f483
- f486
    - flags: bottom simplicial
    - normal:   0.04464  -0.9337  -0.3552
    - offset: -0.07331311
    - vertices: p14(v107) p10(v99) p190(v75)
    - neighboring facets: f444 f487 f488
- f487
    - flags: top simplicial
    - normal:  -0.03185  -0.9864  -0.1613
    - offset: -0.0749236
    - vertices: p14(v107) p631(v100) p190(v75)
    - neighboring facets: f450 f486 f490
- f488
    - flags: top simplicial
    - normal:   0.03742  -0.9203  -0.3895
    - offset: -0.07305461
    - vertices: p14(v107) p10(v99) p275(v30)
    - neighboring facets: f443 f489 f486
- f489
    - flags: bottom simplicial
    - normal:  -0.05332  -0.8846  -0.4633
    - offset: -0.07319216
    - vertices: p14(v107) p331(v103) p275(v30)
    - neighboring facets: f461 f488 f493
- f490
    - flags: bottom simplicial
    - normal:  -0.05621   -0.992  -0.1128
    - offset: -0.07486117
    - vertices: p14(v107) p631(v100) p829(v5)
    - neighboring facets: f449 f491 f487
- f491
    - flags: top simplicial
    - normal:   -0.1937  -0.9767 -0.09188
    - offset: -0.07554644
    - vertices: p14(v107) p362(v13) p829(v5)
    - neighboring facets: f311 f490 f492
- f492
    - flags: top simplicial
    - normal:   -0.3139  -0.9328   -0.177
    - offset: -0.0757475
    - vertices: p14(v107) p542(v94) p362(v13)
    - neighboring facets: f424 f491 f493
- f493
    - flags: top simplicial
    - normal:   -0.3101  -0.9239  -0.2243
    - offset: -0.07587097
    - vertices: p14(v107) p331(v103) p542(v94)
    - neighboring facets: f460 f492 f489
