3
1000 274 411
0.131841 -0.00749507 0.013202 
0.278103 0.00564213 0.0391818 
0.213387 -0.00192402 -0.0173762 
0.068401 0.0514176 -0.0377622 
0.142997 0.00295671 -0.0519228 
0.220343 -0.0224587 -0.0489525 
0.108456 -0.0187849 -0.0256652 
0.395055 0.0211002   0.03 
0.141685 0.0376566 -0.00937137 
0.131679 0.0216181 -0.0167826 
0.335188 -0.023404 -0.0394703 
0.170937 0.00519953 -0.0491071 
0.443816 -0.0220515 -0.035 
0.12897 0.0434501 0.0498514 
0.0566259 0.0488318 -0.0130337 
0.24893 0.0326756 0.0430921 
0.119981 0.0138169 0.0237093 
0.390555 -0.0222983 0.00448688 
0.234823 0.00690093 0.0442567 
0.408904 -0.0432088 0.0100037 
0.055673 -0.0229871 0.0186725 
0.424426 -0.0159027 0.0315 
0.127592 0.0128888 -0.0192376 
0.295415 0.0420591 -0.0409771 
0.235366 0.00404406 -0.0426956 
0.179173 0.00392155   0.05 
0.250526 -0.009034149999999999 -0.00804651 
0.120394 0.0234271 -0.010182 
0.145761 0.0160887   0.05 
0.114776 0.0100672 -0.02894 
0.123372 -0.0175394  0.045 
0.169081 -0.00827136 0.0299602 
0.0632827 0.0225515  0.045 
0.104143 -0.023119 0.0114093 
0.139359 0.0239234 0.00351802 
0.105259 0.0159615 -0.00490599 
0.152022 -0.000169596 0.0471255 
0.306474 0.0115954 0.0368482 
0.124061 0.0177012 0.021302 
0.260942 -0.00663636 0.0421118 
0.139111 0.00613696 0.0138108 
0.210407 0.0541993 -0.0390542 
0.156554 0.0192134 -0.045 
0.202987 0.0584142 -0.0201822 
0.219032 0.0487731 0.0462627 
0.16853 -0.0168376 -0.0119842 
0.07516490000000001 0.008587310000000001  0.045 
0.16926 -0.0416932 -0.0466208 
-0.00792051 -0.0328109 -0.0475131 
0.000749357 -0.0226955  -0.05 
0.238422 0.0444707 0.0424361 
0.135386 -0.0150041 -0.00457777 
0.121996 0.0570707 0.0344176 
0.13719 -0.0292451 0.00742945 
0.179562 -0.0381056  0.045 
0.400324 -0.00618556 -0.0315 
0.371016 0.0321551 0.0331044 
0.0291544 -0.033539 -0.0471089 
0.201431 0.0101734 -0.00480464 
0.126232 0.0105295 -0.0147763 
0.244129 -0.00519845 -0.00649187 
0.207128 -0.00641946 0.0101869 
0.336202 0.0483823 0.0168702 
0.183703 -0.00262198 -0.0179922 
0.164442 -0.0221242 -0.0065 
0.105931 0.051962 0.0449551 
0.166295 0.0508424 -0.0483975 
0.108834 0.0163134 -0.00918659 
0.128739 0.0187868 -0.013217 
0.159373 -0.0227199 -0.0474797 
0.156842 0.0189398 -0.039 
0.136835 -0.000589991 -0.0190515 
0.145966 0.0163109 -0.0202529 
0.19587 0.0598367 0.0128364 
0.201323 0.00421177  0.045 
0.0407351 -0.00076969 -0.049 
0.182855 -0.0078286 0.0150544 
0.137377 0.0202842 -0.045 
0.177453 0.0579361 0.041789 
0.159155 0.0383397 -0.0465 
-0.0312299 0.0168743 -0.0229346 
0.14018 -0.013029 0.00117239 
0.159843 -0.014644 0.0476014 
0.122873 0.00411024 -0.0112547 
0.153921 -0.0238806 -0.0211022 
0.342473 0.0382327 -0.0367037 
0.127292 0.0114433 -0.000655097 
0.408549 -0.0431669 0.00989082 
0.137528 -0.00174928 0.009904659999999999 
0.323555 -0.0139455 0.0354485 
0.326573 0.0234045 0.0351936 
0.171758 -0.00454432 -0.055 
0.160758 0.0134201 0.008983970000000001 
0.150488 0.0038719 0.0399902 
0.401894 -0.0120066 0.0320426 
0.0907333 -0.0480841  0.045 
0.0980188 0.0185639 0.0465 
0.228006 0.0125899 0.0432992 
0.144566 -0.0190217 -0.045 
0.147548 -0.0376331 0.0465 
0.0407767 0.0464866 -0.0140263 
0.172363 -0.00815106 -0.045 
0.201234 -0.00275006 -0.008178639999999999 
0.0877631 0.0186766  0.045 
0.207869 0.00143026 -0.0130699 
0.187931 0.0578566 -0.0377321 
0.298915 0.0530325 -0.0153541 
0.16908 0.0581045 0.0236349 
0.0170886 0.0400181 0.026809 
0.118487 -0.0287139 -0.00345263 
0.464091 0.00964959  0.035 
0.117689 -0.00852724 -0.0201415 
0.198311 0.0325451  0.045 
0.0944965 0.0463274 -0.0483184 
0.155478 0.00427391 0.0460695 
0.320626 0.0491647 0.0273833 
0.125228 -0.00868998 0.000649068 
0.0477767 -0.0078206 0.0377997 
0.314865 0.0481273 -0.0270682 
0.118033 0.0203973  0.045 
0.278755 -0.00308761 -0.0391297 
0.203423 0.0113256 0.0499182 
0.164874 0.0137597 -0.00763123 
0.127575 -0.0121791 -0.0127296 
0.053618 0.031052 -0.045 
0.150736 0.0221102 -0.0293617 
0.302266 0.0505686 -0.0236027 
-0.0307223 -0.0167307  -0.05 
0.184152 0.0470486 -0.0495895 
0.360385 0.0169272 -0.0341747 
0.0431445 0.0114235 0.0483118 
0.113815 0.009890080000000001 -0.0319231 
0.0328365 0.0165558 -0.045 
0.182968 0.0133308 -0.00139381 
0.107927 0.00163196 0.0066977 
0.15456 0.00277706 -0.0477354 
0.220468 -0.0153836 -0.00308843 
0.181004 0.00739283 0.00771647 
0.292955 0.0186555 -0.0394752 
0.203068 -0.00691723 0.0133523 
0.118407 0.00190148 0.0356632 
0.0555896 -0.0250899 -0.0264248 
0.0144091 -0.0208554 0.0484831 
0.102532 -0.00883811 0.00622343 
0.14549 0.0144829 0.0295914 
0.122961 0.0190265 -0.00112648 
0.202155 0.0085343 0.00650758 
0.123934 0.0389048 -0.0005445890000000001 
0.178025 0.0348118 -0.045 
0.117382 -0.0185552 -0.0465 
0.451278 0.019042 0.0315 
0.159931 -0.0248106 -0.045 
0.405403 -0.0240972 -0.0329713 
0.158632 -0.00851215 -0.0309505 
0.153571 0.00616997 0.0016499 
0.427154 -0.0220777 -0.035 
0.0286777 0.0460731 0.0332799 
-0.0042097 0.0367953 -0.0127044 
0.122591 -0.00124858 0.00271913 
0.164994 0.0425478 0.0469841 
0.234761 0.0590844 0.0230568 
0.155357 0.0153998 0.024752 
0.436003 0.0191692   0.03 
0.0241766 0.0452915 0.00189272 
0.276789 0.0350732 -0.0392844 
0.282078 -0.00533862 0.00138575 
0.314945 0.0224368 0.0361497 
0.109022 0.0177544 -0.000907787 
0.114667 0.0109764 -0.0253735 
0.192632 -0.00344794 0.0134569 
0.231408 0.0584486 -0.0366582 
0.300893 0.0528256 -0.0144011 
0.16472 -0.00609617 -0.0460787 
0.148749 -6.88307e-05 -0.0398 
0.249926 0.020818 0.0414955 
0.29005 0.0407921 0.0431256 
0.32024 0.0231158 0.0407311 
0.13598 0.0238866 -0.00537691 
0.442174 -0.0263184 -0.015 
0.364357 -0.0216007 -0.0371122 
0.110473 -0.028434 -0.008105640000000001 
0.409867 0.0182819  -0.03 
0.159332 -0.00303253 0.0425943 
0.0340495 -0.0171784 0.0488472 
0.0893293 0.0206374 -0.0479202 
0.279047 -0.0175083 0.0391084 
0.13183 0.0107509 -0.0337997 
0.0673884 0.0479073 0.0340004 
0.26469 -0.0104063 -0.0402875 
0.403685 -0.00259656 0.0315 
0.0668594 0.0502129 0.00625961 
0.436999 0.0194184 0.0340202 
0.130123 0.0327273 0.0222772 
0.115873 0.0190144 -0.0248871 
0.178227 -0.0107077 0.0515566 
0.0732323 -0.0172867 0.0467772 
0.131942 -0.0200625 0.0269022 
0.262034 -0.0228065 -0.0455249 
0.370525 0.0442685 0.0195609 
0.240503 0.00213305 0.0103446 
0.100128 0.0159 -0.045 
0.349003 0.0464713 0.01681 
0.19481 0.00408451 0.00561151 
0.298396 -0.0223072 -0.00654137 
0.152305 -0.0199731 0.0107682 
0.120861 0.0265833 -0.0261331 
0.264894 0.0140662 -0.0438906 
0.142401 0.0242653 0.0250938 
0.118661 0.00660798 0.00660037 
0.180384 -0.0204397 0.000184599 
0.0622662 0.00897043   0.05 
0.220734 0.0390662 -0.0489091 
0.135456 0.0237396 -0.0062384 
-0.025355 0.0294673 0.0284935 
0.0950913 0.0549904 0.0178292 
0.325678 -0.0138965 -0.00473324 
0.0453305 -0.0171606 -0.0381528 
0.146673 0.0048178 -0.0317775 
0.106962 -0.0112129 0.0291387 
0.177229 0.0372839  0.045 
0.300562 0.0525063 0.0240376 
0.333226 0.0454301 0.0246902 
0.125713 -0.00300077 -0.0126849 
0.149692 0.0162565 -0.0239524 
0.0459754 -0.046754 -0.045 
0.140065 0.00969393 0.00873093 
0.167429 -0.0144234 -0.045 
0.284186 0.0383925 -0.0402806 
0.259369 -0.0179818 -0.00898557 
0.114222 -0.000219304  -0.05 
0.14013 0.00378665   0.05 
0.333088 0.0260315 0.0361743 
0.327913 0.0348196 0.0350813 
0.406622 0.0277886 0.0341078 
0.2185 -0.00381412 -0.0155063 
0.351715 0.0475919 -0.0128377 
0.141176 -0.0125182 -0.0253777 
0.266674 0.0228026 -0.0401182 
-0.0317574 -0.0237635 -0.0495132 
0.317234 0.035314 -0.0378012 
0.0489009 -0.000118259 0.0420219 
0.110345 -0.0233507 0.014622 
0.260538 -0.0184198 0.0454679 
0.175373 -0.0131536 0.0110342 
0.288378 -0.0151686 0.0424703 
0.408222 0.00423879 -0.0315 
0.136244 0.0506041 -0.047685 
0.121901 0.035414 0.0204468 
0.246935 0.00337223 -0.0107756 
0.0503088 0.0455533 0.0447456 
0.294524 -0.0204799 0.00510216 
0.155534 -0.0168339 0.00361029 
0.115484 -0.00615094 0.009471739999999999 
0.145938 0.00354347 0.00689087 
0.324359 0.0472467 0.0355692 
0.157237 -0.00172607 -0.020755 
0.0927573 -0.0198182 -0.045 
0.110171 0.0144704 -0.0351055 
0.163624 0.0579189 -0.00432219 
0.13169 -0.0302599 0.00544359 
0.277322 -0.00568605 -0.0442649 
0.123031 -0.013744 -0.016194 
0.0494364 -0.000699096 -0.0418605 
0.388628 -0.0240271 0.00672681 
-0.0141119 0.0157931 -0.0480533 
0.151859 0.0307154 -0.00393278 
0.169411 0.00414311 -0.0413619 
0.193972 -0.0115203 -0.0112307 
0.139812 0.010842 0.0113896 
0.117693 -0.0008082229999999999 0.00547506 
0.111877 -0.0251224 -0.0115034 
0.283572 -0.00549235 -0.00331871 
0.421031 -0.0446578 -0.0104526 
0.123856 0.0572021 -0.0226583 
0.365062 0.00164763 0.03355 
0.101007 0.0539886 -0.0174597 
0.160683 0.0209447 -0.0518 
0.32641 -0.0207025 0.0114462 
0.239734 -0.00611876 0.0423384 
0.247657 -0.0157118 -0.0119973 
0.0951196 -0.0474267  -0.05 
0.199635 0.000919174 0.00183429 
0.154606 0.0125183 0.0111104 
0.400867 0.019739 -0.035 
0.0219119 -0.0443204 -0.0450985 
0.368256 0.0403917 0.0127272 
0.103794 0.0156806 0.00246578 
0.295641 0.008435150000000001 0.0377394 
0.0994613 0.0308127 -0.049261 
0.103515 -0.0279298 0.00144278 
0.350032 0.0328251 0.0382632 
0.125731 0.0169751 0.0141567 
0.130761 -0.000493249 -0.0100185 
0.16347 0.0052126 -0.0246375 
 0.204 0.00218443 -0.0499771 
0.42052 -0.0249739 -0.0142891 
0.0995033 -0.0347116  0.045 
-0.0172323 0.0325549 -0.00470291 
0.296753 -0.008797360000000001 -6.26747e-05 
0.130189 -0.0438047 -0.045 
0.115562 0.012889 -0.0247903 
0.331409 0.00934303 0.0363154 
0.229876 -0.0197632 -0.0481682 
0.188607 0.00830564 -0.013705 
0.103501 -0.0125772 -0.00633316 
0.000500761 0.039351 -0.015585 
0.277717 -0.00465734 0.00181933 
0.111868 0.0177065 -0.0147107 
0.190368 -0.0199652 0.00767233 
0.181626 0.0471706 -0.0447869 
0.0465457 -0.00166659 -0.0396043 
0.140976 -0.0140481 -0.0281576 
0.1425 0.0362752 0.00796373 
0.0273545 0.0458512 -0.0255657 
0.354395 -0.0162491 -1.0768e-05 
0.369405 0.0400178 0.015243 
0.122845 0.0213569 -0.00233518 
0.0652783 -0.022447 -0.049 
0.181892 0.0576013 -0.0391107 
0.123361 -0.00560934 -0.0162558 
0.400233 -0.0208955  -0.03 
0.144523 0.015228 -0.0511307 
0.0958376 0.0271815 0.0492388 
0.129585 0.057647 -0.00387608 
0.16428 0.00455885 -0.0491309 
0.124944 0.0118708 -0.00120355 
0.417111 -0.0321653 -0.015 
0.10446 -0.020691 -0.0227739 
0.127261 0.0158664 -0.03256 
0.103063 -0.0437429 0.0478967 
0.273199 0.056026 -0.0329868 
0.103993 0.0542673 0.012108 
0.147702 -0.00114887 -0.0225992 
0.284954 -0.00524824 -0.000478157 
0.135857 -0.00435671 0.00886899 
0.22945 0.00559984 -0.0109009 
0.00846207 0.0424076 0.0327826 
0.118316 0.0343021 0.0197302 
0.259384 0.0376338 0.0422317 
0.137768 0.0119178 0.0226258 
0.147926 0.0180717  0.039 
0.318927 0.0212304 -0.0358226 
0.288741 -0.0182024 0.0425735 
0.329726 -0.00133778 0.0399557 
0.226667 -0.0194991 -0.048432 
0.125144 0.00819458 -0.00304354 
0.13334 0.0578979 -0.026163 
0.419435 0.00401474   0.03 
0.472764 -0.00916167 0.0342277 
0.332499 0.0502708 -0.00165462 
0.397949 0.0264512 -0.0345437 
0.140989 0.0583888 0.0158107 
0.253935 0.019983 -0.0411661 
0.178467 0.00222218  0.045 
0.140803 0.00123759 -0.0331346 
0.377327 -0.011012 -0.036044 
0.116418 0.0341552 0.0302183 
0.107431 0.007874229999999999 0.0205859 
0.295054 0.0549322 0.0230765 
0.13411 0.0158289 -0.045 
0.219453 0.0175616 -0.0455183 
0.176104 0.008457070000000001   0.05 
0.0789271 0.0516853 -0.0199583 
0.170215 -0.0154375   0.05 
0.360078 0.042665 -0.0123534 
0.274969 -0.0173215 0.0062306 
0.188548 0.00662868 0.000224491 
0.462256 -0.00970581   0.03 
0.177564 -0.0195306 -0.00429134 
0.0951674 -0.0497882 -0.0479287 
0.154544 -0.000698054 0.05386 
0.0652684 -0.0406328 0.0465 
0.167461 -0.00706094 0.0167876 
0.17174 0.00247698 0.0422724 
0.154563 0.0547522 0.045566 
0.154171 0.0136008 -0.042992 
0.156843 -0.0224537 0.0475942 
0.157651 0.0148042 -0.0416034 
0.124365 -0.00513325 0.00743677 
0.0463485 0.0473376 -0.0182069 
0.115705 0.0267085 -0.00722682 
0.12122 0.0333435 -0.020502 
0.4236 -0.0468297 -0.00343485 
0.387868 0.0190724 0.0335178 
0.316064 -0.0132435 -0.00539719 
0.146233 0.0587687 0.000715188 
0.140448 -0.012021 0.00579951 
0.0598755 -0.0236097 0.046768 
0.0984245 0.0319878  0.045 
0.0532555 -0.0437167 -0.0485047 
0.142201 -0.00615469 -0.00168649 
0.117995 -0.00641658 -0.0171117 
0.103357 0.0135982 -0.0118393 
0.120802 0.000707769  -0.05 
0.19493 0.0585487 0.0409809 
0.111649 -0.0138963 -0.0188952 
0.147268 0.0144032   0.05 
0.168116 -0.00704206 0.0384377 
0.148093 0.00185405 0.0250375 
0.133829 -0.0301805 -0.00322853 
0.354816 -0.000137653 -0.0378927 
0.27676 -0.0176351 -0.00344095 
0.0138503 0.0433294 0.0179708 
0.0550926 0.0198305 0.0465 
0.156957 0.010472 -0.0428821 
0.08057930000000001 0.053369 -0.0243859 
0.234371 0.0528889 0.0430879 
0.149232 -0.0105828 0.0291489 
0.144466 0.0571884 -0.0147444 
0.138728 0.0157272 -0.0168009 
0.264186 0.0546715 0.0361797 
0.108793 0.0125217 0.0248234 
0.143712 0.0299897  -0.05 
0.295778 0.0515781 -0.0366074 
0.0999613 -0.0179264 0.0465 
0.263034 -0.0184142 0.0438317 
0.17314 0.00603822 0.0383 
0.0182378 0.0132075   0.05 
0.113432 0.0175429 -0.00517704 
0.0169342 -0.0429525 -0.0499405 
0.1377 -0.000845251 0.0238177 
-0.0335485 0.0109412 0.0435584 
0.187135 -0.0125829 -0.0153966 
0.0377726 -0.0248683 0.0505 
0.17654 0.0511318 -0.0484182 
0.409799 -0.0180048 0.000177422 
0.113896 -0.0203716 -0.0465 
0.131515 0.0250546 -0.00219734 
0.0244885 -0.0393161   0.05 
0.120858 -0.000449558  0.045 
0.145002 -0.00080099 -0.0488233 
0.132995 0.00481273 0.0194296 
0.110176 -0.0246471 0.00706904 
0.156766 0.0142181 -0.0251976 
0.0659232 -0.0170276 -0.0479181 
0.204392 -0.00421829 0.0158264 
0.148788 -0.008096910000000001 -0.0304094 
0.112759 0.0563633 -0.0304599 
0.009474369999999999 0.0426055 0.0360409 
0.277162 -0.0237028 0.00680291 
0.156784 -0.0496509 0.0483791 
0.138873 0.00184626 -0.0208956 
0.0457444 -0.0200365 0.0488489 
0.10651 -0.0205703 0.0255631 
0.0282614 -0.0348715 0.0487727 
0.101751 -0.00241923 -0.00162137 
0.141937 -0.027869   0.05 
0.391681 0.0243907 0.0300486 
-0.0330747 -0.00739373 -0.0480279 
0.369083 -0.037055 -0.005518 
0.358681 -0.030215 -0.00737834 
0.136466 -0.0169279 0.000406445 
0.436195 0.0301269 0.0296959 
0.152884 0.0153868 0.0189449 
0.317736 -0.0206454 0.0409451 
0.174355 0.00178513 0.0406625 
0.0277379 -0.0309873  0.045 
0.23244 -0.00652933 0.0101681 
-0.0247054 0.0287123 0.0349633 
0.184997 0.0260567 -0.045 
0.222448 0.0387585 0.0437514 
0.121855 0.0191594 0.00255315 
0.449265 0.0257888 0.0348478 
0.122104 -0.0264267 -0.0465 
0.178126 0.00359182 0.008307770000000001 
0.184582 -0.0163691 -0.0148963 
0.147478 0.0573087 -0.0153945 
0.220887 -0.0199167 0.0131112 
0.281245 -0.0125001 0.00401034 
0.136938 0.0236651 0.00572011 
0.0381646 0.0476249 -0.000140782 
0.142016 -0.0476526  -0.05 
0.152803 -0.0169034 0.0116321 
0.311148 -0.029196 -0.00606711 
0.0117165 0.0429735 -0.00684323 
0.230683 0.036497 0.0430747 
0.167484 -0.00061034 -0.0494484 
0.135607 0.0252663 0.02642 
0.460952 0.0233421 0.0330217 
0.347643 -0.0241981 -0.0338322 
0.110465 -0.00340446 -0.0319091 
-0.0315656 0.0174053 0.0201794 
0.237696 0.0557828 0.0410851 
0.139813 0.0211999 -0.0311424 
0.152098 0.009359869999999999 0.0228959 
0.437566 0.009405149999999999  0.035 
0.139902 0.0569573 -0.0251227 
0.333192 0.00393788 -0.0362208 
0.27159 0.0560358 0.0340071 
0.404004 0.0152375  -0.03 
0.285745 0.0511945 0.0176635 
0.158441 0.0149274 0.0141272 
0.316142 -0.0122399 -0.0360576 
0.27537 -0.0142486 0.00597229 
0.238612 -0.0150129 -0.000518813 
0.371282 0.0217389 -0.033847 
0.357946 -0.0234806 -0.00851068 
0.312281 0.0485078 0.0193665 
0.151018 0.00821093 -0.0476326 
0.138508 -0.00944798 -0.0121064 
-0.00102975 -0.0404462 -0.0475301 
0.192126 0.0121906 -0.000390935 
0.149419 -0.0111752 -0.0187747 
0.371445 0.0269075 -0.033267 
-0.0106201 -0.0306499 -0.045 
0.351277 0.0453698 -0.030477 
0.111367 0.0523609 -0.0427549 
0.121675 0.00147292 0.00244898 
0.295125 0.0400897 -0.0427633 
0.24511 -0.00966206 0.0418971 
0.142896 0.0336623 0.0121461 
0.045796 -0.0424683 0.0472242 
0.289518 0.0425102 0.0428491 
0.1179 0.0340115 -0.013085 
0.181292 0.000499007 -0.00946928 
0.140447 -0.0181057 0.00374326 
0.160576 0.0154744   0.05 
0.223275 -0.0245028 0.0464234 
0.0199671 0.0384566 0.0402445 
0.161081 0.0593957 -0.00276255 
0.346409 -0.0142031 -0.0335696 
0.14823 -0.0140793 -0.000266461 
0.229165 -0.00316407 0.00644844 
0.147948 -0.0182821 0.0178095 
-0.0324084 0.0143058 -0.010951 
0.0661178 -0.00515623 -0.0474993 
0.252659 -0.0237509 -0.000998521 
0.303531 0.00659844 -0.0386079 
0.0360161 -0.0230938 -0.046055 
0.134199 0.057951 0.00164883 
0.13692 -0.0100039 0.00765134 
0.185622 0.009880689999999999  0.045 
0.161551 -0.032018  0.045 
0.194291 -0.00953854 0.00150659 
0.415118 0.0350912 -0.023868 
0.106637 0.0041116 0.0153116 
0.455087 0.0161849 -0.0332254 
0.139064 0.00790892 0.0132858 
0.037988 0.0332941 0.0498337 
0.35397 0.0136189 0.0347662 
0.104848 -0.0260024 0.00371228 
0.302752 -0.0225722 0.0106717 
0.141684 0.0570433 -0.0290923 
0.0682165 0.0519175 -0.0315753 
0.121856 -0.008491729999999999 -0.00560192 
0.11787 0.008277680000000001 -0.0116025 
0.385226 0.0394028 -0.027822 
0.236372 0.0564728 -0.0375283 
0.421087 -0.036829  0.011 
0.111244 0.0549442 -0.0125242 
0.07941280000000001 -0.0191208 -0.0499363 
0.199984 -0.0131687 0.0106735 
0.110167 0.0094889 0.00046175 
0.140588 0.0210579 -0.010768 
0.419236 -0.0164305 -0.0315 
0.116142 0.00662227 -0.0131681 
0.221475 0.00661977 -0.0453541 
0.300113 0.0123194 -0.037371 
0.157975 -0.0114252 -0.0510105 
0.277215 -0.0254191 -0.00136439 
0.108534 -0.00355287 -0.0465 
0.167285 0.0153772 0.00225375 
0.102187 -0.00464203 -0.0100304 
0.162599 0.0182567  -0.05 
0.0699554 0.0283534 -0.045 
0.306497 -0.0244456 -0.0100178 
0.182447 0.0013425 0.0154418 
0.0739471 0.0238722 -0.0465 
0.142851 0.0140574 -0.0340823 
0.129005 0.009181770000000001 0.00154277 
0.0411591 0.0414569 0.047039 
0.107055 0.009288599999999999 -0.0161418 
0.325745 -0.0138834 -0.00470503 
0.15703 0.00556015 0.0480689 
0.101928 -0.00456582 -0.0139728 
0.352883 0.00580836 -0.0365875 
0.13784 -0.00845916 0.00952565 
0.15027 0.00320715 -0.0498942 
0.315832 -0.008493280000000001 -0.00139327 
0.137033 0.0580905 0.0344577 
0.081404 -0.0183876 -0.0465553 
0.130185 0.0146326 0.0465 
0.279599 -0.0165016 -0.0390628 
0.377022 -0.025021 0.0110844 
0.16389 -0.00352997 0.0287687 
-0.0211274 0.00155666 0.04713 
0.252165 0.0247381 -0.0428276 
0.129157 0.00286967 -0.045 
0.153226 0.0180027 0.0157276 
0.1391 0.00229383 -0.0110819 
0.138649 0.00149356 -0.0173897 
0.140478 0.0179369 -0.00194792 
0.428407 0.00761296 -0.0341319 
0.277725 0.008586730000000001 0.0392123 
0.214599 -0.024754 -0.00145288 
0.192014 0.0597696 -0.035631 
-0.0324604 -0.00902088 0.0472119 
0.127285 0.0140661 0.0110046 
0.160333 -0.0064858 -0.0518 
0.117788 0.0331543 0.000568995 
0.125065 0.00158434 0.00946439 
0.153116 0.00949652 0.0159908 
0.276158 -0.024385 -0.0406976 
0.131266 -0.0306335 -0.000354198 
0.141446 -0.0279297 0.0497643 
0.144786 0.0174666 -0.0295357 
0.0508366 -0.0263144 0.0426085 
0.356315 0.0458636 -0.0272247 
0.207758 -0.0143834 -0.0158541 
0.0107124 0.0427746 -0.00682035 
0.157969 0.00784497 0.0165128 
0.33177 0.0143609 0.0347679 
0.175008 -0.00350109 -0.0457062 
0.129098 0.00753452  0.045 
0.181965 -0.00651205 0.047751 
0.06857190000000001 -0.0303984 -0.045 
0.052722 -0.0349631 -0.045 
0.388476 0.00256069 -0.0302308 
0.131592 0.0358086 0.0140311 
0.20545 -0.0121823 -0.014418 
0.224013 0.0595483 0.00628504 
0.124895 -0.00378214 0.007972150000000001 
0.127207 -0.00544875 0.0100684 
0.00286679 0.0367866 0.0395275 
0.222001 0.0509311 -0.0456942 
0.40669 -0.0236914 0.0105034 
0.164297 0.013847 0.011366 
0.165968 -0.008927249999999999 0.0458 
0.0430256 -0.0284842  0.049 
0.127882 0.0105861 -0.0465 
0.380097 -0.00404918 0.0307982 
0.259164 0.056377 -0.00980571 
0.0282412 0.0326642 -0.0448443 
0.100575 -0.00718093 0.0164166 
0.348676 0.043046 0.0235742 
0.387114 -0.0187178 -0.0352779 
0.168751 -0.0077702 0.044464 
0.129261 0.00988756 -0.00649912 
0.205259 0.0455476 0.0449378 
0.162099 0.0249969 0.00404315 
0.139569 0.0138122 -0.0314001 
0.151038 0.0244189 -0.00513126 
0.215245 -0.00410947 -0.00801554 
0.14595 0.0155478 -0.0249792 
0.191099 0.0584057 -0.018711 
0.153048 -0.0372794 -0.045 
0.144438 -0.026158 0.0149313 
0.410862 -0.0412406 0.0122567 
0.114989 0.0280966  0.045 
0.160248 0.00927304 0.03144 
0.129917 0.0154827 -0.00490823 
0.112111 0.0035588 -0.00249536 
0.115718 -0.0150414 0.0260905 
0.317055 0.0241614 0.0398835 
0.0367483 -0.02029 -0.0437861 
0.0639851 -0.0181309 0.0515 
0.383567 -0.0222388 0.00942983 
0.244227 -0.0138838 0.0155366 
0.405606 0.0329065 -0.0199895 
0.192011 -0.0164887 0.00974682 
0.0386705 0.0214337  0.045 
0.208046 0.0356939 0.0498081 
0.141927 0.0226213 -0.0465 
0.129898 0.0189299 0.0129261 
0.447687 0.0130262  0.035 
0.142962 0.0585752 -0.0169155 
0.048408 0.0486668 -0.0376978 
0.110873 -0.00270463 -0.0466091 
0.390813 -0.0249866 -0.00730846 
0.0209936 0.00428919 -0.0478646 
0.110358 -0.0202511 0.0279693 
0.27271 0.056794 0.000113599 
0.0520224 -0.037732 -0.045 
0.0229528 -0.0440459 -0.045 
0.143468 -0.0212476 -0.0142342 
0.444035 -0.0354722 -0.015 
0.152152 0.0329596 -0.00488715 
0.17931 -0.0114196  -0.05 
0.266573 0.0558719 0.000892204 
0.300639 -0.00711001 -0.00460218 
0.101598 -0.0271639 -0.008233249999999999 
0.0345383 -0.0453132  -0.05 
0.28609 -0.008194399999999999 -0.0127514 
0.193906 0.0598091 -0.00264718 
0.411114 0.0108866   0.03 
0.118302 0.0370906 -0.000402864 
0.230134 -0.0113846 0.00539584 
0.304274 0.0538758 -0.0185438 
0.13754 0.0142396 0.0103882 
0.110618 -0.0218023 -0.00967723 
0.157178 -0.0016774 0.0462277 
0.100863 -0.024639 0.0472544 
0.302982 0.0540408 0.0242066 
0.141915 0.0406371 -0.0465246 
0.383493 0.0358621 0.032298 
0.0483368 -0.000142941 0.0432644 
0.145684 0.0071412 0.00102591 
0.188719 0.0074666 0.00716568 
0.216735 -0.0254596 -0.0459337 
0.125536 0.0284118 0.0081213 
0.163175 -0.00109421 -0.0265393 
0.199236 -0.0106888 0.0120374 
0.320358 0.00930067 -0.0357071 
0.203914 -0.00641825 0.0158511 
0.341968 0.0127711 0.0371613 
0.336005 0.0462419 -0.0338741 
0.144969 0.0582858 -0.0372432 
0.119028 0.00835993 -0.0121952 
0.157916 -0.0139431 0.0444131 
0.129008 0.0252921 0.0293619 
0.131508 -0.0128367 -0.008931420000000001 
0.416394 0.0325114 -0.029761 
0.0712782 -0.0305608  0.045 
0.33417 0.0382555 0.0341768 
0.114565 0.0107659 0.0157273 
0.379646 0.0289057 -0.0307536 
0.121929 0.0555693 0.0415396 
0.346108 0.0394086 0.0356361 
0.243747 -0.0265423 -0.000868772 
0.11521 -0.00760182 -0.0331884 
0.10747 0.00790829 0.0319228 
0.220962 0.0596184 0.009811800000000001 
0.176048 0.00904247 0.00294602 
0.106951 -0.0199992 0.0213055 
0.241393 0.0537903 -0.0366316 
0.345123 0.0486168 -0.00566366 
0.0276887 -0.000966178   0.05 
0.145752 -0.00358242 -0.0433418 
0.328778 0.0507461 0.0209703 
0.416936 -0.0151307 0.0315 
0.146485 -0.0104715 0.0138996 
0.104709 0.0121362 -0.00321889 
0.0341346 -0.0123288 -0.049 
0.164821 0.009471169999999999 -0.0151685 
0.35694 0.044803 0.0254871 
0.203837 -0.00598844 -0.0150036 
0.462293 -0.0142691 -0.0324596 
0.0614764 0.049488 0.0275522 
0.436001 -0.0190994 -0.035 
0.107598 0.016516 0.0347593 
0.29934 0.00606906 -0.0389525 
0.164057 -0.009190240000000001 0.0178836 
0.223569 -0.00424925 0.0451839 
0.210361 0.0118816 -0.0447152 
0.119819 0.0154806 -0.0167438 
0.33017 -0.00665784 0.0349033 
0.13005 0.00250212 -0.00433363 
0.15833 0.0262065 -0.00388807 
0.121015 0.0246502 0.00652146 
0.0500789 -0.000554986 0.0249524 
0.40331 -0.0327353 -0.00860985 
0.38382 -0.0235625 -0.0102161 
0.157651 0.0226236 -0.020407 
0.424613 -0.00784559  -0.03 
0.153851 0.0227904 0.0199521 
0.1131 0.00162393 0.0301658 
0.07622660000000001 0.0326787  0.045 
0.184095 0.00953932 -0.00345328 
0.247661 0.0566569 0.0383544 
0.145486 0.00612546 -0.0316833 
0.121686 0.0317622 0.022439 
0.169819 0.0200538 -0.039 
0.116714 0.00327697 -0.0172982 
0.171527 0.00177522 -0.00413444 
0.0431213 -0.0291025 -0.049 
0.213169 0.00512958 -0.0136299 
0.191166 -0.0172747 0.000252792 
0.144754 0.00443314 -0.0173111 
0.341634 0.049104 -0.00175279 
0.271035 -0.00241131 0.0421704 
0.251137 0.0583427 -0.0145689 
0.175002 -0.000851286 0.0460938 
0.349822 0.0135421 0.0348008 
0.0480199 -0.0145714  0.049 
0.101281 0.0104018 0.0169813 
0.154736 0.0153447 0.0451599 
0.279048 0.018493 0.0406186 
0.407567 -0.00770268  -0.03 
0.113625 0.0237552 0.0287439 
-0.0120619 -0.0380048 0.0454319 
0.161153 0.012605 -0.0518 
0.185126 -0.00331383 0.00594103 
0.07024610000000001 -0.00807744 0.0505 
0.468772 0.00679935 0.0340487 
0.147703 -0.001139 0.0295163 
0.273716 0.000806678 0.0438098 
0.146334 0.0299419 0.018424 
0.102253 0.0052956 0.0150455 
0.152217 0.0102694 -0.0273494 
0.0173028 -0.0437117 -0.0487759 
0.341857 0.0490756 0.0187274 
0.270295 0.0228337 -0.0413374 
0.06992959999999999 0.0505501 0.0315526 
0.318427 0.0410429 -0.0387669 
0.0507775 -0.0311182 0.0140849 
0.112619 0.000521431  0.045 
0.408672 0.00771588 -0.0315 
0.167669 0.050945 0.0430494 
0.150566 0.0208016 0.024687 
0.205441 0.00660338 0.00456523 
0.166733 -0.00723343 0.0491181 
0.09892140000000001 0.00256038 -0.00473463 
0.147789 -0.0123894 0.0467864 
0.342147 0.0490385 0.008908650000000001 
0.232438 -0.004269 0.00931833 
0.206834 -0.0228853 -0.00567264 
0.356888 -0.0341133 -0.000837767 
0.332011 0.0164013 0.0347478 
0.465604 0.0193905 0.0349753 
-0.0228821 -0.0142516 0.0465 
-0.00697145 0.0348092 -0.0077193 
0.0357542 -3.45061e-05 0.0474145 
0.370416 0.00433445 0.0331094 
0.148848 -0.0256588 0.00216336 
0.0424967 0.0467476 -0.0181813 
0.259781 0.0436043 0.045551 
0.229983 -0.0161913 -0.00425868 
0.169439 0.00734263 -0.0160255 
0.175925 -0.00754142 -0.045 
0.150326 0.0146552 0.0458805 
0.0476067 -0.0022133 0.0433176 
0.153715 -0.0206385 -0.0227139 
0.10014 0.0169969 -0.0465 
0.372347 -0.019496 0.036455 
0.236129 -0.0110982 0.00580136 
0.137181 0.0188776 -0.0141842 
0.102687 -0.00374583 -0.0128781 
0.099091 0.0115897 -0.00203701 
0.240896 0.0588065 -0.0171291 
0.0918846 0.053137 -0.0201213 
0.129849 0.0057001 0.0358777 
0.108397 0.00368919 0.00277028 
0.18884 0.0597378 0.008514229999999999 
0.184098 0.00566673 -0.00985485 
0.124927 0.0083061 0.00614211 
0.198815 0.0399795 0.0465 
0.145025 -0.0216579 -0.0134639 
0.180949 0.0495709 0.0490982 
0.129652 0.017387 -0.0164768 
0.112315 0.0240512 0.000721881 
0.148615 0.035079  0.045 
0.214518 0.00516615 0.0107108 
0.338908 -0.0132992 -0.00631919 
0.327239 0.0365329 -0.0379391 
0.283492 0.0069612 -0.0387384 
0.0558108 -0.0195139 0.011371 
0.109924 0.0561794 -0.0176904 
0.134753 0.00966434 -0.00598508 
0.135393 -0.000833367  0.045 
0.116073 0.0271962 -0.0176756 
0.150268 0.0185226 -0.0119149 
0.105148 0.0156155 -0.00696201 
0.116967 0.0129501 0.00360399 
0.252634 -0.0123402 -0.015338 
0.0731942 0.0285748 -0.0465 
0.186635 0.0081394 -0.0066495 
0.307633 0.0534468 0.000331949 
0.0260098 -0.0189597  0.045 
0.39448 -0.0186806 0.000781381 
0.202517 -0.0161096 0.000408089 
0.162386 0.00779881 0.0345 
0.158826 0.0593288 0.0214828 
0.100305 0.008141300000000001 -0.00156034 
0.00690565 0.0327515 -0.0465 
0.138474 0.0315242 -0.0191604 
0.123503 -0.0103889 -0.00646384 
0.0417777 0.00149349 0.0475893 
0.182046 -0.009777360000000001 -0.0141241 
0.465998 -0.00405677 0.0342563 
0.182991 -0.0124919 -0.0174387 
0.0508394 -0.027257 0.0391802 
0.358883 -0.0237567 -0.008558049999999999 
0.110377 -0.0164551 -0.0223144 
0.145586 0.0498873 -0.0485104 
0.2277 -0.0239378 -0.00408871 
0.117351 0.0158893 0.00175605 
0.241852 -0.00505137 0.0150925 
0.0584494 0.0457539 0.0376558 
0.104182 -0.0228217 0.0103201 
0.18732 0.0128225 -0.00011316 
-0.0142544 -0.0281737  0.045 
0.194362 0.0528278 -0.0458912 
0.00266502 -0.0411043 -0.0470865 
0.0409996 -0.0193247 0.0388982 
0.165081 0.042998 0.0498734 
0.161716 0.0574437 -0.0418111 
0.0777429 -0.0461005 -0.045 
0.106567 0.0201209 0.0123089 
0.0883765 -0.0233454  -0.05 
0.0221914 0.00828369   0.05 
0.105518 -0.0209698 0.0465 
0.17284 -0.00608621 0.0173172 
-0.0364398 0.0162497 0.0130173 
0.281177 0.0409681 -0.0389226 
0.295168 0.0180664 0.0377765 
0.354695 0.0462707 0.026634 
0.20898 0.0598767 0.0184566 
0.253488 -0.0241197 0.0459086 
0.0716368 0.0511391 0.0407492 
0.197998 0.00446793 -0.00437092 
0.150307 0.0203304 -0.0307908 
0.115847 0.0182758 -0.0277519 
0.190753 0.0120229 0.00326372 
0.195226 0.00384789 0.0108336 
0.259747 0.0560438 -0.00542588 
-0.0175365 0.0358661 0.0449951 
0.149484 -0.0112871  0.045 
0.180986 0.000820493 0.0125817 
0.196136 0.0594922 -0.0371867 
-0.0398882 0.00224518 0.0456289 
0.103353 -0.0111  0.045 
0.365099 0.0135355 -0.0340728 
0.0584454 -0.0261634 0.0446169 
0.134304 0.00668887 -0.0207321 
0.106279 0.00569741 0.017612 
0.211607 0.0155418 -0.0489266 
0.221676 0.0274165 0.0438169 
0.180591 -0.0181811 -0.045 
0.0416531 -0.0321003 -0.0455554 
0.2119 -0.00332733 0.00791796 
0.13773 0.0220905 -0.00331281 
0.194429 0.0260782 -0.0465 
0.137415 0.0107955 0.0229877 
-0.0168579 0.0288015 -0.046895 
0.162012 0.008094789999999999 -0.0464146 
0.163922 -0.000563079 -0.0195 
0.111086 -0.00430274 -0.0124177 
0.0430167 0.0104445 0.0485722 
0.195322 -0.00203963 0.0178499 
0.16297 -0.0148065 -0.0496694 
0.145024 0.00414666 -0.045 
0.150929 0.0474966 -0.0452722 
0.421339 -0.0152347 -0.0315 
-0.00614082 0.0380805  -0.05 
0.116534 0.00189967 0.0173003 
0.335819 -0.0218593 0.0114404 
0.210807 -0.0222444 0.000249166 
0.162585 0.0249626 0.0465 
0.0602415 0.00418782 -0.0499205 
0.136614 0.0422733  -0.05 
0.206831 0.0583471 0.018751 
0.0210279 0.0247362  -0.05 
0.23381 -0.016539 0.0478443 
0.057857 -0.0184386 -0.0468888 
0.112395 0.0379502 0.0180952 
0.125994 0.00870364 0.0164558 
0.407979 -0.0231054 -0.0349963 
0.196921 -0.018044 -0.0119004 
0.165189 0.0466101 -0.0495969 
0.135756 -0.00163208 0.0187987 
0.362392 -0.024193 -0.0350827 
0.135665 0.0245536 0.0017712 
0.209055 -0.0211698 0.00513392 
0.0306952 0.0447571 -0.00889275 
0.183026 -0.00125701 -0.0400126 
0.358957 0.0441504 -0.0118488 
0.162814 0.0129956 0.00922479 
0.211734 -0.0184399 -0.0471876 
0.202455 -0.00322085 -0.0178177 
0.244136 -0.0158968 0.00666715 
0.322354 -0.0179246 -0.0376092 
0.0312688 -0.0238064 -0.045 
0.25699 -0.0212209 0.0409224 
0.207676 0.0583323 -0.00630121 
0.208393 -0.00198655 0.0134621 
0.112881 0.0162797 0.0321074 
0.234054 0.0262841 -0.0427994 
0.147654 0.0176247 0.00798896 
0.131652 -0.0476451 -0.045 
0.365555 0.0451741 -0.0179378 
0.114825 0.0109867 0.027606 
0.130674 -0.0201951 0.00536257 
0.0146213 -0.0241884 -0.0465 
0.355865 -0.028204 0.00814294 
-0.00641524 -0.0246887 0.0477238 
0.195552 -0.008770160000000001 0.00890702 
0.0404886 0.0442923 0.00261255 
0.121583 0.0534085 0.0424909 
0.127754 0.018537 -0.0106371 
0.416923 -0.0222869   0.03 
0.200357 0.0584602 0.018051 
0.168291 -0.018135 -0.00494856 
0.251902 -0.023785 -0.0131872 
0.041618 0.00933325 0.0490386 
0.17396 0.0538552 -0.0447329 
0.15345 0.0218343 -0.0176332 
0.179996 -0.000369287   0.05 
0.351742 -0.0248234 -0.0114867 
0.116947 0.00783476 -0.0138215 
0.152835 -0.0159069 0.014471 
0.138934 0.0234222 -0.00569291 
0.159897 0.00836629 0.0440176 
0.0281265 0.0459736 0.00766455 
0.149377 -0.0136627 0.0488579 
0.241161 0.000957372 -0.0113401 
0.061611 0.0509974 0.0258756 
0.116507 -0.00990215 -0.00446288 
0.15709 -0.0157319 0.0115317 
0.280817 -0.0266028 -0.00300694 
0.119412 0.0362358 0.0255083 
3 440 382 369 
3 647 440 348 
3 428 370 440 
3 370 428 655 
3 428 417 655 
3 417 370 655 
3 440 897 348 
3 661 370 837 
3 238 448 909 
3 448 892 909 
3 892 448 80 
3 448 127 933 
3 127 448 238 
3 95 440 369 
3 95 428 440 
3 661 808 370 
3 19 382 440 
3 647 19 440 
3 382 19 348 
3 19 647 348 
3 905 596 909 
3 417 596 905 
3 596 417 428 
3 596 238 909 
3 538 417 905 
3 417 538 370 
3 370 194 440 
3 923 448 933 
3 448 923 80 
3 923 892 80 
3 458 905 909 
3 419 127 238 
3 91 12 536 
3 127 91 933 
3 419 91 127 
3 91 419 681 
3 681 224 369 
3 224 95 369 
3 808 815 462 
3 815 661 837 
3 815 808 661 
3 482 254 462 
3 783 536 348 
3 808 783 348 
3 783 808 536 
3 478 808 462 
3 808 478 536 
3 370 110 348 
3 110 808 348 
3 808 110 370 
3 675 382 348 
3 675 272 382 
3 272 675 12 
3 65 374 837 
3 336 438 905 
3 898 438 156 
3 438 898 905 
3 570 538 905 
3 538 13 370 
3 570 13 538 
3 13 65 837 
3 13 570 65 
3 942 194 370 
3 942 370 348 
3 897 942 348 
3 942 897 440 
3 194 942 440 
3 923 213 892 
3 892 213 909 
3 213 458 909 
3 213 923 933 
3 905 213 933 
3 458 213 905 
3 500 419 238 
3 91 471 12 
3 471 272 12 
3 382 471 369 
3 272 471 382 
3 95 779 428 
3 224 779 95 
3 779 596 428 
3 779 500 238 
3 596 779 238 
3 406 482 462 
3 815 406 462 
3 482 406 837 
3 406 815 837 
3 254 758 488 
3 758 254 482 
3 620 721 896 
3 478 534 536 
3 736 675 348 
3 675 736 12 
3 536 736 348 
3 12 736 536 
3 861 73 896 
3 716 898 52 
3 898 716 65 
3 579 716 52 
3 78 716 579 
3 716 374 65 
3 716 78 374 
3 898 249 905 
3 249 898 65 
3 249 570 905 
3 570 249 65 
3 595 620 896 
3 73 595 896 
3 595 73 683 
3 620 595 828 
3 474 438 336 
3 370 884 837 
3 884 13 837 
3 13 884 370 
3 211 91 536 
3 211 128 91 
3 91 939 933 
3 128 939 91 
3 280 91 681 
3 280 471 91 
3 280 681 369 
3 471 280 369 
3 284 779 224 
3 211 624 128 
3 895 254 488 
3 254 895 462 
3 711 534 607 
3 711 705 536 
3 534 711 536 
3 534 969 607 
3 758 160 488 
3 721 160 896 
3 160 721 620 
3 160 828 770 
3 160 620 828 
3 374 394 837 
3 78 394 374 
3 394 482 837 
3 394 758 482 
3 394 160 758 
3 160 394 896 
3 394 861 896 
3 394 579 861 
3 394 78 579 
3 609 905 933 
3 609 336 905 
3 609 474 336 
3 438 163 156 
3 939 948 933 
3 948 939 128 
3 948 873 933 
3 873 246 933 
3 284 789 779 
3 500 789 419 
3 419 789 681 
3 789 224 681 
3 789 284 224 
3 330 413 607 
3 895 452 462 
3 452 478 462 
3 452 534 478 
3 671 160 770 
3 692 895 488 
3 687 330 607 
3 330 687 770 
3 687 671 770 
3 692 687 856 
3 505 711 607 
3 711 505 705 
3 413 505 607 
3 505 413 705 
3 969 235 607 
3 235 687 607 
3 898 995 52 
3 995 898 156 
3 470 995 156 
3 313 609 933 
3 609 313 474 
3 313 470 156 
3 163 313 156 
3 474 313 438 
3 313 163 438 
3 351 579 52 
3 519 595 683 
3 519 73 861 
3 73 519 683 
3 706 665 346 
3 519 706 595 
3 706 519 665 
3 595 706 908 
3 779 882 500 
3 882 789 500 
3 789 882 779 
3 424 948 128 
3 948 424 873 
3 624 424 128 
3 881 424 624 
3 170 413 330 
3 413 170 624 
3 170 881 624 
3 170 595 908 
3 595 170 828 
3 828 170 770 
3 170 330 770 
3 508 413 624 
3 705 508 536 
3 413 508 705 
3 508 211 536 
3 508 624 211 
3 198 452 895 
3 198 235 969 
3 198 969 534 
3 452 198 534 
3 687 790 856 
3 198 790 235 
3 790 198 895 
3 687 358 671 
3 358 687 692 
3 671 358 160 
3 160 358 488 
3 358 692 488 
3 846 323 52 
3 665 323 346 
3 323 351 52 
3 351 323 665 
3 214 846 52 
3 846 214 405 
3 995 214 52 
3 214 995 405 
3 437 846 405 
3 437 706 346 
3 543 995 470 
3 995 543 405 
3 313 543 470 
3 543 437 405 
3 385 351 665 
3 385 519 861 
3 519 385 665 
3 579 385 861 
3 351 385 579 
3 706 885 908 
3 246 885 933 
3 885 424 881 
3 885 170 908 
3 170 885 881 
3 66 246 873 
3 424 66 873 
3 66 885 246 
3 885 66 424 
3 728 692 856 
3 790 728 856 
3 692 728 895 
3 728 790 895 
3 349 687 768 
3 790 349 768 
3 349 790 687 
3 790 725 235 
3 687 725 768 
3 235 725 687 
3 323 273 346 
3 273 323 846 
3 273 437 346 
3 437 273 846 
3 666 313 933 
3 666 543 313 
3 803 790 768 
3 725 803 768 
3 803 725 790 
3 666 3 543 
3 437 3 706 
3 543 3 437 
3 3 666 933 
3 885 3 933 
3 3 885 706 
Vertices and facets:
- p382(v12):  0.42 -0.047 -0.0034
- p440(v7):  0.16 -0.05 0.048
- p369(v3): 0.095 -0.05 -0.048
- p647(v21):  0.41 -0.041 0.012
- p348(v1):  0.47 -0.0092 0.034
- p428(v22): 0.024 -0.039  0.05
- p370(v14):  0.15 -0.0007 0.054
- p655(v13): 0.064 -0.018 0.051
- p417(v23): 0.018 0.013  0.05
- p897(v24):  0.25 -0.024 0.046
- p661(v25):  0.21 0.036  0.05
- p837(v6):  0.18  0.05 0.049
- p448(v26): -0.033 -0.0074 -0.048
- p238(v8): -0.032 -0.024 -0.05
- p909(v0): -0.04 0.0022 0.046
- p892(v27): -0.036 0.016 0.013
- p80(v15): -0.031 0.017 -0.023
- p127(v28): -0.031 -0.017 -0.05
- p933(v5): -0.0061 0.038 -0.05
- p95(v30): 0.091 -0.048 0.045
- p808(v33):  0.47 0.019 0.035
- p19(v39):  0.41 -0.043  0.01
- p596(v41): -0.032 -0.009 0.047
- p905(v11): -0.018 0.036 0.045
- p538(v42): 0.038 0.033  0.05
- p194(v43):  0.18 -0.011 0.052
- p923(v44): -0.017 0.029 -0.047
- p458(v45): -0.025 0.029 0.035
- p419(v46): 0.017 -0.043 -0.05
- p91(v49):  0.17 -0.0045 -0.055
- p12(v34):  0.44 -0.022 -0.035
- p536(v19):  0.46 0.016 -0.033
- p681(v16): 0.035 -0.045 -0.05
- p224(v50): 0.046 -0.047 -0.045
- p815(v51):  0.26 0.044 0.046
- p462(v10):  0.45 0.026 0.035
- p254(v52):  0.32 0.047 0.036
- p482(v31):  0.24 0.056 0.041
- p783(v57):  0.47 0.0068 0.034
- p478(v58):  0.46 0.023 0.033
- p110(v59):  0.46 0.0096 0.035
- p675(v61):  0.44 -0.035 -0.015
- p272(v60):  0.42 -0.045 -0.01
- p374(v62):  0.15 0.055 0.046
- p65(v35):  0.11 0.052 0.045
- p438(v65): 0.0095 0.043 0.036
- p336(v64): 0.0085 0.042 0.033
- p898(v66): 0.072 0.051 0.041
- p156(v37): 0.029 0.046 0.033
- p570(v69): 0.041 0.041 0.047
- p13(v70):  0.13 0.043  0.05
- p942(v71):  0.23 -0.017 0.048
- p213(v72): -0.025 0.029 0.028
- p500(v73): -0.001 -0.04 -0.048
- p471(v78):  0.14 -0.048 -0.05
- p779(v79): -0.012 -0.038 0.045
- p406(v80):  0.23 0.053 0.043
- p758(v81):  0.25 0.057 0.038
- p488(v18):  0.27 0.056 0.034
- p721(v82):  0.22  0.06 0.0098
- p620(v55):  0.22  0.06 0.0063
- p896(v2):  0.21  0.06 0.018
- p534(v85):  0.42 0.035 -0.024
- p736(v86):  0.46 -0.014 -0.032
- p73(v88):   0.2  0.06 0.013
- p861(v36):  0.16 0.059 0.021
- p716(v89):  0.12 0.056 0.042
- p52(v20):  0.12 0.057 0.034
- p579(v53):  0.14 0.058 0.034
- p78(v87):  0.18 0.058 0.042
- p249(v90):  0.05 0.046 0.045
- p595(v91):  0.19  0.06 -0.036
- p683(v63):  0.19  0.06 -0.0026
- p828(v54):  0.24 0.059 -0.017
- p474(v93): 0.012 0.043 -0.0068
- p884(v94):  0.17 0.043  0.05
- p211(v96):  0.22 0.039 -0.049
- p128(v76):  0.18 0.047 -0.05
- p939(v97):  0.14 0.042 -0.05
- p280(v99): 0.095 -0.047 -0.05
- p284(v100): 0.022 -0.044 -0.045
- p624(v102):  0.22 0.051 -0.046
- p895(v103):  0.35 0.046 0.027
- p711(v105):  0.42 0.033 -0.03
- p607(v56):  0.36 0.046 -0.027
- p705(v83):  0.34 0.046 -0.034
- p969(v106):  0.37 0.045 -0.018
- p160(v107):  0.23 0.059 0.023
- p770(v32):  0.25 0.058 -0.015
- p394(v108):  0.19 0.059 0.041
- p609(v111): 0.011 0.043 -0.0068
- p163(v112): 0.024 0.045 0.0019
- p948(v113):  0.17 0.047 -0.05
- p873(v98):  0.15  0.05 -0.049
- p246(v114):  0.14 0.051 -0.048
- p789(v115): 0.017 -0.044 -0.049
- p413(v117):   0.3 0.052 -0.037
- p330(v95):  0.27 0.056 -0.033
- p452(v118):  0.44  0.03  0.03
- p671(v119):  0.27 0.057 0.00011
- p692(v120):   0.3 0.054 0.024
- p687(v121):   0.3 0.054 -0.019
- p856(v104):  0.31 0.053 0.00033
- p505(v122):  0.35 0.045 -0.03
- p235(v123):  0.35 0.048 -0.013
- p995(v125): 0.062 0.051 0.026
- p470(v68): 0.038 0.048 -0.00014
- p313(v126): 0.027 0.046 -0.026
- p351(v127):  0.14 0.058 0.016
- p519(v129):  0.16 0.059 -0.0028
- p706(v130):  0.14 0.058 -0.037
- p665(v110):  0.14 0.059 -0.017
- p346(v92):  0.13 0.058 -0.026
- p908(v17):   0.2 0.059 -0.037
- p882(v131): 0.0027 -0.041 -0.047
- p424(v132):  0.18 0.051 -0.048
- p881(v116):  0.19 0.053 -0.046
- p170(v133):  0.23 0.058 -0.037
- p508(v134):   0.3  0.04 -0.043
- p198(v135):  0.37 0.044  0.02
- p790(v136):  0.34 0.049 0.019
- p358(v137):   0.3 0.055 0.023
- p323(v138):  0.13 0.058 -0.0039
- p846(v124):  0.11 0.056 -0.018
- p214(v139): 0.095 0.055 0.018
- p405(v109): 0.081 0.053 -0.024
- p437(v140):  0.11 0.056 -0.03
- p543(v141): 0.068 0.052 -0.032
- p385(v142):  0.15 0.059 0.00072
- p885(v143):  0.16 0.057 -0.042
- p66(v144):  0.17 0.051 -0.048
- p728(v145):  0.33 0.051 0.021
- p349(v146):  0.33  0.05 -0.0017
- p768(v84):  0.34 0.049 -0.0018
- p725(v147):  0.35 0.049 -0.0057
- p273(v148):  0.12 0.057 -0.023
- p666(v149): 0.048 0.049 -0.038
- p803(v150):  0.34 0.049 0.0089
- p3(v151): 0.068 0.051 -0.038
- f34
    - flags: bottom simplicial
    - normal:  0.009651  -0.9999 -0.004749
    - offset: -0.05093137
    - vertices: p382(v12) p440(v7) p369(v3)
    - neighboring facets: f120 f352 f162
- f78
    - flags: top simplicial
    - normal:    0.1221  -0.7103   0.6932
    - offset: -0.08794311
    - vertices: p647(v21) p440(v7) p348(v1)
    - neighboring facets: f93 f165 f163
- f83
    - flags: top simplicial
    - normal:  0.003496  -0.1111   0.9938
    - offset: -0.0541441
    - vertices: p428(v22) p370(v14) p440(v7)
    - neighboring facets: f181 f122 f84
- f84
    - flags: bottom simplicial
    - normal:  -0.01937 -0.03463   0.9992
    - offset: -0.05084767
    - vertices: p428(v22) p370(v14) p655(v13)
    - neighboring facets: f90 f89 f83
- f89
    - flags: bottom simplicial
    - normal:  -0.03568 -0.004246   0.9994
    - offset: -0.04926099
    - vertices: p417(v23) p428(v22) p655(v13)
    - neighboring facets: f84 f90 f172
- f90
    - flags: top simplicial
    - normal:  -0.02753 0.007664   0.9996
    - offset: -0.04957881
    - vertices: p417(v23) p370(v14) p655(v13)
    - neighboring facets: f84 f89 f180
- f93
    - flags: bottom simplicial
    - normal:   0.06219  -0.1399   0.9882
    - offset: -0.06450574
    - vertices: p897(v24) p440(v7) p348(v1)
    - neighboring facets: f78 f312 f313
- f99
    - flags: top simplicial
    - normal:   0.01752  0.08517   0.9962
    - offset: -0.05630365
    - vertices: p661(v25) p370(v14) p837(v6)
    - neighboring facets: f439 f228 f138
- f102
    - flags: bottom simplicial
    - normal:   -0.9951  -0.0742 -0.06476
    - offset: -0.03657278
    - vertices: p448(v26) p238(v8) p909(v0)
    - neighboring facets: f174 f105 f112
- f105
    - flags: bottom simplicial
    - normal:    -0.995  0.06166 -0.07873
    - offset: -0.03623427
    - vertices: p892(v27) p448(v26) p909(v0)
    - neighboring facets: f102 f316 f106
- f106
    - flags: top simplicial
    - normal:   -0.9671   0.2146  -0.1364
    - offset: -0.03695312
    - vertices: p892(v27) p448(v26) p80(v15)
    - neighboring facets: f185 f186 f105
- f111
    - flags: bottom simplicial
    - normal:   -0.2863   0.1284  -0.9495
    - offset: -0.0541226
    - vertices: p127(v28) p448(v26) p933(v5)
    - neighboring facets: f184 f216 f112
- f112
    - flags: top simplicial
    - normal:   -0.5747  0.02797  -0.8179
    - offset: -0.05808262
    - vertices: p127(v28) p448(v26) p238(v8)
    - neighboring facets: f102 f194 f111
- f120
    - flags: top simplicial
    - normal:  -0.02459  -0.9996  0.01716
    - offset: -0.04660355
    - vertices: p95(v30) p440(v7) p369(v3)
    - neighboring facets: f34 f221 f122
- f122
    - flags: top simplicial
    - normal:  -0.05125   -0.758   0.6502
    - offset: -0.06105873
    - vertices: p95(v30) p428(v22) p440(v7)
    - neighboring facets: f83 f120 f354
- f138
    - flags: bottom simplicial
    - normal:   0.05901  0.02435    0.998
    - offset: -0.06285342
    - vertices: p808(v33) p661(v25) p370(v14)
    - neighboring facets: f99 f263 f229
- f162
    - flags: top simplicial
    - normal:     0.075  -0.9392   0.3351
    - offset: -0.07460183
    - vertices: p19(v39) p382(v12) p440(v7)
    - neighboring facets: f34 f163 f164
- f163
    - flags: bottom simplicial
    - normal:    0.1112  -0.7943   0.5973
    - offset: -0.08576767
    - vertices: p19(v39) p647(v21) p440(v7)
    - neighboring facets: f78 f162 f165
- f164
    - flags: bottom simplicial
    - normal:    0.2524  -0.8288   0.4994
    - offset: -0.1440321
    - vertices: p19(v39) p382(v12) p348(v1)
    - neighboring facets: f267 f165 f162
- f165
    - flags: top simplicial
    - normal:    0.2487  -0.8262   0.5056
    - offset: -0.1424386
    - vertices: p19(v39) p647(v21) p348(v1)
    - neighboring facets: f78 f164 f163
- f170
    - flags: bottom simplicial
    - normal:  -0.09121  0.07935   0.9927
    - offset: -0.04911041
    - vertices: p596(v41) p905(v11) p909(v0)
    - neighboring facets: f189 f174 f171
- f171
    - flags: bottom simplicial
    - normal:  -0.08909  0.07866   0.9929
    - offset: -0.04905968
    - vertices: p596(v41) p417(v23) p905(v11)
    - neighboring facets: f176 f170 f172
- f172
    - flags: top simplicial
    - normal:  -0.05219 -0.006212   0.9986
    - offset: -0.04889693
    - vertices: p596(v41) p417(v23) p428(v22)
    - neighboring facets: f89 f357 f171
- f174
    - flags: top simplicial
    - normal:   -0.8373  -0.5413  0.07642
    - offset: -0.03567143
    - vertices: p596(v41) p238(v8) p909(v0)
    - neighboring facets: f102 f170 f361
- f176
    - flags: top simplicial
    - normal:  -0.08237  0.08921   0.9926
    - offset: -0.04930608
    - vertices: p538(v42) p417(v23) p905(v11)
    - neighboring facets: f171 f302 f180
- f180
    - flags: bottom simplicial
    - normal:  -0.02495   0.0328   0.9992
    - offset: -0.04993576
    - vertices: p538(v42) p417(v23) p370(v14)
    - neighboring facets: f90 f306 f176
- f181
    - flags: bottom simplicial
    - normal:   0.05056  -0.1088   0.9928
    - offset: -0.06135973
    - vertices: p194(v43) p370(v14) p440(v7)
    - neighboring facets: f83 f314 f310
- f184
    - flags: top simplicial
    - normal:   -0.4476   0.2276  -0.8648
    - offset: -0.05465503
    - vertices: p923(v44) p448(v26) p933(v5)
    - neighboring facets: f111 f318 f185
- f185
    - flags: bottom simplicial
    - normal:    -0.861   0.3958  -0.3194
    - offset: -0.04089361
    - vertices: p923(v44) p448(v26) p80(v15)
    - neighboring facets: f106 f186 f184
- f186
    - flags: top simplicial
    - normal:    -0.723   0.6846 -0.09288
    - offset: -0.03626077
    - vertices: p923(v44) p892(v27) p80(v15)
    - neighboring facets: f106 f185 f315
- f189
    - flags: top simplicial
    - normal:   -0.8153   0.5457   0.1935
    - offset: -0.0425771
    - vertices: p458(v45) p905(v11) p909(v0)
    - neighboring facets: f170 f317 f320
- f194
    - flags: top simplicial
    - normal:  -0.03399 -0.06403  -0.9974
    - offset: -0.05198396
    - vertices: p419(v46) p127(v28) p238(v8)
    - neighboring facets: f112 f325 f218
- f213
    - flags: top simplicial
    - normal:   0.07484  0.02421  -0.9969
    - offset: -0.06757457
    - vertices: p91(v49) p12(v34) p536(v19)
    - neighboring facets: f395 f451 f350
- f216
    - flags: bottom simplicial
    - normal:  -0.02537  0.01138  -0.9996
    - offset: -0.05056971
    - vertices: p91(v49) p127(v28) p933(v5)
    - neighboring facets: f111 f453 f218
- f218
    - flags: bottom simplicial
    - normal:  -0.02211 -0.04245  -0.9989
    - offset: -0.05133221
    - vertices: p91(v49) p419(v46) p127(v28)
    - neighboring facets: f194 f216 f219
- f219
    - flags: top simplicial
    - normal:  -0.01362 -0.07643   -0.997
    - offset: -0.05284211
    - vertices: p91(v49) p419(v46) p681(v16)
    - neighboring facets: f550 f460 f218
- f220
    - flags: bottom simplicial
    - normal:  -0.06865  -0.9894  -0.1281
    - offset: -0.0488646
    - vertices: p224(v50) p681(v16) p369(v3)
    - neighboring facets: f462 f221 f551
- f221
    - flags: top simplicial
    - normal:  -0.06064   -0.998  0.01541
    - offset: -0.04318096
    - vertices: p224(v50) p95(v30) p369(v3)
    - neighboring facets: f120 f220 f355
- f227
    - flags: bottom simplicial
    - normal:   0.07486   0.2106   0.9747
    - offset: -0.07302726
    - vertices: p815(v51) p808(v33) p462(v10)
    - neighboring facets: f257 f363 f229
- f228
    - flags: top simplicial
    - normal:   0.05651   0.1607   0.9854
    - offset: -0.06657305
    - vertices: p815(v51) p661(v25) p837(v6)
    - neighboring facets: f99 f365 f229
- f229
    - flags: top simplicial
    - normal:   0.06427   0.1133   0.9915
    - offset: -0.06679742
    - vertices: p815(v51) p808(v33) p661(v25)
    - neighboring facets: f138 f228 f227
- f230
    - flags: bottom simplicial
    - normal:    0.1103   0.6159   0.7801
    - offset: -0.09262724
    - vertices: p254(v52) p482(v31) p462(v10)
    - neighboring facets: f362 f486 f367
- f254
    - flags: top simplicial
    - normal:    0.9578   0.2377  -0.1617
    - offset:  -0.445093
    - vertices: p783(v57) p536(v19) p348(v1)
    - neighboring facets: f394 f255 f256
- f255
    - flags: bottom simplicial
    - normal:    0.9699   0.2428  0.01711
    - offset: -0.4569095
    - vertices: p783(v57) p808(v33) p348(v1)
    - neighboring facets: f262 f254 f256
- f256
    - flags: top simplicial
    - normal:    0.9546   0.2519   -0.159
    - offset: -0.4437864
    - vertices: p783(v57) p808(v33) p536(v19)
    - neighboring facets: f258 f254 f255
- f257
    - flags: top simplicial
    - normal:    0.2482   0.6481     0.72
    - offset: -0.1533017
    - vertices: p478(v58) p808(v33) p462(v10)
    - neighboring facets: f227 f567 f258
- f258
    - flags: bottom simplicial
    - normal:    0.6742   0.7255  -0.1381
    - offset: -0.3231685
    - vertices: p478(v58) p808(v33) p536(v19)
    - neighboring facets: f256 f386 f257
- f261
    - flags: bottom simplicial
    - normal:   0.06123 -0.01274    0.998
    - offset: -0.06322685
    - vertices: p110(v59) p370(v14) p348(v1)
    - neighboring facets: f311 f262 f263
- f262
    - flags: top simplicial
    - normal:   0.07054 -0.008428   0.9975
    - offset: -0.06756831
    - vertices: p110(v59) p808(v33) p348(v1)
    - neighboring facets: f255 f261 f263
- f263
    - flags: bottom simplicial
    - normal:   0.06104 -0.006951   0.9981
    - offset: -0.06319724
    - vertices: p110(v59) p808(v33) p370(v14)
    - neighboring facets: f138 f261 f262
- f267
    - flags: top simplicial
    - normal:    0.5374   -0.833   0.1316
    - offset: -0.2662089
    - vertices: p675(v61) p382(v12) p348(v1)
    - neighboring facets: f164 f392 f269
- f269
    - flags: top simplicial
    - normal:    0.2787  -0.8839  -0.3756
    - offset: -0.1607395
    - vertices: p675(v61) p272(v60) p382(v12)
    - neighboring facets: f353 f267 f270
- f270
    - flags: bottom simplicial
    - normal:    0.2155  -0.8098  -0.5457
    - offset: -0.1325844
    - vertices: p675(v61) p272(v60) p12(v34)
    - neighboring facets: f351 f393 f269
- f272
    - flags: bottom simplicial
    - normal:  -0.03606    0.431   0.9016
    - offset: -0.05911015
    - vertices: p374(v62) p65(v35) p837(v6)
    - neighboring facets: f308 f510 f411
- f283
    - flags: bottom simplicial
    - normal:   -0.2374   0.9713  0.01478
    - offset: -0.03966517
    - vertices: p438(v65) p336(v64) p905(v11)
    - neighboring facets: f533 f289 f438
- f287
    - flags: top simplicial
    - normal:   -0.1477   0.9703   0.1914
    - offset: -0.04683967
    - vertices: p898(v66) p438(v65) p156(v37)
    - neighboring facets: f537 f604 f289
- f289
    - flags: bottom simplicial
    - normal:   -0.1507    0.953   0.2626
    - offset: -0.04864284
    - vertices: p898(v66) p438(v65) p905(v11)
    - neighboring facets: f283 f413 f287
- f302
    - flags: top simplicial
    - normal:  -0.06554   0.3459    0.936
    - offset: -0.05567015
    - vertices: p570(v69) p538(v42) p905(v11)
    - neighboring facets: f176 f415 f307
- f306
    - flags: bottom simplicial
    - normal:  -0.009667  0.08487   0.9963
    - offset: -0.05210991
    - vertices: p13(v70) p538(v42) p370(v14)
    - neighboring facets: f180 f441 f307
- f307
    - flags: bottom simplicial
    - normal:  -0.03778   0.3368   0.9408
    - offset: -0.0566626
    - vertices: p13(v70) p570(v69) p538(v42)
    - neighboring facets: f302 f306 f309
- f308
    - flags: top simplicial
    - normal:  -0.03657   0.4221   0.9058
    - offset: -0.05877852
    - vertices: p13(v70) p65(v35) p837(v6)
    - neighboring facets: f272 f440 f309
- f309
    - flags: top simplicial
    - normal:  -0.03856   0.4178   0.9077
    - offset: -0.05843187
    - vertices: p13(v70) p570(v69) p65(v35)
    - neighboring facets: f416 f308 f307
- f310
    - flags: top simplicial
    - normal:   0.05638 -0.09531   0.9938
    - offset: -0.06230824
    - vertices: p942(v71) p194(v43) p370(v14)
    - neighboring facets: f181 f311 f314
- f311
    - flags: top simplicial
    - normal:   0.05921 -0.08154   0.9949
    - offset: -0.06279354
    - vertices: p942(v71) p370(v14) p348(v1)
    - neighboring facets: f261 f312 f310
- f312
    - flags: bottom simplicial
    - normal:   0.05965 -0.09879   0.9933
    - offset: -0.06310612
    - vertices: p942(v71) p897(v24) p348(v1)
    - neighboring facets: f93 f311 f313
- f313
    - flags: top simplicial
    - normal:   0.05473  -0.1113   0.9923
    - offset: -0.06211289
    - vertices: p942(v71) p897(v24) p440(v7)
    - neighboring facets: f93 f314 f312
- f314
    - flags: bottom simplicial
    - normal:   0.05463   -0.111   0.9923
    - offset: -0.06208501
    - vertices: p942(v71) p194(v43) p440(v7)
    - neighboring facets: f181 f313 f310
- f315
    - flags: bottom simplicial
    - normal:   -0.7113   0.6976 -0.08633
    - offset: -0.03613069
    - vertices: p213(v72) p923(v44) p892(v27)
    - neighboring facets: f186 f316 f318
- f316
    - flags: bottom simplicial
    - normal:   -0.8337   0.5339   0.1411
    - offset: -0.04089209
    - vertices: p213(v72) p892(v27) p909(v0)
    - neighboring facets: f105 f317 f315
- f317
    - flags: top simplicial
    - normal:   -0.8316   0.5359    0.146
    - offset: -0.0410362
    - vertices: p213(v72) p458(v45) p909(v0)
    - neighboring facets: f189 f316 f320
- f318
    - flags: top simplicial
    - normal:   -0.6658   0.7417 -0.08159
    - offset: -0.03641114
    - vertices: p213(v72) p923(v44) p933(v5)
    - neighboring facets: f184 f319 f315
- f319
    - flags: bottom simplicial
    - normal:   -0.5685   0.8212 -0.04906
    - offset: -0.03721573
    - vertices: p213(v72) p905(v11) p933(v5)
    - neighboring facets: f531 f318 f320
- f320
    - flags: bottom simplicial
    - normal:   -0.7949   0.5883   0.1485
    - offset: -0.04172103
    - vertices: p213(v72) p458(v45) p905(v11)
    - neighboring facets: f189 f319 f317
- f325
    - flags: top simplicial
    - normal:   -0.1791  -0.4348  -0.8826
    - offset: -0.05971693
    - vertices: p500(v73) p419(v46) p238(v8)
    - neighboring facets: f194 f358 f549
- f350
    - flags: bottom simplicial
    - normal:   0.06233  -0.1573  -0.9856
    - offset: -0.06562743
    - vertices: p471(v78) p91(v49) p12(v34)
    - neighboring facets: f213 f351 f461
- f351
    - flags: top simplicial
    - normal:   0.09679  -0.7753  -0.6241
    - offset: -0.08189723
    - vertices: p471(v78) p272(v60) p12(v34)
    - neighboring facets: f270 f350 f353
- f352
    - flags: bottom simplicial
    - normal:   0.03583  -0.9793  -0.1993
    - offset: -0.06172012
    - vertices: p471(v78) p382(v12) p369(v3)
    - neighboring facets: f34 f463 f353
- f353
    - flags: bottom simplicial
    - normal:    0.0546  -0.9481  -0.3134
    - offset: -0.06860048
    - vertices: p471(v78) p272(v60) p382(v12)
    - neighboring facets: f269 f352 f351
- f354
    - flags: bottom simplicial
    - normal:  -0.08621  -0.8977   0.4321
    - offset: -0.05478688
    - vertices: p779(v79) p95(v30) p428(v22)
    - neighboring facets: f122 f357 f355
- f355
    - flags: bottom simplicial
    - normal:  -0.09739  -0.9947  0.03373
    - offset: -0.04050961
    - vertices: p779(v79) p224(v50) p95(v30)
    - neighboring facets: f221 f354 f468
- f357
    - flags: top simplicial
    - normal:   -0.1279  -0.1502   0.9803
    - offset: -0.05179111
    - vertices: p779(v79) p596(v41) p428(v22)
    - neighboring facets: f172 f354 f361
- f358
    - flags: top simplicial
    - normal:   -0.4752  -0.8792  -0.0333
    - offset: -0.03763428
    - vertices: p779(v79) p500(v73) p238(v8)
    - neighboring facets: f325 f361 f636
- f361
    - flags: bottom simplicial
    - normal:   -0.8126   -0.577  0.08203
    - offset: -0.03545628
    - vertices: p779(v79) p596(v41) p238(v8)
    - neighboring facets: f174 f358 f357
- f362
    - flags: top simplicial
    - normal:   0.09506   0.4903   0.8663
    - offset: -0.0855407
    - vertices: p406(v80) p482(v31) p462(v10)
    - neighboring facets: f230 f363 f364
- f363
    - flags: bottom simplicial
    - normal:   0.09501   0.4899   0.8666
    - offset: -0.08551833
    - vertices: p406(v80) p815(v51) p462(v10)
    - neighboring facets: f227 f362 f365
- f364
    - flags: bottom simplicial
    - normal:   0.06389   0.5172   0.8535
    - offset: -0.07910441
    - vertices: p406(v80) p482(v31) p837(v6)
    - neighboring facets: f512 f365 f362
- f365
    - flags: top simplicial
    - normal:   0.07351   0.4388   0.8956
    - offset: -0.07902304
    - vertices: p406(v80) p815(v51) p837(v6)
    - neighboring facets: f228 f364 f363
- f366
    - flags: bottom simplicial
    - normal:    0.1214   0.8264   0.5499
    - offset: -0.0979657
    - vertices: p758(v81) p254(v52) p488(v18)
    - neighboring facets: f484 f504 f367
- f367
    - flags: top simplicial
    - normal:    0.1152   0.7438   0.6584
    - offset: -0.09591736
    - vertices: p758(v81) p254(v52) p482(v31)
    - neighboring facets: f230 f513 f366
- f373
    - flags: bottom simplicial
    - normal:    0.0192   0.9998 -0.003265
    - offset: -0.06381701
    - vertices: p721(v82) p620(v55) p896(v2)
    - neighboring facets: f421 f505 f506
- f386
    - flags: bottom simplicial
    - normal:    0.3981   0.9076  -0.1333
    - offset: -0.2002928
    - vertices: p534(v85) p478(v58) p536(v19)
    - neighboring facets: f258 f497 f568
- f392
    - flags: top simplicial
    - normal:    0.7302  -0.6803 -0.06256
    - offset: -0.3493229
    - vertices: p736(v86) p675(v61) p348(v1)
    - neighboring facets: f267 f394 f393
- f393
    - flags: bottom simplicial
    - normal:    0.3918   -0.762  -0.5156
    - offset: -0.2087508
    - vertices: p736(v86) p675(v61) p12(v34)
    - neighboring facets: f270 f395 f392
- f394
    - flags: bottom simplicial
    - normal:    0.9603    0.223  -0.1679
    - offset: -0.4461877
    - vertices: p736(v86) p536(v19) p348(v1)
    - neighboring facets: f254 f392 f395
- f395
    - flags: bottom simplicial
    - normal:    0.1335 0.006657   -0.991
    - offset: -0.09376797
    - vertices: p736(v86) p12(v34) p536(v19)
    - neighboring facets: f213 f394 f393
- f404
    - flags: bottom simplicial
    - normal:  -0.009951   0.9998   0.0161
    - offset: -0.05808348
    - vertices: p73(v88) p861(v36) p896(v2)
    - neighboring facets: f516 f422 f625
- f407
    - flags: top simplicial
    - normal:  -0.08908   0.9748   0.2047
    - offset: -0.05180686
    - vertices: p716(v89) p898(v66) p52(v20)
    - neighboring facets: f602 f409 f408
- f408
    - flags: bottom simplicial
    - normal:  -0.08334   0.8547   0.5123
    - offset: -0.05861704
    - vertices: p716(v89) p898(v66) p65(v35)
    - neighboring facets: f414 f411 f407
- f409
    - flags: bottom simplicial
    - normal:  -0.06677   0.9764   0.2052
    - offset: -0.05464346
    - vertices: p716(v89) p579(v53) p52(v20)
    - neighboring facets: f615 f407 f410
- f410
    - flags: bottom simplicial
    - normal:  -0.04233   0.9663   0.2537
    - offset: -0.05907798
    - vertices: p716(v89) p78(v87) p579(v53)
    - neighboring facets: f518 f409 f412
- f411
    - flags: top simplicial
    - normal:  -0.05346   0.8013   0.5959
    - offset: -0.06276177
    - vertices: p716(v89) p374(v62) p65(v35)
    - neighboring facets: f272 f408 f412
- f412
    - flags: top simplicial
    - normal:  -0.03924   0.8684   0.4943
    - offset: -0.06400504
    - vertices: p716(v89) p78(v87) p374(v62)
    - neighboring facets: f511 f411 f410
- f413
    - flags: bottom simplicial
    - normal:    -0.117   0.8333   0.5403
    - offset: -0.05625021
    - vertices: p249(v90) p898(v66) p905(v11)
    - neighboring facets: f289 f415 f414
- f414
    - flags: top simplicial
    - normal:  -0.09329   0.7899   0.6061
    - offset: -0.05840979
    - vertices: p249(v90) p898(v66) p65(v35)
    - neighboring facets: f408 f416 f413
- f415
    - flags: top simplicial
    - normal:  -0.08668    0.627   0.7742
    - offset: -0.05884252
    - vertices: p249(v90) p570(v69) p905(v11)
    - neighboring facets: f302 f413 f416
- f416
    - flags: bottom simplicial
    - normal:  -0.07282   0.6061   0.7921
    - offset: -0.05938709
    - vertices: p249(v90) p570(v69) p65(v35)
    - neighboring facets: f309 f414 f415
- f421
    - flags: top simplicial
    - normal:   0.01614   0.9998 -0.007043
    - offset: -0.06311035
    - vertices: p595(v91) p620(v55) p896(v2)
    - neighboring facets: f373 f422 f425
- f422
    - flags: bottom simplicial
    - normal:  -0.002544        1 -0.001182
    - offset: -0.05932293
    - vertices: p595(v91) p73(v88) p896(v2)
    - neighboring facets: f404 f421 f423
- f423
    - flags: top simplicial
    - normal:  -0.008419        1 -0.0007146
    - offset: -0.05817641
    - vertices: p595(v91) p73(v88) p683(v63)
    - neighboring facets: f626 f624 f422
- f425
    - flags: bottom simplicial
    - normal:   0.02489   0.9996 -0.01372
    - offset: -0.06501338
    - vertices: p595(v91) p620(v55) p828(v54)
    - neighboring facets: f509 f652 f421
- f438
    - flags: top simplicial
    - normal:   -0.1876   0.9822 -0.001379
    - offset: -0.04002217
    - vertices: p474(v93) p438(v65) p336(v64)
    - neighboring facets: f283 f534 f613
- f439
    - flags: bottom simplicial
    - normal:   0.01224  0.08792   0.9961
    - offset: -0.05547767
    - vertices: p884(v94) p370(v14) p837(v6)
    - neighboring facets: f99 f440 f441
- f440
    - flags: top simplicial
    - normal:  0.0008363   0.1151   0.9933
    - offset: -0.05463037
    - vertices: p884(v94) p13(v70) p837(v6)
    - neighboring facets: f308 f439 f441
- f441
    - flags: bottom simplicial
    - normal:  0.0005292  0.09073   0.9959
    - offset: -0.05365629
    - vertices: p884(v94) p13(v70) p370(v14)
    - neighboring facets: f306 f439 f440
- f451
    - flags: top simplicial
    - normal:   0.07229  0.05788  -0.9957
    - offset: -0.06691655
    - vertices: p211(v96) p91(v49) p536(v19)
    - neighboring facets: f213 f658 f452
- f452
    - flags: top simplicial
    - normal:   0.03921   0.0949  -0.9947
    - offset: -0.06101234
    - vertices: p211(v96) p128(v76) p91(v49)
    - neighboring facets: f455 f451 f479
- f453
    - flags: bottom simplicial
    - normal:  -0.003052   0.1039  -0.9946
    - offset: -0.05370536
    - vertices: p939(v97) p91(v49) p933(v5)
    - neighboring facets: f216 f539 f455
- f455
    - flags: bottom simplicial
    - normal:  -0.001935   0.1048  -0.9945
    - offset: -0.05388881
    - vertices: p939(v97) p128(v76) p91(v49)
    - neighboring facets: f452 f453 f540
- f460
    - flags: top simplicial
    - normal:  -0.003806  -0.1091   -0.994
    - offset: -0.05451334
    - vertices: p280(v99) p91(v49) p681(v16)
    - neighboring facets: f219 f462 f461
- f461
    - flags: top simplicial
    - normal:  -0.0005532  -0.1148  -0.9934
    - offset: -0.05506297
    - vertices: p280(v99) p471(v78) p91(v49)
    - neighboring facets: f350 f460 f463
- f462
    - flags: top simplicial
    - normal:  -0.02301  -0.6595  -0.7514
    - offset: -0.06665702
    - vertices: p280(v99) p681(v16) p369(v3)
    - neighboring facets: f220 f463 f460
- f463
    - flags: bottom simplicial
    - normal:  -0.003177  -0.6594  -0.7518
    - offset: -0.06856043
    - vertices: p280(v99) p471(v78) p369(v3)
    - neighboring facets: f352 f462 f461
- f468
    - flags: top simplicial
    - normal:   -0.1007  -0.9944  0.03158
    - offset: -0.04044207
    - vertices: p284(v100) p779(v79) p224(v50)
    - neighboring facets: f355 f552 f548
- f479
    - flags: bottom simplicial
    - normal:   0.07326   0.2535  -0.9645
    - offset: -0.07325102
    - vertices: p624(v102) p211(v96) p128(v76)
    - neighboring facets: f452 f645 f659
- f484
    - flags: top simplicial
    - normal:    0.1411   0.9145   0.3791
    - offset: -0.1024597
    - vertices: p895(v103) p254(v52) p488(v18)
    - neighboring facets: f366 f578 f486
- f486
    - flags: bottom simplicial
    - normal:    0.1553   0.8894     0.43
    - offset: -0.1076785
    - vertices: p895(v103) p254(v52) p462(v10)
    - neighboring facets: f230 f566 f484
- f495
    - flags: top simplicial
    - normal:     0.188    0.914  -0.3594
    - offset: -0.1186819
    - vertices: p711(v105) p534(v85) p607(v56)
    - neighboring facets: f499 f590 f497
- f496
    - flags: top simplicial
    - normal:    0.1271   0.4848  -0.8653
    - offset: -0.09442955
    - vertices: p711(v105) p705(v83) p536(v19)
    - neighboring facets: f656 f497 f591
- f497
    - flags: bottom simplicial
    - normal:    0.3454   0.8849  -0.3126
    - offset: -0.1818871
    - vertices: p711(v105) p534(v85) p536(v19)
    - neighboring facets: f386 f496 f495
- f499
    - flags: bottom simplicial
    - normal:    0.1852   0.9763  -0.1118
    - offset: -0.1138244
    - vertices: p969(v106) p534(v85) p607(v56)
    - neighboring facets: f495 f597 f662
- f504
    - flags: bottom simplicial
    - normal:   0.04712   0.9919   0.1177
    - offset: -0.0723837
    - vertices: p160(v107) p758(v81) p488(v18)
    - neighboring facets: f366 f677 f514
- f505
    - flags: bottom simplicial
    - normal:    0.0289   0.9995  0.01019
    - offset: -0.06607602
    - vertices: p160(v107) p721(v82) p896(v2)
    - neighboring facets: f373 f515 f506
- f506
    - flags: top simplicial
    - normal:   0.03155   0.9995 0.007427
    - offset: -0.06663113
    - vertices: p160(v107) p721(v82) p620(v55)
    - neighboring facets: f373 f509 f505
- f508
    - flags: top simplicial
    - normal:   0.04524    0.999 -1.311e-06
    - offset: -0.06964504
    - vertices: p160(v107) p828(v54) p770(v32)
    - neighboring facets: f653 f573 f509
- f509
    - flags: top simplicial
    - normal:   0.04353   0.9991 -0.0002631
    - offset: -0.06924174
    - vertices: p160(v107) p620(v55) p828(v54)
    - neighboring facets: f425 f508 f506
- f510
    - flags: bottom simplicial
    - normal:   0.02545   0.6483   0.7609
    - offset: -0.07410447
    - vertices: p394(v108) p374(v62) p837(v6)
    - neighboring facets: f272 f512 f511
- f511
    - flags: bottom simplicial
    - normal:  0.004102   0.7522   0.6589
    - offset: -0.07184306
    - vertices: p394(v108) p78(v87) p374(v62)
    - neighboring facets: f412 f510 f518
- f512
    - flags: top simplicial
    - normal:   0.03924   0.6358   0.7708
    - offset: -0.07646633
    - vertices: p394(v108) p482(v31) p837(v6)
    - neighboring facets: f364 f510 f513
- f513
    - flags: top simplicial
    - normal:   0.05538   0.8744    0.482
    - offset: -0.0817439
    - vertices: p394(v108) p758(v81) p482(v31)
    - neighboring facets: f367 f512 f514
- f514
    - flags: top simplicial
    - normal:   0.04166   0.9916   0.1222
    - offset: -0.07118886
    - vertices: p394(v108) p160(v107) p758(v81)
    - neighboring facets: f504 f513 f515
- f515
    - flags: bottom simplicial
    - normal:   0.01814   0.9974  0.07012
    - offset: -0.06480443
    - vertices: p394(v108) p160(v107) p896(v2)
    - neighboring facets: f505 f516 f514
- f516
    - flags: top simplicial
    - normal:  -0.007644   0.9985   0.0541
    - offset: -0.05918845
    - vertices: p394(v108) p861(v36) p896(v2)
    - neighboring facets: f404 f515 f517
- f517
    - flags: top simplicial
    - normal:  -0.01566   0.9975   0.0689
    - offset: -0.05817392
    - vertices: p394(v108) p579(v53) p861(v36)
    - neighboring facets: f703 f516 f518
- f518
    - flags: top simplicial
    - normal:  -0.02676   0.9854   0.1683
    - offset: -0.05937276
    - vertices: p394(v108) p78(v87) p579(v53)
    - neighboring facets: f410 f517 f511
- f531
    - flags: top simplicial
    - normal:   -0.2505   0.9681 -0.00748
    - offset: -0.03877765
    - vertices: p609(v111) p905(v11) p933(v5)
    - neighboring facets: f319 f609 f533
- f533
    - flags: top simplicial
    - normal:   -0.2462   0.9692 -0.005009
    - offset: -0.03885387
    - vertices: p609(v111) p336(v64) p905(v11)
    - neighboring facets: f283 f531 f534
- f534
    - flags: top simplicial
    - normal:   -0.1944   0.9809 -0.001953
    - offset: -0.03989018
    - vertices: p609(v111) p474(v93) p336(v64)
    - neighboring facets: f438 f533 f610
- f537
    - flags: bottom simplicial
    - normal:   -0.1776   0.9841 0.0009578
    - offset: -0.04028063
    - vertices: p163(v112) p438(v65) p156(v37)
    - neighboring facets: f287 f612 f614
- f539
    - flags: bottom simplicial
    - normal:  -0.003363   0.1145  -0.9934
    - offset: -0.05405155
    - vertices: p948(v113) p939(v97) p933(v5)
    - neighboring facets: f453 f541 f540
- f540
    - flags: top simplicial
    - normal:  -0.002064    0.106  -0.9944
    - offset: -0.05391805
    - vertices: p948(v113) p939(v97) p128(v76)
    - neighboring facets: f455 f643 f539
- f541
    - flags: top simplicial
    - normal:  -0.01054   0.2573  -0.9663
    - offset: -0.05817703
    - vertices: p948(v113) p873(v98) p933(v5)
    - neighboring facets: f544 f539 f644
- f544
    - flags: bottom simplicial
    - normal:  -0.03342   0.5359  -0.8436
    - offset: -0.06279351
    - vertices: p246(v114) p873(v98) p933(v5)
    - neighboring facets: f541 f707 f712
- f548
    - flags: bottom simplicial
    - normal:    -0.143  -0.9896  0.01539
    - offset: -0.04003328
    - vertices: p789(v115) p284(v100) p779(v79)
    - neighboring facets: f468 f638 f552
- f549
    - flags: bottom simplicial
    - normal:   -0.1849   -0.849   -0.495
    - offset: -0.05805565
    - vertices: p789(v115) p500(v73) p419(v46)
    - neighboring facets: f325 f550 f637
- f550
    - flags: bottom simplicial
    - normal:   -0.1155  -0.8484  -0.5165
    - offset: -0.06028222
    - vertices: p789(v115) p419(v46) p681(v16)
    - neighboring facets: f219 f551 f549
- f551
    - flags: top simplicial
    - normal:  -0.09688  -0.9932 -0.06461
    - offset: -0.04488935
    - vertices: p789(v115) p224(v50) p681(v16)
    - neighboring facets: f220 f550 f552
- f552
    - flags: top simplicial
    - normal:   -0.1004  -0.9942 -0.03874
    - offset: -0.04361066
    - vertices: p789(v115) p284(v100) p224(v50)
    - neighboring facets: f468 f551 f548
- f562
    - flags: bottom simplicial
    - normal:    0.1364    0.942  -0.3065
    - offset: -0.1001616
    - vertices: p413(v117) p330(v95) p607(v56)
    - neighboring facets: f583 f592 f647
- f566
    - flags: bottom simplicial
    - normal:    0.1698   0.9227   0.3463
    - offset: -0.1121248
    - vertices: p452(v118) p895(v103) p462(v10)
    - neighboring facets: f486 f567 f660
- f567
    - flags: top simplicial
    - normal:    0.2318   0.9495   0.2114
    - offset:  -0.136001
    - vertices: p452(v118) p478(v58) p462(v10)
    - neighboring facets: f257 f566 f568
- f568
    - flags: top simplicial
    - normal:    0.2662   0.9638 -0.01543
    - offset: -0.1446954
    - vertices: p452(v118) p534(v85) p478(v58)
    - neighboring facets: f386 f567 f663
- f573
    - flags: top simplicial
    - normal:   0.06559   0.9978 0.008877
    - offset: -0.07455737
    - vertices: p671(v119) p160(v107) p770(v32)
    - neighboring facets: f508 f587 f676
- f578
    - flags: top simplicial
    - normal:    0.1338   0.9633   0.2326
    - offset: -0.09823609
    - vertices: p692(v120) p895(v103) p488(v18)
    - neighboring facets: f484 f678 f718
- f583
    - flags: top simplicial
    - normal:    0.1293   0.9828  -0.1319
    - offset: -0.09473973
    - vertices: p687(v121) p330(v95) p607(v56)
    - neighboring facets: f562 f598 f586
- f586
    - flags: bottom simplicial
    - normal:    0.0817   0.9963 -0.02746
    - offset: -0.0790428
    - vertices: p687(v121) p330(v95) p770(v32)
    - neighboring facets: f654 f587 f583
- f587
    - flags: top simplicial
    - normal:   0.08255   0.9965 -0.01619
    - offset: -0.07910429
    - vertices: p687(v121) p671(v119) p770(v32)
    - neighboring facets: f573 f586 f674
- f588
    - flags: bottom simplicial
    - normal:    0.1267   0.9919 1.949e-07
    - offset: -0.0919891
    - vertices: p687(v121) p692(v120) p856(v104)
    - neighboring facets: f716 f669 f675
- f590
    - flags: top simplicial
    - normal:    0.1806   0.8916  -0.4152
    - offset: -0.1165579
    - vertices: p505(v122) p711(v105) p607(v56)
    - neighboring facets: f495 f592 f591
- f591
    - flags: bottom simplicial
    - normal:    0.1682   0.8213  -0.5452
    - offset: -0.1129505
    - vertices: p505(v122) p711(v105) p705(v83)
    - neighboring facets: f496 f593 f590
- f592
    - flags: bottom simplicial
    - normal:     0.143   0.9214  -0.3614
    - offset: -0.1030457
    - vertices: p505(v122) p413(v117) p607(v56)
    - neighboring facets: f562 f590 f593
- f593
    - flags: top simplicial
    - normal:    0.1474   0.8885  -0.4345
    - offset: -0.1053288
    - vertices: p505(v122) p413(v117) p705(v83)
    - neighboring facets: f657 f591 f592
- f597
    - flags: bottom simplicial
    - normal:    0.1459   0.9867 -0.07189
    - offset: -0.09918936
    - vertices: p235(v123) p969(v106) p607(v56)
    - neighboring facets: f499 f598 f661
- f598
    - flags: top simplicial
    - normal:    0.1397   0.9874 -0.07396
    - offset: -0.09707328
    - vertices: p235(v123) p687(v121) p607(v56)
    - neighboring facets: f583 f597 f726
- f602
    - flags: bottom simplicial
    - normal:   -0.1088    0.992   0.0639
    - offset: -0.04553914
    - vertices: p995(v125) p898(v66) p52(v20)
    - neighboring facets: f407 f686 f604
- f604
    - flags: top simplicial
    - normal:   -0.1302   0.9884  0.07833
    - offset: -0.04441197
    - vertices: p995(v125) p898(v66) p156(v37)
    - neighboring facets: f287 f605 f602
- f605
    - flags: bottom simplicial
    - normal:    -0.147   0.9891 0.004214
    - offset: -0.04149851
    - vertices: p995(v125) p470(v68) p156(v37)
    - neighboring facets: f611 f604 f693
- f609
    - flags: top simplicial
    - normal:   -0.2087   0.9777 -0.02483
    - offset: -0.03975281
    - vertices: p313(v126) p609(v111) p933(v5)
    - neighboring facets: f531 f731 f610
- f610
    - flags: bottom simplicial
    - normal:   -0.1946   0.9808 -0.01175
    - offset: -0.03995019
    - vertices: p313(v126) p609(v111) p474(v93)
    - neighboring facets: f534 f613 f609
- f611
    - flags: top simplicial
    - normal:   -0.1617   0.9868 -8.485e-05
    - offset: -0.04082609
    - vertices: p313(v126) p470(v68) p156(v37)
    - neighboring facets: f605 f612 f695
- f612
    - flags: bottom simplicial
    - normal:   -0.1721   0.9851 0.0001562
    - offset: -0.04045383
    - vertices: p313(v126) p163(v112) p156(v37)
    - neighboring facets: f537 f611 f614
- f613
    - flags: bottom simplicial
    - normal:   -0.1822   0.9833 -0.001091
    - offset: -0.04012602
    - vertices: p313(v126) p474(v93) p438(v65)
    - neighboring facets: f438 f614 f610
- f614
    - flags: top simplicial
    - normal:    -0.182   0.9833 -0.001023
    - offset: -0.04013242
    - vertices: p313(v126) p163(v112) p438(v65)
    - neighboring facets: f537 f613 f612
- f615
    - flags: top simplicial
    - normal:  -0.06767   0.9977 0.001605
    - offset: -0.0487398
    - vertices: p351(v127) p579(v53) p52(v20)
    - neighboring facets: f409 f682 f704
- f624
    - flags: top simplicial
    - normal:  -0.01259   0.9999 -0.0004752
    - offset: -0.05736406
    - vertices: p519(v129) p595(v91) p683(v63)
    - neighboring facets: f423 f626 f628
- f625
    - flags: top simplicial
    - normal:  -0.01336   0.9999 0.001517
    - offset: -0.05723484
    - vertices: p519(v129) p73(v88) p861(v36)
    - neighboring facets: f404 f701 f626
- f626
    - flags: bottom simplicial
    - normal:  -0.01259   0.9999 -0.0001851
    - offset: -0.0573631
    - vertices: p519(v129) p73(v88) p683(v63)
    - neighboring facets: f423 f624 f625
- f627
    - flags: top simplicial
    - normal:  -0.05171   0.9985 -0.01932
    - offset: -0.05141949
    - vertices: p706(v130) p665(v110) p346(v92)
    - neighboring facets: f681 f690 f629
- f628
    - flags: bottom simplicial
    - normal:  -0.03091   0.9994 -0.01772
    - offset: -0.05442751
    - vertices: p706(v130) p519(v129) p595(v91)
    - neighboring facets: f624 f630 f629
- f629
    - flags: top simplicial
    - normal:   -0.0317   0.9993 -0.01736
    - offset: -0.05429912
    - vertices: p706(v130) p519(v129) p665(v110)
    - neighboring facets: f702 f627 f628
- f630
    - flags: bottom simplicial
    - normal:  -0.02266   0.9721  -0.2334
    - offset: -0.0620675
    - vertices: p706(v130) p595(v91) p908(v17)
    - neighboring facets: f651 f706 f628
- f636
    - flags: bottom simplicial
    - normal:   -0.1759  -0.9844 0.004974
    - offset: -0.03975958
    - vertices: p882(v131) p779(v79) p500(v73)
    - neighboring facets: f358 f637 f638
- f637
    - flags: top simplicial
    - normal:   -0.1754  -0.9845 4.795e-05
    - offset: -0.03999774
    - vertices: p882(v131) p789(v115) p500(v73)
    - neighboring facets: f549 f636 f638
- f638
    - flags: bottom simplicial
    - normal:   -0.1748  -0.9846 0.005163
    - offset: -0.03976208
    - vertices: p882(v131) p789(v115) p779(v79)
    - neighboring facets: f548 f636 f637
- f643
    - flags: top simplicial
    - normal:  -0.00577   0.2658   -0.964
    - offset: -0.05924717
    - vertices: p424(v132) p948(v113) p128(v76)
    - neighboring facets: f540 f645 f644
- f644
    - flags: bottom simplicial
    - normal:  -0.008031   0.2711  -0.9625
    - offset: -0.0590462
    - vertices: p424(v132) p948(v113) p873(v98)
    - neighboring facets: f541 f713 f643
- f645
    - flags: bottom simplicial
    - normal:   0.05715   0.3723  -0.9264
    - offset: -0.07397723
    - vertices: p424(v132) p624(v102) p128(v76)
    - neighboring facets: f479 f643 f646
- f646
    - flags: bottom simplicial
    - normal:   0.04903   0.6343  -0.7715
    - offset: -0.07844487
    - vertices: p424(v132) p881(v116) p624(v102)
    - neighboring facets: f650 f645 f709
- f647
    - flags: top simplicial
    - normal:    0.0931   0.8687  -0.4866
    - offset: -0.09015349
    - vertices: p170(v133) p413(v117) p330(v95)
    - neighboring facets: f562 f654 f648
- f648
    - flags: bottom simplicial
    - normal:   0.07792    0.725  -0.6843
    - offset: -0.08549422
    - vertices: p170(v133) p413(v117) p624(v102)
    - neighboring facets: f655 f650 f647
- f650
    - flags: top simplicial
    - normal:   0.05546   0.7384  -0.6721
    - offset: -0.08063049
    - vertices: p170(v133) p881(v116) p624(v102)
    - neighboring facets: f646 f648 f711
- f651
    - flags: top simplicial
    - normal:   0.03087   0.9949 -0.09562
    - offset: -0.06880152
    - vertices: p170(v133) p595(v91) p908(v17)
    - neighboring facets: f630 f710 f652
- f652
    - flags: bottom simplicial
    - normal:   0.03261   0.9989 -0.03415
    - offset: -0.0671803
    - vertices: p170(v133) p595(v91) p828(v54)
    - neighboring facets: f425 f653 f651
- f653
    - flags: bottom simplicial
    - normal:   0.05661   0.9973 -0.04578
    - offset: -0.0730727
    - vertices: p170(v133) p828(v54) p770(v32)
    - neighboring facets: f508 f654 f652
- f654
    - flags: top simplicial
    - normal:   0.06225   0.9968 -0.05082
    - offset: -0.07452672
    - vertices: p170(v133) p330(v95) p770(v32)
    - neighboring facets: f586 f653 f647
- f655
    - flags: top simplicial
    - normal:    0.1042   0.4651  -0.8791
    - offset: -0.08699013
    - vertices: p508(v134) p413(v117) p624(v102)
    - neighboring facets: f648 f659 f657
- f656
    - flags: bottom simplicial
    - normal:    0.1214   0.4622  -0.8784
    - offset: -0.09193631
    - vertices: p508(v134) p705(v83) p536(v19)
    - neighboring facets: f496 f658 f657
- f657
    - flags: bottom simplicial
    - normal:    0.1211   0.4635  -0.8778
    - offset: -0.09186445
    - vertices: p508(v134) p413(v117) p705(v83)
    - neighboring facets: f593 f656 f655
- f658
    - flags: top simplicial
    - normal:   0.07963    0.139  -0.9871
    - offset: -0.07128707
    - vertices: p508(v134) p211(v96) p536(v19)
    - neighboring facets: f451 f656 f659
- f659
    - flags: top simplicial
    - normal:   0.07619   0.2532  -0.9644
    - offset: -0.07387749
    - vertices: p508(v134) p624(v102) p211(v96)
    - neighboring facets: f479 f658 f655
- f660
    - flags: top simplicial
    - normal:    0.1871   0.9718   0.1436
    - offset: -0.1151534
    - vertices: p198(v135) p452(v118) p895(v103)
    - neighboring facets: f566 f673 f663
- f661
    - flags: top simplicial
    - normal:    0.1724    0.985 0.0009356
    - offset: -0.1075114
    - vertices: p198(v135) p235(v123) p969(v106)
    - neighboring facets: f597 f662 f671
- f662
    - flags: top simplicial
    - normal:     0.199     0.98 -0.002713
    - offset: -0.1170788
    - vertices: p198(v135) p969(v106) p534(v85)
    - neighboring facets: f499 f663 f661
- f663
    - flags: bottom simplicial
    - normal:    0.2093   0.9778  0.00827
    - offset: -0.1209957
    - vertices: p198(v135) p452(v118) p534(v85)
    - neighboring facets: f568 f662 f660
- f669
    - flags: bottom simplicial
    - normal:    0.1267   0.9919 -1.299e-06
    - offset: -0.09199159
    - vertices: p790(v136) p687(v121) p856(v104)
    - neighboring facets: f588 f717 f722
- f671
    - flags: bottom simplicial
    - normal:    0.1652   0.9862 0.005242
    - offset: -0.1049811
    - vertices: p790(v136) p198(v135) p235(v123)
    - neighboring facets: f661 f724 f673
- f673
    - flags: top simplicial
    - normal:    0.1624   0.9831  0.08511
    - offset: -0.1053436
    - vertices: p790(v136) p198(v135) p895(v103)
    - neighboring facets: f660 f719 f671
- f674
    - flags: bottom simplicial
    - normal:   0.08877    0.996 -0.005617
    - offset: -0.08077585
    - vertices: p358(v137) p687(v121) p671(v119)
    - neighboring facets: f587 f676 f675
- f675
    - flags: top simplicial
    - normal:    0.1118   0.9937 -0.0004567
    - offset: -0.08756349
    - vertices: p358(v137) p687(v121) p692(v120)
    - neighboring facets: f588 f678 f674
- f676
    - flags: bottom simplicial
    - normal:   0.06869   0.9975  0.01404
    - offset: -0.07538909
    - vertices: p358(v137) p671(v119) p160(v107)
    - neighboring facets: f573 f677 f674
- f677
    - flags: bottom simplicial
    - normal:   0.06861   0.9966  0.04667
    - offset: -0.07606471
    - vertices: p358(v137) p160(v107) p488(v18)
    - neighboring facets: f504 f678 f676
- f678
    - flags: top simplicial
    - normal:   0.09611   0.9897   0.1064
    - offset: -0.08517736
    - vertices: p358(v137) p692(v120) p488(v18)
    - neighboring facets: f578 f677 f675
- f679
    - flags: bottom simplicial
    - normal:  -0.07459   0.9972 0.0002244
    - offset: -0.04781913
    - vertices: p323(v138) p846(v124) p52(v20)
    - neighboring facets: f684 f682 f728
- f681
    - flags: bottom simplicial
    - normal:  -0.06972   0.9976 -0.0005169
    - offset: -0.04847369
    - vertices: p323(v138) p665(v110) p346(v92)
    - neighboring facets: f627 f727 f683
- f682
    - flags: top simplicial
    - normal:  -0.06767   0.9977 0.001605
    - offset: -0.0487398
    - vertices: p323(v138) p351(v127) p52(v20)
    - neighboring facets: f615 f679 f683
- f683
    - flags: bottom simplicial
    - normal:  -0.06767   0.9977 0.001603
    - offset: -0.04874011
    - vertices: p323(v138) p351(v127) p665(v110)
    - neighboring facets: f700 f681 f682
- f684
    - flags: top simplicial
    - normal:  -0.07767    0.997 0.0009402
    - offset: -0.04745556
    - vertices: p214(v139) p846(v124) p52(v20)
    - neighboring facets: f679 f686 f685
- f685
    - flags: bottom simplicial
    - normal:  -0.09399   0.9956 -0.005926
    - offset: -0.04570229
    - vertices: p214(v139) p846(v124) p405(v109)
    - neighboring facets: f689 f687 f684
- f686
    - flags: bottom simplicial
    - normal:   -0.1068   0.9931  0.04861
    - offset: -0.04532565
    - vertices: p214(v139) p995(v125) p52(v20)
    - neighboring facets: f602 f684 f687
- f687
    - flags: top simplicial
    - normal:   -0.1179    0.993 0.002376
    - offset: -0.04344173
    - vertices: p214(v139) p995(v125) p405(v109)
    - neighboring facets: f694 f685 f686
- f689
    - flags: top simplicial
    - normal:  -0.09386   0.9956 -0.006501
    - offset: -0.04572732
    - vertices: p437(v140) p846(v124) p405(v109)
    - neighboring facets: f685 f697 f730
- f690
    - flags: top simplicial
    - normal:  -0.06696   0.9971 -0.03537
    - offset: -0.04972805
    - vertices: p437(v140) p706(v130) p346(v92)
    - neighboring facets: f627 f729 f739
- f693
    - flags: top simplicial
    - normal:   -0.1419   0.9899 -0.0004588
    - offset: -0.04172863
    - vertices: p543(v141) p995(v125) p470(v68)
    - neighboring facets: f605 f695 f694
- f694
    - flags: bottom simplicial
    - normal:    -0.118    0.993 0.002342
    - offset: -0.04343481
    - vertices: p543(v141) p995(v125) p405(v109)
    - neighboring facets: f687 f697 f693
- f695
    - flags: bottom simplicial
    - normal:   -0.1477    0.989 -0.006182
    - offset: -0.04146399
    - vertices: p543(v141) p313(v126) p470(v68)
    - neighboring facets: f611 f693 f732
- f697
    - flags: top simplicial
    - normal:  -0.09849   0.9946 -0.03145
    - offset: -0.04591396
    - vertices: p543(v141) p437(v140) p405(v109)
    - neighboring facets: f689 f694 f740
- f700
    - flags: top simplicial
    - normal:  -0.06766   0.9977 0.001603
    - offset: -0.04874053
    - vertices: p385(v142) p351(v127) p665(v110)
    - neighboring facets: f683 f702 f704
- f701
    - flags: top simplicial
    - normal:  -0.04247   0.9991 -0.001193
    - offset: -0.05250438
    - vertices: p385(v142) p519(v129) p861(v36)
    - neighboring facets: f625 f703 f702
- f702
    - flags: bottom simplicial
    - normal:  -0.04289   0.9991 -0.003007
    - offset: -0.0524398
    - vertices: p385(v142) p519(v129) p665(v110)
    - neighboring facets: f629 f700 f701
- f703
    - flags: bottom simplicial
    - normal:  -0.05347   0.9986 0.005492
    - offset: -0.0508687
    - vertices: p385(v142) p579(v53) p861(v36)
    - neighboring facets: f517 f701 f704
- f704
    - flags: bottom simplicial
    - normal:  -0.06765   0.9977 0.001609
    - offset: -0.04874305
    - vertices: p385(v142) p351(v127) p579(v53)
    - neighboring facets: f615 f703 f700
- f706
    - flags: bottom simplicial
    - normal:  -0.02247   0.9653  -0.2603
    - offset: -0.06269878
    - vertices: p885(v143) p706(v130) p908(v17)
    - neighboring facets: f630 f710 f743
- f707
    - flags: bottom simplicial
    - normal:   -0.0567   0.7636  -0.6432
    - offset: -0.0615867
    - vertices: p885(v143) p246(v114) p933(v5)
    - neighboring facets: f544 f742 f714
- f709
    - flags: top simplicial
    - normal:   0.02287    0.748  -0.6633
    - offset: -0.0743992
    - vertices: p885(v143) p424(v132) p881(v116)
    - neighboring facets: f646 f711 f715
- f710
    - flags: top simplicial
    - normal:   0.03266   0.8009  -0.5979
    - offset: -0.07628679
    - vertices: p885(v143) p170(v133) p908(v17)
    - neighboring facets: f651 f706 f711
- f711
    - flags: bottom simplicial
    - normal:   0.03422   0.7868  -0.6163
    - offset: -0.07649733
    - vertices: p885(v143) p170(v133) p881(v116)
    - neighboring facets: f650 f709 f710
- f712
    - flags: top simplicial
    - normal:  -0.02365   0.6067  -0.7946
    - offset: -0.06536908
    - vertices: p66(v144) p246(v114) p873(v98)
    - neighboring facets: f544 f713 f714
- f713
    - flags: bottom simplicial
    - normal:  -0.01276   0.3857  -0.9225
    - offset: -0.06213672
    - vertices: p66(v144) p424(v132) p873(v98)
    - neighboring facets: f644 f712 f715
- f714
    - flags: top simplicial
    - normal:   -0.0225   0.6983  -0.7155
    - offset: -0.06638736
    - vertices: p66(v144) p885(v143) p246(v114)
    - neighboring facets: f707 f712 f715
- f715
    - flags: bottom simplicial
    - normal:  -0.02118   0.6987  -0.7151
    - offset: -0.06661024
    - vertices: p66(v144) p885(v143) p424(v132)
    - neighboring facets: f709 f713 f714
- f716
    - flags: top simplicial
    - normal:    0.1267   0.9919 1.363e-06
    - offset: -0.09199088
    - vertices: p728(v145) p692(v120) p856(v104)
    - neighboring facets: f588 f717 f718
- f717
    - flags: bottom simplicial
    - normal:    0.1267   0.9919 -8.352e-07
    - offset: -0.09199151
    - vertices: p728(v145) p790(v136) p856(v104)
    - neighboring facets: f669 f716 f719
- f718
    - flags: bottom simplicial
    - normal:    0.1415   0.9816   0.1283
    - offset: -0.09901357
    - vertices: p728(v145) p692(v120) p895(v103)
    - neighboring facets: f578 f719 f716
- f719
    - flags: top simplicial
    - normal:     0.145   0.9829   0.1133
    - offset: -0.09991976
    - vertices: p728(v145) p790(v136) p895(v103)
    - neighboring facets: f673 f718 f717
- f720
    - flags: top simplicial
    - normal:    0.1267   0.9919 -7.927e-06
    - offset: -0.09199301
    - vertices: p349(v146) p687(v121) p768(v84)
    - neighboring facets: f725 f721 f722
- f721
    - flags: bottom simplicial
    - normal:    0.1267   0.9919 -4.042e-06
    - offset: -0.09199302
    - vertices: p349(v146) p790(v136) p768(v84)
    - neighboring facets: f735 f720 f722
- f722
    - flags: top simplicial
    - normal:    0.1267   0.9919 -2.544e-06
    - offset: -0.09199197
    - vertices: p349(v146) p790(v136) p687(v121)
    - neighboring facets: f669 f720 f721
- f724
    - flags: bottom simplicial
    - normal:    0.1561   0.9877 0.002322
    - offset: -0.1018803
    - vertices: p725(v147) p790(v136) p235(v123)
    - neighboring facets: f671 f726 f737
- f725
    - flags: bottom simplicial
    - normal:      0.13   0.9915 -0.007522
    - offset: -0.09311747
    - vertices: p725(v147) p687(v121) p768(v84)
    - neighboring facets: f720 f736 f726
- f726
    - flags: bottom simplicial
    - normal:    0.1335   0.9909 -0.01887
    - offset: -0.09435957
    - vertices: p725(v147) p235(v123) p687(v121)
    - neighboring facets: f598 f725 f724
- f727
    - flags: bottom simplicial
    - normal:   -0.0736   0.9973 -0.001173
    - offset: -0.04795767
    - vertices: p273(v148) p323(v138) p346(v92)
    - neighboring facets: f681 f729 f728
- f728
    - flags: top simplicial
    - normal:  -0.07362   0.9973 -0.001166
    - offset: -0.04795458
    - vertices: p273(v148) p323(v138) p846(v124)
    - neighboring facets: f679 f730 f727
- f729
    - flags: top simplicial
    - normal:  -0.07393   0.9973 -0.002066
    - offset: -0.0479358
    - vertices: p273(v148) p437(v140) p346(v92)
    - neighboring facets: f690 f727 f730
- f730
    - flags: bottom simplicial
    - normal:  -0.07394   0.9973 -0.002053
    - offset: -0.04793432
    - vertices: p273(v148) p437(v140) p846(v124)
    - neighboring facets: f689 f728 f729
- f731
    - flags: top simplicial
    - normal:   -0.1739    0.982  -0.0739
    - offset: -0.04215721
    - vertices: p666(v149) p313(v126) p933(v5)
    - neighboring facets: f609 f741 f732
- f732
    - flags: top simplicial
    - normal:   -0.1516   0.9879 -0.03389
    - offset: -0.04201268
    - vertices: p666(v149) p543(v141) p313(v126)
    - neighboring facets: f695 f731 f738
- f735
    - flags: top simplicial
    - normal:    0.1267   0.9919 -4.552e-06
    - offset: -0.09200847
    - vertices: p803(v150) p790(v136) p768(v84)
    - neighboring facets: f721 f736 f737
- f736
    - flags: bottom simplicial
    - normal:    0.1377   0.9905 -0.0005408
    - offset: -0.09568099
    - vertices: p803(v150) p725(v147) p768(v84)
    - neighboring facets: f725 f735 f737
- f737
    - flags: top simplicial
    - normal:    0.1426   0.9898 0.0004706
    - offset: -0.09731737
    - vertices: p803(v150) p725(v147) p790(v136)
    - neighboring facets: f724 f735 f736
- f738
    - flags: bottom simplicial
    - normal:   -0.1361   0.9871 -0.08382
    - offset: -0.04461315
    - vertices: p3(v151) p666(v149) p543(v141)
    - neighboring facets: f732 f740 f741
- f739
    - flags: bottom simplicial
    - normal:  -0.08759   0.9868  -0.1363
    - offset: -0.04989238
    - vertices: p3(v151) p437(v140) p706(v130)
    - neighboring facets: f690 f743 f740
- f740
    - flags: bottom simplicial
    - normal:  -0.09692   0.9918 -0.08303
    - offset: -0.04750346
    - vertices: p3(v151) p543(v141) p437(v140)
    - neighboring facets: f697 f739 f738
- f741
    - flags: top simplicial
    - normal:   -0.1332   0.9622  -0.2376
    - offset: -0.04933785
    - vertices: p3(v151) p666(v149) p933(v5)
    - neighboring facets: f731 f742 f738
- f742
    - flags: bottom simplicial
    - normal:  -0.07727   0.8733  -0.4811
    - offset: -0.05778256
    - vertices: p3(v151) p885(v143) p933(v5)
    - neighboring facets: f707 f741 f743
- f743
    - flags: top simplicial
    - normal:  -0.07694   0.8915  -0.4464
    - offset: -0.05743437
    - vertices: p3(v151) p885(v143) p706(v130)
    - neighboring facets: f706 f739 f742
