3
1000 268 402
0.335777 -0.0142285 -0.0344411 
0.203448 0.0404311 0.0489972 
0.331577 0.0496644 -0.0189031 
0.161624 0.00572879 -0.0406637 
0.147834 0.0123698 -0.045 
0.181643 0.009551769999999999 0.0466978 
0.056635 0.00106941 -0.00534141 
0.112211 -0.0323794 -0.0475268 
0.177492 -0.0139172 -0.00539886 
0.251448 -0.0140179 -0.00826939 
0.104537 -0.00189973 -0.0137782 
0.126535 0.007646 0.0135793 
-0.00481853 -0.033349 -0.0470879 
0.15093 0.00606929 -0.0458 
0.148153 0.00194463 -0.0212683 
0.208457 -0.00612415 0.0159561 
0.0533051 -0.00318889 0.0454202 
0.305709 0.0489765 -0.0370936 
0.168724 0.0147175 -0.00261649 
0.0706904 0.0489455 -0.0167161 
0.138802 0.00749889 0.0337474 
0.152702 0.00557198 -0.0153266 
0.186994 0.0018422 -0.008329090000000001 
0.294565 -0.0306424 0.0013826 
0.364419 -0.0154092 -0.0336031 
-0.009685600000000001 -0.0324037 0.0492432 
0.205619 -0.017303 0.0499555 
0.188606 0.00375278 -0.045 
0.437168 -0.0218772 0.0129027 
0.257027 -0.0148731 0.0102179 
-0.0336642 0.0186604 0.00973006 
0.0764485 0.0517612 -0.039917 
0.122335 -0.0397786 -0.0465 
0.261323 -0.0111988 0.0405623 
0.201435 -0.0132219 -0.0110105 
0.247385 0.0564981 -0.0120506 
0.395515 -0.0349009 0.0109107 
0.130688 -0.002 0.0483961 
0.137431 -0.00985955 0.00140577 
0.143106 -0.00723149 -0.0128175 
0.298575 -0.00140217 -0.0374997 
0.107414 -0.008579369999999999 0.00118656 
0.119155 0.0213554 0.0101238 
0.121502 -0.007909660000000001 -0.016514 
0.328378 -0.0308212 0.00203246 
-0.0102207 -0.0332901  0.045 
0.411291 -0.0150458 0.0315066 
0.167734 -0.00765473 -0.0243515 
0.148514 -0.0181323 -0.00693109 
-0.0037934 0.0206342 0.0491674 
0.125915 0.00364502 0.0465 
0.102549 -0.0413041 -0.045 
0.150368 0.00319439 -0.0476905 
0.0555754 -0.0242148 0.0164019 
-0.0236975 0.0210442 -0.0465 
0.154194 0.0246574 0.0119948 
0.330378 -0.0281309 0.00680308 
0.16233 -0.00741335 -0.0345 
0.37356 0.0429213 -0.0186122 
0.336039 -0.0176132 -0.0344195 
0.230183 -0.0184864 -0.0481394 
 0.145 0.000251655 0.0461424 
0.129824 -0.010247 -0.0126041 
0.123641 0.0568174 0.00707935 
0.0423824 -0.047713 -0.0499007 
0.155021 0.0119285 -0.0522861 
0.244003 -0.011847 0.0059409 
0.160292 0.0574768 -0.0188334 
0.135004 0.0415063  -0.05 
0.157642 -0.00867533 0.0263758 
0.132187 0.0303482 0.0243548 
-0.0336186 -0.0129906  -0.05 
0.224722 0.0560891 -0.0219529 
0.21877 0.0561913 0.0356416 
0.0950375 0.0202474 -0.0465 
0.139585 -0.009459459999999999 -0.0338957 
0.4233 -0.00637588  -0.03 
0.115578 -0.00559264 -0.0156893 
0.133797 -0.00629979 -0.00670395 
0.131735 0.00735697 -0.0076933 
0.14806 -0.0401193 0.0465 
0.366333 0.0397039 -0.0122987 
0.429579 -0.0310347  0.011 
-0.0205739 0.0287979 -0.0172796 
0.282736 0.0539258 -0.0127278 
0.422666 -0.046846 -0.00344486 
0.126373 0.0368934 -0.045 
0.0703964 0.0485779 -0.016477 
0.117624 0.0521415 0.0354437 
0.316847 0.014118 0.0375142 
0.380845 0.00543086 0.0322527 
0.150303 0.0106852 -0.0441538 
0.319979 0.0511721 0.00834035 
0.332769 -0.0306461 -0.00858518 
0.120623 0.0389927 0.00104781 
-0.0349778 0.0193885 -0.0254266 
0.06662120000000001 0.00216869 -0.0522982 
0.0458825 0.0167025 0.0497049 
0.116259 -0.00654568 0.00224048 
0.160984 0.0113533 -0.013941 
0.15041 0.0189509 -0.0180913 
0.12583 -0.0223636 0.0240868 
0.0280872 -0.0445669  0.045 
0.00321147 -0.0253509 0.0477629 
 0.175 -0.00101554 0.0492067 
0.112277 -0.00983796 -0.0207105 
0.123101 -0.008506659999999999 0.0162182 
0.137367 0.00448378 0.0173405 
0.146426 0.0110426 -0.0306304 
0.176098 -0.00894531  -0.05 
0.21212 -0.0126105 -0.0464713 
0.271405 -0.00722468 -0.0039528 
0.118539 0.0277549 -0.0465 
0.100676 0.00465292 -0.0164121 
0.399764 -0.0216484 0.00543401 
0.380556 -0.0372371 0.00374118 
-0.0372932 0.014411 -0.0159986 
0.147823 -0.0233406 -0.0256328 
0.353085 0.0266918 0.034535 
0.0510946 -0.0427829 0.0466429 
0.316083 0.00405137 -0.0375771 
0.0305902 0.00312752 -0.0505074 
0.391749 0.0395465 0.0189655 
0.140014 -0.00119131  -0.05 
0.115325 0.0180872 -0.0322858 
0.172817 -0.0158432 0.00420048 
0.135975 -0.0206371 -0.00474045 
0.0392051 0.00286045 -0.0467734 
0.157157 -0.00200878 -0.0219787 
0.152974 -0.0149285 0.0218332 
0.163175 0.0050712 0.0210327 
0.0575605 -0.0472118   0.05 
0.118849 0.0190485 0.009630619999999999 
0.367205 0.0440818 0.00661609 
0.131092 0.0541198 0.0340001 
0.0336401 -0.0121853 0.0517367 
0.116343  -0.05 -0.0466074 
0.153835 0.0373407  0.045 
0.233968 -0.00496457 -0.0172054 
0.18429 0.0391469  0.045 
0.199307 -0.00176572 -0.0130519 
0.146211 0.0342698 0.00826412 
0.156733 0.0326139 0.00122711 
0.276555 0.0518535 0.0104414 
0.167539 -0.0460598 -0.045 
0.00365382 0.0324992 -0.045 
0.00266211 0.0412504 -0.0356683 
0.211558 0.0371111 0.0446537 
0.295553 -0.0130389 -0.00345668 
0.248877 -0.00680749 0.0124442 
0.222648 -0.0059637 -0.0156647 
0.118721 0.0142838 -0.00784234 
0.122122 -0.00188837 0.00582108 
0.0247555 0.0438342 -0.0424941 
0.36339 -0.009798680000000001 -0.0321709 
0.415362 0.0142434 -0.0323291 
0.139319 0.014028 0.0134063 
0.146075 -0.0137087 -0.0181064 
0.150684 0.0283571 -0.045 
0.144962 0.0351623 -0.00257191 
0.320883 0.0361437 0.0367242 
0.208816 0.0436272 -0.0448202 
0.0168467 -0.0362315 -0.0465441 
0.138643 0.0182128 0.008554900000000001 
0.331375 0.0333815 -0.0382586 
0.10929 0.0545072 0.00406033 
0.326521 0.0321305 0.0367189 
0.152726 0.0572225 -0.027528 
0.200574 -0.00907322 -0.00773572 
0.0337018 0.0468171 0.00508322 
0.0578312 0.00151938 0.0421776 
0.134108 0.0171627 0.0159596 
0.0358677 -0.0229197 0.0432566 
0.076225 -0.00744442   0.05 
0.193889 -0.0312409 0.0499134 
0.129922 0.00838824 0.0189527 
0.102718 -0.0184995 -0.00111913 
0.120464 -0.0447822  -0.05 
0.327962 0.0438799 0.0369759 
0.328401 -0.000481812 -0.037515 
0.153446 -0.0124376 -0.0267408 
0.103732 -0.00655762 0.0182335 
0.375006 -0.0169802 -0.000955974 
0.12976 -0.0292947 -0.009531680000000001 
0.165264 0.0211452 0.00496955 
0.323727 0.00426411 0.0369486 
0.152456 -0.0200883 -0.0509881 
0.141828 -0.0271414 0.0127106 
0.282215 0.0235845 -0.0419395 
0.190776 -0.00454792 -0.0159341 
0.146633 -0.0225799 0.00166634 
0.24154 -0.00323499 -0.0139748 
0.187136 0.00749859 -0.0114369 
0.241724 -0.009168300000000001 0.00108941 
0.422165 -0.0499327 0.000917992 
0.152053 0.00852413 -0.0242522 
0.178204 0.00432411 -0.0111508 
0.164699 -0.023376 0.0466711 
0.10611 0.043588 0.0448208 
0.313322 0.0520374 0.0173445 
0.104017 -0.0109304 0.0262565 
0.136689 0.00334899 -0.0189289 
0.114551 -0.0103228  0.045 
0.044263 0.0469255 0.010468 
0.40043 -0.0138773   0.03 
0.354425 0.0257419 0.0329079 
0.183303 -0.0189438 0.0087241 
0.246292 -0.0106936 -0.0103973 
0.0786862 0.0357741 -0.045 
0.0947069 -0.00814249  0.045 
0.00663156 -0.0326301 0.0490578 
0.186443 -0.00214517 0.0474582 
0.126551 -0.0449796  -0.05 
0.177388 -0.0223713 -0.00118037 
0.142139 0.00449743 0.00451169 
0.27588 0.0531632 -0.0374322 
0.117548 0.0311802 0.0267262 
0.174621 -0.0022535 -0.00871217 
0.0511674 -0.000644401 0.0397399 
0.120779 0.027766 -0.0465 
0.16014 -0.00767962 -0.0419184 
0.127181 -0.0499223 -0.045236 
0.281591 -0.023596 -0.038896 
0.248857 0.0415098 0.046604 
0.111286 0.0308477 0.0261679 
0.271682 0.00410874 -0.0397106 
0.107314 -0.0115028 -0.0309717 
0.157791 0.0213522 -0.0158882 
0.00115941 0.0409272 0.00777903 
0.413557 -0.019 -0.0333497 
0.438415 -0.0500946 0.0148279 
0.170995 0.00458779 0.0146728 
0.377501 0.00474646 0.0325276 
0.139682 0.0102776 -0.0196014 
-0.00622895 0.0349599 0.00112811 
0.0524768 0.0451603 -0.038299 
0.142704 -0.0258294 -0.045 
0.372651 0.0235472 -0.0329264 
0.109786 0.0207044 -0.0105088 
0.166042 0.00662149 -0.0304959 
0.124951 0.0137362 -0.0332435 
-0.0331937 -0.0164304   0.05 
0.148862 -0.0119515 -0.00857759 
0.0489841 0.0491535 0.00476432 
0.143571 -0.0101971 -0.0102003 
0.152235 0.009898219999999999 -0.0167907 
0.244267 -0.008857769999999999 -0.00288417 
0.0632764 -0.0213045 -0.0411317 
0.278022 0.0557722 0.00526058 
0.165804 -0.00952181 -0.053 
0.0143088 0.0391623 0.0360672 
0.214003 0.0593049 -0.00305139 
0.202263 -0.00390656 -0.045 
0.106637 0.0371008 -0.045 
0.127712 0.022075 0.008171640000000001 
0.0719105 -0.024004 0.0526317 
0.109748 -0.0219263 0.0178152 
0.14975 0.00897568 -0.0383 
0.132676 0.0015741 0.0241056 
0.275679 -0.0245243 -0.00513858 
0.14307 0.0402831 0.0465019 
0.217849 5.25847e-05 -0.0035907 
0.121012 0.0326595 0.021131 
0.232244 0.0583238 -0.0347679 
0.146067 -0.0137687 -0.0186119 
0.06304700000000001 0.0127797 -0.045 
0.0400789 -0.0338314   0.05 
0.0131792 0.0432678 0.0306499 
0.24286 -0.02053 -0.0420802 
0.105303 0.0280179 -0.045 
0.296705 0.009959610000000001 0.0376534 
0.101693 0.0538151 -0.0186368 
0.305007 0.0423905 -0.0411863 
0.136647 0.00764014 -0.00212542 
0.162229 0.0146529 0.00578219 
0.145718 -0.0163955 0.0257972 
0.164853 -0.0157826 -0.039 
0.439528 0.0258664 0.028441 
0.305084 0.00500656 0.0384813 
0.126185 0.057015 0.0140671 
0.416769 -0.0135547 0.0315 
0.0491237 -0.0397877  0.045 
0.335249 0.0491872 -0.00188954 
-0.0161493 0.0285874 -0.0465935 
0.122257 -0.0105414 -0.0193886 
0.125289 -0.00568666 0.0141283 
0.363922 0.0432677 -0.00735735 
0.190235 0.0257584 0.0465 
0.248571 -0.0194649 0.00715223 
0.188571 -0.0153565 0.0109827 
0.126185 -0.00831056 -0.016733 
0.335701 -0.0208 0.0394642 
0.240886 0.0493428 -0.0405592 
0.0350677 -0.00675907 0.042397 
0.106206 0.00778267 -0.021713 
0.252686 0.0570426 0.0347365 
0.283742 0.0242645 0.0405788 
0.166595 -0.0115 0.0169435 
0.216937 0.0565242 -0.0421375 
0.119364 0.0115334 -0.0149322 
0.0514183 -0.00131496 -0.0104984 
0.226138 -0.0247415 0.00232434 
0.169239 0.0426357 0.0475115 
0.291479 0.0546532 0.0135096 
0.0286154 0.00856328   0.05 
0.15027 0.0203626 -0.0258081 
0.415221 0.0283175 -0.0261622 
0.0500762 0.0477933 -0.0193992 
0.207987 0.0594274 0.0334889 
0.100189 0.0159874 0.0465 
0.120445 0.0345913 0.0184703 
0.0561564 -0.0103508 -0.0293013 
0.0481956 -0.0092485 0.0198624 
0.110674 -0.0207225 0.00753724 
0.24006 0.0515558 -0.0444312 
-0.0232156 -0.032073 -0.0450632 
0.0214701 0.042387 0.0178139 
0.12846 0.020291 0.0321262 
0.135097 0.0152674 -0.0320154 
-0.0186259 -0.0215181  -0.05 
0.102275 -0.009676779999999999 -0.0108533 
0.173688 0.0058061 -0.0400605 
0.0420746 -0.0298585 -0.053 
0.152315 0.00153242 0.00592881 
0.0678356 -0.0235124 0.0431906 
0.17629 -0.0388965 -0.045 
0.313842 0.0482449 0.0359253 
0.298267 -0.0047895 0.0375249 
0.149055 -1.97697e-05 -0.0393215 
0.133068 0.0371222 -0.00728456 
0.0396613 -0.0024306  0.049 
0.152472 -0.000919457 0.0458 
0.401936 -0.0162753 -0.035 
0.29017 0.0451142 0.0421742 
-0.0394895 -0.0061489 -0.0476412 
0.272065 0.0562481 0.0267801 
0.137562 -0.007844769999999999 0.0104783 
0.145534 -8.56909e-05 -0.0438174 
0.232353 -0.008032910000000001 0.015776 
0.182755 0.00371914 0.0109368 
0.293232 -0.00380058 0.00315906 
0.385391 0.0147739 -0.0318789 
0.174907 -0.021973 0.00265371 
0.0367017 -0.00477903  0.049 
0.140646 0.0407456 0.0466666 
0.129605 0.0326948 -0.045 
0.189113 0.00213472 -0.000662201 
0.143756 -0.0240176 -0.0477018 
0.137571 0.0202146 0.0120969 
0.0510933 0.0464889 0.0405146 
0.119224 0.0104782 -0.0131326 
0.150239 0.003645 -0.0494603 
0.250151 -0.0110306 -0.0429977 
0.460687 0.00417 0.0325968 
0.0478512 -0.0174672 0.0234584 
0.323997 -0.0177585 -0.0369783 
0.0595918 -0.00516718 0.0374111 
0.260517 0.0258043 0.0406285 
0.266681 0.042467 -0.0412486 
0.116256 0.0230782 0.00725143 
0.252837 -0.0225736 0.005384 
0.13171 -0.0174678 -0.0465 
0.152135 0.0234186 -0.0187148 
0.125599 -0.0301632 -0.0465 
0.124704 -0.0135365 0.00573939 
0.209348 0.009886529999999999 -0.0497578 
0.131327 -0.0137231  0.045 
0.09409729999999999 0.00209233 -0.0476554 
0.237955 0.0584159 -0.00276851 
0.117966 0.0009978579999999999 -0.00624484 
0.378393 -0.0239952 -0.0103549 
0.187947 0.00346134 -0.016467 
0.201593 0.0594665 -0.0161572 
0.440192 -0.0412159 -0.011 
0.137546 0.000244517 -0.0120292 
0.148861 0.00933059 -0.039 
0.129048 -0.00583773 0.0325696 
0.150709 0.021203 -0.0256927 
0.350504 -0.0165056 -0.0332303 
0.149712 0.0136869 0.0158531 
0.299831 0.0159363 0.0373964 
0.29941 0.00426376 0.037431 
0.264211 0.0558624 0.035554 
0.207411 0.00968249 0.000710495 
0.27504 0.0553107 -0.0326359 
0.160411 -0.00346876 -0.00493247 
0.296128 0.0496139 0.0226816 
0.113266 0.0318782 -0.023219 
0.0269869 -0.00964565 -0.0480269 
0.127662 -0.00565852 -0.009431470000000001 
0.0796726 0.0265142 -0.045 
0.162059 0.0216896  -0.05 
0.350001 0.0455431 -0.017037 
0.446431 0.0225704 -0.0335194 
0.136241 -0.000493538 -0.0112259 
0.26954 -0.0196683 0.00913625 
0.437404 -0.0219597 0.0122861 
0.431832 -0.0272984  0.011 
0.0317181 -0.0300224 -0.045 
0.0473164 -0.0302271 0.0120172 
0.353272 -0.0187095 -0.0351493 
0.208754 0.0422938 -0.0497822 
0.125554 0.00496922 -0.0160153 
0.0687099 -0.00898242 -0.0412444 
0.0277766 -0.0176123   0.05 
0.202181 -0.00249599 0.00448941 
0.295696 -0.0119633 0.00488202 
0.264883 -0.0213063 0.0452864 
0.141609 -0.0111659 0.0244857 
0.183188 0.00429566 -0.00666413 
0.135812 0.0206757 0.0177095 
0.0381083 0.0069097   0.05 
 0.145 -0.000775974 -0.0486897 
0.0384974 -0.0235747 0.0476167 
0.0702031 -0.0170001 -0.0420174 
0.14397 -0.0120572 -0.00741281 
0.375114 -0.0280819 -0.00865665 
0.124775 -0.0269182 -0.0465 
0.0308659 0.0425355 -0.0340003 
0.106147 0.0223055 0.00371922 
0.186325 -0.007842699999999999 -0.0116503 
-0.0239431 0.0155004 0.0465 
0.156679 0.0588933 -0.0349907 
0.138564 0.037518 0.0028722 
0.162487 -0.00487198 -0.0272471 
0.413854 0.0309083 -0.0208859 
0.19364 -0.00458515 0.0179919 
0.19406 -0.0158991 -0.00728366 
0.0510107 0.0247469 -0.0465 
0.0227378 0.0161149 0.0454058 
0.153202 0.012969 -0.0407743 
0.165824 -0.0467831  -0.05 
0.044618 0.0182175   0.05 
0.208385 0.0571459 0.0271472 
0.116745 0.0190978 -0.0333966 
0.436017 0.00925758  -0.03 
0.438811 0.00335435  -0.03 
0.219969 -0.00387773 -0.00439573 
0.137958 -0.0023044 -0.0143785 
0.11094 0.0546575 -0.0156258 
0.0658123 0.00024109 0.0494679 
0.0597937 -0.0429125  -0.05 
0.181321 -0.0129086 4.17696e-05 
0.0665882 0.0499508 -0.0201377 
0.15876 0.0311324 0.009016039999999999 
0.000691337 0.0393692 0.0216925 
0.189871 0.0163441 -0.0465 
0.106012 0.00718306 0.0176969 
0.146131 -0.024555 0.00255537 
-0.0391667 -0.00446975 0.0498487 
0.37066 0.0423503 -0.0270272 
0.0168219 0.0175192  -0.05 
0.126498 0.0241213 0.00762683 
0.20956 -0.00813296 0.0447492 
0.103025 0.000533509 0.00389079 
0.346121 -0.0234146 -0.0113939 
0.139787 0.0301329 0.0469409 
0.226586 -0.025 -0.0439312 
0.178583 -0.0225017 -0.00168388 
0.294732 -0.0192205 0.00707154 
0.24159 -0.0149687 0.0437015 
0.0501929 -0.0397811 -0.045 
0.131863 0.020695 -0.0124752 
0.247298 -0.0187054 0.0128795 
-0.0322153 -0.00404724  0.045 
0.0879559 0.050075 -0.0448012 
0.149022 0.0110493 -0.0154633 
0.192736 0.0593616 -0.0271485 
0.0144571 0.0419687 0.0317685 
0.195278 -0.00646612 -0.0133214 
0.319623 0.0485996 0.0274743 
0.404276 0.0157059 -0.0333182 
0.156986 -0.0413996  0.045 
-0.031337 0.0247388 0.0490847 
0.134169 -0.00910045 -0.0123058 
0.07098359999999999 0.0193442 0.0465 
0.03453 -0.0150173 0.0406839 
0.0998286 -0.0198745 0.0274433 
0.116924 0.032896 -0.00169923 
0.117041 -0.0169508 -0.0102927 
0.236672 0.0428646 0.042589 
0.165743 -0.0101579 -0.0176719 
0.138288 -0.00321714 -0.0189492 
0.155744 0.0160629  -0.05 
0.42463 0.00593506  0.035 
0.275773 -0.000222407 -0.0410197 
0.09996190000000001 -0.0164822 -0.0272331 
0.151579 -0.0254432 -0.0144495 
0.133482 -0.0121588 -0.0116534 
0.104586 0.00757205 0.0229298 
-0.000771117 -0.0215455 0.0496392 
0.0505749 0.0489237 -0.0371538 
0.2258 0.0312378 0.0474219 
0.210267 0.0240155 -0.0497202 
0.353415 -0.00130007 -0.032991 
0.153639 -0.00991969 0.0211862 
0.346851 0.0473167 -0.0251294 
0.230222 -0.024882 -0.043309 
0.125656 -0.00203564 0.0128554 
0.117617 0.0564616 -0.0198089 
0.110331 -0.0162375 0.016585 
0.0801625 0.0530934 0.0122106 
0.444302 0.0112338  -0.03 
0.187897 0.0162793 0.00237864 
0.1133 0.0388464 -0.008760220000000001 
0.122408 -0.00510709 -0.0107973 
0.119676 0.008914689999999999 -0.0331939 
0.363494 0.0149444 -0.0321623 
0.0560868 -0.0304176  0.042 
0.287454 0.0260374 0.0399308 
0.0564541 -0.00324891 0.0054151 
0.143458 0.0153412 0.0299964 
0.125703 0.009808310000000001 0.01871 
0.272168 -0.0135174 0.0102884 
0.184731 -0.00680542  0.045 
0.14143 -0.0262584 -0.045 
0.400674 -0.0285047 -0.008055959999999999 
0.115325 0.0208462 0.0223093 
0.103873 0.00502278 0.015603 
0.449888 0.0145199 0.0307987 
0.269577 0.0372552 -0.0414006 
0.355976 0.0414868 -0.00661678 
0.266187 0.0403262 -0.0451793 
0.110813 0.0559824 -0.00753136 
0.0459273 -0.0387157 0.0491142 
0.110553 -0.000218319 -0.0353266 
0.306956 0.0528649 0.0160849 
0.151996 -0.00360832 -0.0173795 
0.115557 -0.0273834 -0.0141043 
0.164512 -0.0054245 -0.00349402 
0.21823 0.0242291 -0.0441052 
0.150422 -0.0144872 -0.0450934 
-0.0194908 0.0317033 0.0199006 
0.316335 0.0134937 -0.0360395 
0.120812 0.0224388 0.0108351 
0.142665 0.0567655 -0.0113084 
0.179095 -0.0161493 0.0162004 
0.305217 -0.00524958 -0.0369535 
0.10036 0.0131396 -0.00717939 
0.148919 -0.0204977 -0.0194402 
0.227427 0.0428948 0.0433491 
0.0593623 0.0391899 -0.0444799 
0.14637 -0.00402617 -0.0165194 
0.169663 -0.00454739 0.00387506 
-0.0236489 0.0206802 -0.045 
0.0109462 -0.0259541 -0.045 
0.12506 0.00760907 0.0134648 
0.304679 -0.0273537 -0.00315487 
0.375761 0.0371338 0.0324516 
0.160835 -0.00594141 0.0415752 
0.218111 0.00322657 0.0142432 
0.200211 0.0303069  0.045 
0.0210518 -0.00525763 -0.045 
0.188349 -0.0158229 0.00611961 
0.154768 0.0314178 0.00920839 
0.124341 -0.00401119 -0.045 
0.183667 -0.008405660000000001 0.0172039 
0.264917 0.0229166 -0.0417837 
0.12745 0.0171587 0.00218111 
0.116386  -0.05 0.0474691 
0.207609 0.00176838 0.0160435 
0.364236 0.044615 0.00118457 
0.355039 0.0447206 -0.0161249 
0.140286 0.0117556 0.00678881 
0.112474 0.0275687 -0.0271992 
0.07346750000000001 0.0495815 0.0431492 
0.417299 0.00723939  -0.03 
0.197153 0.008735 0.0118029 
0.180495 -0.00120427 -0.0518 
0.366998 0.00161143 -0.0318742 
0.149814 0.000735311 -0.0437838 
0.370245 0.042125 -0.00476741 
0.28086 0.0517821 -0.0384789 
0.378474 -0.0289163 0.011493 
0.189025 0.0579692 0.0192338 
0.164377 0.0194931 -0.00136463 
0.302958 -0.00898113 -0.0371393 
0.0533052 -0.0353708 0.0483965 
0.201965 0.0513615 0.0480581 
0.156946 -0.0101624 -0.0458 
0.157188 -0.0211777 0.0065 
0.0701898 -0.0329536 -0.0521465 
0.330498 -0.0128669 -0.036392 
0.023143 0.0339014 0.0498185 
0.368532 -0.0185907 -0.00708082 
0.147048 -0.00637567 0.0201129 
0.198919 -0.0223387 0.00560854 
0.112518 0.00631408 -0.0165851 
0.207956 0.0161482 0.044815 
0.243278 0.0236325 -0.0420459 
0.361385 0.0319321 -0.0322284 
0.216713 0.0271658 -0.0442299 
0.162414 -0.00627873 -0.0147512 
0.19046 0.007856790000000001 0.0465 
0.222355 0.0590944 0.0100261 
0.114238 0.0192743 0.0124476 
0.280713 -0.00618899 0.00306053 
0.319291 0.00566224 -0.0357965 
0.06931420000000001 -0.0118391 0.0418956 
0.228624 -0.0121958 0.0100071 
-0.0164525 0.0363519 -0.0451764 
0.187408 0.05933 0.0151763 
0.119734 -0.00180648 0.00710435 
0.27009 -0.0223042 -0.00715006 
0.0364268 -0.0227457 -0.042 
0.0478841 -0.0166806 0.0261738 
0.124315 0.0283888 -0.0252908 
0.120856 0.0176897 -0.0139808 
0.155599 0.0588487 -0.0291718 
0.126371 -0.0131167 -0.00125938 
0.19114 0.0593928 0.0239969 
0.282445 0.0325621 0.0403427 
0.173302 -0.00672508 -0.0432599 
-0.0339251 0.000584885 0.0478729 
0.137623 0.0124083 0.0331006 
0.106251 0.00304926 -0.0356967 
0.111843 0.014907 -0.0324054 
0.105394 -0.00998863 0.0075911 
0.174478 0.00103869 -0.0383431 
0.119649 0.0522281 -0.0166951 
0.23543 0.0523745 0.0428945 
 0.237 0.0411033 -0.042562 
-0.0270296 0.0294837 0.0037066 
0.161088 0.0554564 0.0419965 
0.309134 -0.0269796 -0.00482172 
0.43332 0.0288254 -0.0260076 
0.105061 -0.0401542  0.045 
0.392488 -0.0373805 0.009493440000000001 
0.108693 -0.0267321 -0.008726360000000001 
0.148314 0.0183732 -0.00519624 
0.257448 0.0173419 0.0423977 
0.108349 0.0167069 -0.00572337 
0.0982861 0.0271404 0.0465 
0.330399 0.0484729 -0.00179183 
0.142714 0.0259406 0.0487506 
0.0804805 -0.0025913 0.0468227 
0.426005 -0.0470744 -0.015 
0.0198511 -0.0229086 0.0465 
0.111508 0.0177011 -0.00340008 
0.249152 0.0551362 0.00673484 
0.0474486 -0.0270746 -0.0173 
0.439278 0.0073451 -0.035 
0.209798 -0.0263569 0.0497682 
0.266193 0.0541521 -0.0289836 
0.133617 0.0107256 0.0231145 
0.117382 0.00420238 0.0102565 
0.163261 0.0293593 0.00233949 
0.24564 0.0506886 0.0443979 
0.0251325 -0.0321115 -0.0465 
0.0560587 0.0403972 -0.0489683 
-0.0230935 0.0325127 0.0194366 
0.13245 0.0561702 -0.0281245 
0.252417 -0.00754176 -0.00937842 
0.149132 -0.0123277 0.00805258 
0.120602 0.00509621 -0.0359884 
0.201227 0.000538567 0.000252187 
0.06625399999999999 0.0387978 0.0495421 
0.406088 -0.00263738  -0.03 
0.155042 0.0539755 0.0436519 
0.403105 -0.0201319  -0.03 
-0.0159528 0.0209819 0.0466423 
0.108154 0.00725819 -0.0250159 
0.145911 -0.0140091 0.00773465 
0.178183 -0.0111275  -0.05 
0.270726 0.0186849 -0.0428338 
0.159568 0.0101364 -0.0468604 
0.165753 0.00155596 -0.048214 
0.151064 -0.0293199 0.0009935269999999999 
0.298386 0.0429919 -0.0417712 
0.150133 0.0168605 0.0150379 
0.0757033 0.049634 -0.0259798 
0.349632 0.03355 -0.0332728 
0.103445 -0.0282215 0.00224732 
0.107515 0.0158981 0.0348862 
0.0445931 -0.0148924 -0.0375802 
0.307888 0.0498462 0.0351577 
0.0576635 0.0153981 -0.045 
0.406842 0.008858639999999999 -0.0315 
0.121213 0.0254636 0.0124266 
0.108656 0.0526432 0.0207575 
0.0609764 -0.0415958   0.05 
0.0485354 -0.0346669 -0.04555 
0.10597 0.0473637 -0.0481773 
0.348239 0.0349703 -0.0365561 
0.155157 -0.02247 -0.0478925 
0.230857 -0.0131131 0.00981458 
0.324086 0.0318723 0.0354023 
0.133513 0.0551224 0.0370249 
0.322364 -0.00114768 -0.0355438 
0.213435 7.11016e-05 0.00770713 
0.328809 -0.010914 -0.001389 
0.123884 0.000680637 0.0337847 
0.10194 0.0464048 0.0467541 
0.170341 -0.00585856 0.0231948 
0.120275 -0.0136308 -0.009338300000000001 
0.133295 0.0141868 -0.0327279 
0.100281 0.0257865 -0.045 
0.159974 0.0282005  0.045 
0.118592 0.00571583 0.009809429999999999 
0.20508 -0.0058039 0.00849449 
0.06261129999999999 -0.0359799 0.0523731 
0.197009 0.0342787  0.045 
0.327867 0.0338437 -0.0387657 
0.443462 0.0126287  -0.03 
0.16425 0.0119716 0.009956929999999999 
0.0472494 0.00386279 0.0484404 
0.102272 0.00448389 -0.0116858 
-0.0131006 0.0205601 -0.045 
0.369156 -0.0264801 -0.0113945 
0.1848 -0.00633326 -0.0156067 
0.130719 -0.0493346 -0.045 
0.115899 -0.0145687 -0.00102568 
0.0780921 -0.00203705 0.0478138 
0.110359 -0.00653664 0.0465 
0.227344 0.00544056 0.0433559 
0.215661 0.0019589 0.0458333 
0.159511 0.0129341 -0.0523136 
0.279651 -0.0195217 0.00343722 
0.351232 0.0422985 0.00631258 
0.148909 -0.0244833 -0.0201039 
0.291452 0.0373149 0.0380852 
0.251805 0.055726 0.0351194 
0.0977582 0.0550049 -0.00511553 
0.0486266 0.00103459 0.00726581 
0.339023 -0.0311284 -0.00457278 
0.0371541 0.0403892 -0.045664 
0.124005 -0.0160518 -0.0465 
0.172367 0.0207175 -0.0427946 
0.0717805 0.0501003 0.0382528 
0.216814 -0.00196721 -0.0148868 
0.0831295 -0.0046659 -0.045 
0.334257 0.0479207 -0.0149894 
0.123029 0.0181595 0.0334448 
0.0804875 0.013428  0.045 
0.35992 -0.0306498 0.00767673 
0.05127 0.0494658 0.008027390000000001 
0.149057 -0.0140448 -0.0246323 
0.130424 0.0222736 -0.00518246 
0.424844 0.019585 -0.0316263 
0.322156 -0.0165066 0.0355609 
0.196272 -0.00929262 -0.0173721 
0.467258 0.00365357   0.03 
0.183962 0.0126346 -0.00281954 
0.108033 -0.00885526 -0.00867369 
0.127362 0.000292177  -0.05 
0.309159 0.0119871 0.0381464 
0.132603 0.0347501 -0.045 
0.279315 0.0534912 -0.0170747 
0.0840875 -0.020113 -0.045 
0.10938 -0.0208104 0.0303522 
0.385283 0.0328557 -0.0333555 
0.0940875 0.0418685 0.04956 
0.150958 0.0469113 -0.0493804 
0.100265 0.0200195 -0.0024235 
0.0569532 -0.00255192 -0.0336449 
0.200407 -0.0083185 0.00950492 
0.131972 0.0269927 -0.0465 
0.0362289 0.0472217 -0.0255775 
0.13734 -0.0103588 -0.0156501 
0.174502 -0.0031497 -0.00957385 
0.30556 -0.0200364 0.0369254 
0.139808 0.0323663 0.0205984 
0.138927 -0.008334390000000001 -0.045 
0.342206 0.024328 -0.0339125 
0.118819 -0.008419899999999999 -0.0331514 
0.289756 0.0548295 -0.0262316 
0.0127236 0.043196 0.0390946 
0.117044 0.0563545 0.00611809 
0.115466 0.0539744 0.0369306 
0.169424 -0.00573089 0.0331299 
0.320345 0.0433545 0.0371569 
0.444557 -0.030637  0.015 
0.20204 0.00557229 0.0113755 
0.1805 -0.00872361 0.000184774 
-0.00149927 0.0389569 0.009858509999999999 
0.14487 -0.0227893 -0.0137518 
0.138382 -0.0129887 0.00267427 
0.09806620000000001 -0.00249811 -0.0153638 
0.375456 0.00949701 0.0311789 
0.127338 0.00164733 -0.0246489 
0.126829 0.0117212 0.0128603 
0.181133 -0.0423468  0.045 
0.125242 0.0384817 -0.00777566 
0.158203 0.008343140000000001 0.0345 
0.2597 -0.0237125 0.0457126 
0.202691 -0.017274 0.0109855 
0.0566494 0.00141101 0.00268302 
-0.00179613 0.038901 0.00276835 
0.395867 -0.0179834 -0.035 
0.116064 0.0345472 0.0117374 
0.133873 0.0523853 0.0441732 
0.163144 -0.0184858 0.00156808 
0.139621 0.0216328 -0.00295035 
0.275864 -0.0111726 0.00239115 
0.189342 -0.0025404 0.00989889 
0.0281431 0.0205651 0.0480193 
0.154512 0.0270523 0.0069086 
0.105078 0.008305989999999999 0.0162516 
0.035822 0.00066027 -0.045 
0.187994 0.0308127  0.045 
0.333015 -0.0345281 0.00092389 
0.298816 0.0523881 -0.000729328 
0.424606 -0.0447331  0.015 
0.027807 0.0386007 0.0458976 
0.30905 -0.025 -0.0393015 
0.226038 0.0589822 0.0167996 
0.420931 0.0330325 -0.0241492 
0.273336 0.0156371 0.0438599 
0.132382 0.0193415 0.0140183 
0.163012 -0.00847527 -0.0261783 
0.145846 0.0543861 -0.0426492 
0.15049 0.0195542 -0.009072759999999999 
0.149411 0.0148946 0.00848664 
0.144103 0.0563133 0.00333034 
0.150541 0.0199337 -0.00759942 
0.13396 0.00175355 0.0193483 
0.387931 0.0233333 -0.0352249 
0.0697769 0.0157476  0.045 
0.129759 -0.0254405 0.0209194 
0.432334 -0.0238362  0.015 
0.122345 0.0311637 -0.0226672 
0.317807 0.0501647 -0.0124068 
0.255309 -0.00347549 -0.0057115 
0.1025 0.003042 0.00740166 
0.375017 -0.0187175 0.0312149 
0.203011 -0.0134001 -0.00749343 
0.227897 0.0546712 -0.0323024 
0.120388 0.0554038 0.0210694 
0.339435 0.0467614 0.0277001 
0.152254 -0.00199416 0.0399427 
0.200755 -0.00770051 -0.013266 
0.156523 0.057343 -0.0190882 
0.285048 0.0533014 0.0312772 
0.006058 -0.0417388 -0.0470521 
0.138577 0.0260606 -0.045 
0.0304193 -0.0225032  -0.05 
0.461668 -0.0189957 -0.035 
0.0987561 0.0010536 0.011581 
0.18292 0.00423626 -0.00677567 
0.0584528 0.0489442 -0.0144337 
0.0688493 -0.044 -0.0493827 
0.309364 0.0525519 0.0172211 
0.102028 0.0544472 0.0398376 
0.334729 -0.0217388 0.00859833 
0.312501 0.0216791 -0.0378715 
0.142634 0.0363637 -0.00342812 
0.240734 -0.0132332 0.00537784 
-0.0333086 0.0120546 0.0405546 
0.0288568 0.0116589 0.0465169 
0.0256673 0.027689   0.05 
0.096139 0.00274054 -0.045 
0.00249296 0.0397082 0.00265165 
0.118036 0.00117156 -0.045 
0.0985216 0.0550884 -0.0263366 
0.168561 0.0132878 0.0108801 
0.0550178 0.0499578 -0.0160668 
0.171659 0.054998 0.0431847 
0.03615 0.008640719999999999 0.0473269 
0.188688 0.054954 0.0456767 
0.355906 0.0445338 -0.00349079 
0.341164 -0.0161499 0.008369440000000001 
-0.00677721 0.0225472 0.0461626 
0.300961 0.0521611 0.0135336 
0.07011050000000001 -0.0345769 -0.0502514 
0.047585 -0.00243864 -0.0472708 
0.269261 0.00517481 -0.0399097 
0.124156 -0.00777586 0.0337766 
0.0621875 0.0463315 0.0123631 
0.154441 0.00600017 0.0345 
0.0106751 -0.0280844  0.045 
0.144914 0.0155422 0.0299414 
0.330258 0.0495325 -0.0266069 
0.00591825 0.0366885   0.05 
0.244061 -0.0104146 -0.00569914 
0.251946 0.0532851 -0.00174372 
0.134517 0.008122880000000001 -0.045 
0.417296 -0.0243355  -0.03 
0.138822 -0.0234999 -0.0181329 
0.300458 0.00288174 0.0373448 
0.0787934 0.0529559 0.0278479 
0.115257 -0.0288863 0.0476447 
0.138389 0.0265582 -0.0246402 
0.10955 -0.0221202 0.0134898 
0.113409 0.0323057 -0.0275996 
0.172586 0.0139537 0.00914652 
0.104644 0.0184334 0.00526112 
0.116457 0.00862713 0.00271816 
0.216681 0.0576949 0.0180387 
0.421258 -0.00283516 0.0315 
-0.00191516 -0.0342034 0.048405 
0.0387027 -0.0268213 -0.0463926 
0.141788 -0.0294187  0.045 
0.174773 0.0295882 0.0486892 
0.363573 0.0123497 -0.0371151 
0.09522609999999999 -0.0235666 0.0499809 
0.128375 0.00433535 0.008471060000000001 
0.23787 0.0477771 -0.044359 
0.134336 0.00873328 0.0202789 
0.148308 0.000442466 -0.0518 
0.183259 -0.0109502  0.045 
0.181354 -0.0182529 -0.00426088 
0.237438 -0.00279888 0.00724081 
0.349782 0.0471301 0.00884122 
0.0284356 0.0459543 0.0296784 
0.108043 0.00224331 0.0117339 
0.109874 -0.0388935 0.0465 
0.415251 -0.0345999 0.0109455 
0.0499558 0.0492916 0.0139704 
0.114088 0.0181416 0.00652305 
0.0309543 0.0303423 0.048521 
-0.0296674 0.0237123 -0.004 
0.181559 0.00215917 0.0193451 
0.126547 0.00595544 -0.0344663 
0.0456448 -0.0457868  -0.05 
0.214068 0.0577463 0.0200689 
0.238333 -0.0193314 -0.0132823 
0.295131 0.00379377 0.0392996 
0.143945 4.65655e-05 -0.00454405 
0.0403272 -0.009115969999999999 0.0488067 
0.348844 0.0316324 -0.0383836 
0.147348 -0.0187842 -0.045 
0.214322 0.0102041 -0.00490516 
0.185259 0.00724866 0.00717864 
0.153674 0.0207409 -0.00540577 
0.0382684 -0.0262708 0.0467418 
0.0397223 -0.000274831 0.047924 
0.0718893 0.0485377 -0.0228474 
0.163164 0.00507885 0.0202962 
0.188507 0.0593857 0.0238911 
0.114705 -0.015111 0.0261167 
0.134425 -0.0254799 0.0217009 
0.119335 0.000627796 -0.0341288 
0.151053 0.00326538 0.0317039 
0.0691981 -0.00127735 -0.0494933 
0.0799409 0.0512411 0.0301666 
0.439693 0.0261816 0.0285081 
0.354151 0.0418274 0.00649852 
0.185405 0.0147694 -0.000181612 
0.147203 0.0362944 0.0105738 
 0.145 0.00453342 -0.0452487 
0.124663 -0.0148491 -0.007983779999999999 
-0.0197506 0.008402959999999999 0.0453889 
0.10438 -0.00597295 -0.0187948 
0.119159 0.0354051 -0.0238229 
0.176323 0.00220007 -0.0152667 
0.314871 -0.00551766 -0.0361599 
0.16406 -0.00798715 -0.034679 
0.234319 0.0585887 0.00405678 
0.163027 -0.0027465 -0.0458319 
0.174755 -0.028028  -0.05 
0.119024 0.00593434 -0.0044596 
0.193155 -0.0121255 -0.0110089 
0.318944 0.0469417 -0.0168439 
0.118462 -0.0160813 -0.0113031 
0.139379 -0.0324222 0.008487720000000001 
0.0574885 -0.000857594 0.0473053 
0.327624 0.0501783 -0.000133504 
0.149774 -0.00863767 0.0268233 
0.315184 0.0517954 0.0052102 
0.315718 -0.0215277 -0.0411071 
0.165085 0.0193144 0.00270123 
0.119037 0.0382949 0.0078999 
0.273045 -0.0118184 0.0411155 
0.133217 -0.0122614 -0.0139228 
0.0721094 -0.00750753 0.0474598 
0.372705 0.0233206 0.0314051 
0.327124 -0.0170006 -0.0366693 
0.12791 0.0571259 -0.0157844 
0.118301 0.00352033 -0.0188628 
0.107716 0.0507885 0.0439458 
0.18811 -0.0141269 0.00421756 
0.0442575 -0.0236628 -0.0487531 
0.126283 0.0257838 0.0465 
0.417303 0.0327608 0.0278178 
0.27829 -0.0283761 0.00811272 
0.188372 -0.00328208  0.045 
0.145695 0.00393064 0.0319243 
0.1376 -0.0216048 -0.0221966 
0.185699 0.022641 -0.045 
0.136851 0.0357236 -0.0472809 
0.12654 -0.0113136 -0.0139828 
0.248419 0.0579186 -0.0289362 
0.151886 0.0586839 0.0302805 
0.18703 0.00651689 0.0149475 
0.135217 0.0263941 -0.0252305 
0.0589146 -0.0113429 0.0466625 
0.121988  0.002 -0.0480325 
0.158338 0.0552297 0.0444771 
0.119557 -0.0109314 -0.045 
0.437943 -0.00498296   0.03 
0.112635 -0.045672  -0.05 
0.412836 -0.0486636 0.00184258 
0.114037 0.00461315 -0.0300762 
0.158793 -0.0058499 0.027613 
0.389667 0.0353768 0.019521 
0.218888 -0.0100605 0.00513271 
0.0319271 0.0205798 -0.045 
-0.0299461 -0.0123727  0.045 
0.0994275 0.0536087 0.0104316 
0.0596472 -0.015694 0.0377129 
3 393 836 741 
3 600 95 334 
3 95 116 334 
3 116 95 473 
3 95 622 473 
3 622 95 600 
3 449 135 241 
3 449 116 473 
3 449 241 334 
3 116 449 334 
3 935 393 741 
3 241 315 334 
3 559 230 136 
3 836 230 741 
3 700 135 255 
3 135 700 241 
3 135 872 255 
3 872 449 473 
3 449 872 135 
3 766 872 473 
3 642 26 223 
3 26 1 223 
3 26 642 255 
3 1 26 255 
3 853 722 879 
3 622 650 473 
3 650 766 473 
3 650 622 600 
3 315 45 833 
3 45 315 241 
3 353 642 223 
3 353 935 741 
3 230 353 741 
3 353 291 642 
3 291 353 230 
3 131 174 559 
3 700 174 131 
3 642 174 255 
3 174 700 255 
3 174 230 559 
3 291 174 642 
3 174 291 230 
3 751 1 255 
3 872 751 255 
3 31 422 853 
3 228 650 600 
3 650 228 766 
3 987 308 858 
3 308 987 982 
3 872 987 858 
3 565 872 766 
3 565 987 872 
3 935 625 393 
3 625 806 393 
3 806 625 935 
3 122 902 133 
3 806 58 496 
3 58 902 496 
3 58 122 133 
3 122 58 806 
3 1 578 223 
3 751 578 1 
3 578 872 858 
3 578 751 872 
3 928 308 982 
3 422 928 982 
3 263 422 298 
3 806 450 393 
3 450 17 393 
3 450 806 496 
3 902 2 496 
3 283 649 600 
3 649 283 451 
3 465 422 31 
3 649 465 600 
3 64 559 136 
3 64 131 559 
3 96 649 451 
3 315 71 334 
3 283 71 451 
3 71 96 451 
3 96 71 322 
3 45 102 833 
3 102 64 833 
3 64 102 131 
3 25 45 241 
3 700 25 241 
3 25 700 131 
3 102 25 131 
3 25 102 45 
3 373 230 836 
3 636 373 836 
3 373 636 230 
3 230 194 136 
3 194 636 136 
3 636 194 230 
3 279 982 879 
3 722 279 879 
3 146 228 600 
3 228 146 766 
3 422 499 853 
3 499 967 982 
3 279 499 982 
3 967 608 982 
3 608 422 982 
3 499 608 967 
3 608 499 422 
3 842 766 879 
3 842 565 766 
3 982 842 879 
3 987 842 982 
3 565 842 987 
3 973 806 935 
3 973 122 806 
3 178 973 935 
3 973 178 326 
3 902 561 133 
3 561 58 133 
3 58 561 902 
3 333 178 935 
3 333 353 223 
3 578 333 223 
3 178 333 326 
3 308 610 372 
3 610 928 372 
3 928 610 308 
3 308 295 858 
3 295 382 858 
3 122 199 902 
3 467 263 372 
3 263 467 422 
3 928 467 372 
3 467 928 422 
3 981 384 765 
3 384 981 263 
3 871 384 17 
3 871 450 496 
3 450 871 17 
3 384 871 765 
3 2 871 496 
3 871 2 765 
3 215 572 17 
3 384 215 17 
3 572 215 298 
3 215 263 298 
3 215 384 263 
3 54 600 334 
3 54 283 600 
3 71 54 334 
3 54 71 283 
3 682 752 298 
3 682 649 752 
3 682 465 649 
3 465 153 600 
3 153 465 31 
3 153 146 600 
3 752 314 298 
3 401 314 752 
3 314 572 298 
3 572 314 17 
3 393 641 836 
3 641 401 836 
3 401 641 393 
3 401 249 836 
3 249 401 716 
3 96 249 716 
3 249 96 322 
3 64 431 322 
3 431 249 322 
3 431 64 136 
3 249 431 836 
3 636 431 136 
3 431 636 836 
3 649 68 752 
3 96 68 649 
3 68 96 716 
3 401 68 716 
3 68 401 752 
3 319 64 322 
3 71 319 322 
3 64 319 833 
3 319 315 833 
3 319 71 315 
3 766 903 879 
3 903 907 879 
3 501 853 879 
3 855 501 879 
3 501 855 853 
3 907 735 879 
3 735 855 879 
3 855 735 907 
3 491 31 853 
3 855 491 853 
3 491 153 31 
3 153 491 146 
3 523 279 722 
3 523 499 279 
3 523 722 853 
3 499 523 853 
3 353 519 935 
3 519 333 935 
3 333 519 353 
3 647 333 578 
3 647 578 858 
3 382 647 858 
3 333 647 326 
3 295 335 382 
3 335 765 303 
3 282 2 902 
3 199 282 902 
3 282 958 2 
3 675 973 326 
3 647 675 326 
3 675 647 382 
3 810 682 298 
3 682 810 465 
3 422 810 298 
3 465 810 422 
3 17 668 393 
3 314 668 17 
3 668 401 393 
3 668 314 401 
3 146 267 766 
3 267 903 766 
3 903 169 907 
3 491 757 146 
3 757 491 855 
3 757 169 903 
3 757 267 146 
3 267 757 903 
3 335 841 199 
3 248 981 765 
3 335 248 765 
3 248 335 981 
3 828 199 122 
3 973 828 122 
3 675 828 973 
3 828 335 199 
3 335 828 382 
3 828 675 382 
3 594 251 981 
3 263 251 372 
3 981 251 263 
3 251 308 372 
3 251 594 308 
3 594 805 308 
3 805 295 308 
3 805 335 295 
3 805 594 981 
3 169 243 907 
3 757 243 169 
3 243 855 907 
3 243 757 855 
3 841 526 958 
3 2 526 765 
3 958 526 2 
3 765 526 303 
3 526 335 303 
3 526 841 335 
3 92 958 282 
3 92 841 958 
3 92 282 199 
3 841 92 199 
3 335 368 981 
3 805 947 335 
3 947 368 335 
3 947 805 981 
3 368 947 981 
Vertices and facets:
- p393(v10):  0.45 0.023 -0.034
- p836(v6):  0.46 -0.019 -0.035
- p741(v1):  0.47 0.0037  0.03
- p95(v13): -0.035 0.019 -0.025
- p600(v7): -0.016 0.036 -0.045
- p334(v0): -0.039 -0.0061 -0.048
- p116(v24): -0.037 0.014 -0.016
- p473(v5): -0.031 0.025 0.049
- p622(v25): -0.027 0.029 0.0037
- p449(v26): -0.039 -0.0045  0.05
- p135(v15): 0.034 -0.012 0.052
- p241(v8): -0.033 -0.016  0.05
- p935(v31):  0.44 0.026 0.029
- p315(v35): -0.023 -0.032 -0.045
- p230(v40):  0.44 -0.05 0.015
- p559(v12):  0.12 -0.05 0.047
- p136(v11):  0.12 -0.05 -0.047
- p700(v41): 0.063 -0.036 0.052
- p255(v3): 0.072 -0.024 0.053
- p872(v42): 0.0059 0.037  0.05
- p766(v30): 0.013 0.043 0.039
- p26(v43):  0.21 -0.017  0.05
- p642(v21):  0.21 -0.026  0.05
- p223(v16):  0.25 0.042 0.047
- p1(v27):   0.2  0.04 0.049
- p722(v46): 0.098 0.055 -0.0051
- p853(v28): 0.099 0.055 -0.026
- p879(v17): 0.079 0.053 0.028
- p650(v47): -0.023 0.033 0.019
- p45(v59): -0.01 -0.033 0.045
- p833(v20): 0.0061 -0.042 -0.047
- p353(v60):  0.46 0.0042 0.033
- p291(v63):  0.34 -0.021 0.039
- p174(v64):  0.19 -0.031  0.05
- p131(v23): 0.058 -0.047  0.05
- p751(v65): 0.094 0.042  0.05
- p422(v68):  0.16 0.059 -0.035
- p31(v45): 0.076 0.052 -0.04
- p228(v69): 0.0012 0.041 0.0078
- p987(v70):  0.16 0.055 0.044
- p308(v51):  0.21 0.059 0.033
- p858(v9):  0.19 0.055 0.046
- p982(v29):  0.15 0.059  0.03
- p565(v71): 0.073  0.05 0.043
- p625(v72):  0.43 0.029 -0.026
- p806(v49):  0.42 0.033 -0.024
- p122(v73):  0.39  0.04 0.019
- p902(v54):  0.35 0.047 0.0088
- p133(v18):  0.37 0.044 0.0066
- p58(v74):  0.37 0.043 -0.019
- p496(v33):  0.35 0.047 -0.025
- p578(v75):   0.2 0.051 0.048
- p928(v77):  0.19 0.059 0.024
- p263(v79):  0.23 0.058 -0.035
- p298(v19):  0.22 0.057 -0.042
- p450(v81):  0.37 0.042 -0.027
- p17(v53):  0.31 0.049 -0.037
- p2(v83):  0.33  0.05 -0.019
- p649(v85): 0.056  0.04 -0.049
- p283(v84): -0.016 0.029 -0.047
- p451(v55): 0.017 0.018 -0.05
- p465(v86): 0.088  0.05 -0.045
- p64(v88): 0.042 -0.048 -0.05
- p96(v90): 0.067 0.0022 -0.052
- p71(v91): -0.034 -0.013 -0.05
- p322(v57): 0.042 -0.03 -0.053
- p102(v92): 0.028 -0.045 0.045
- p25(v93): -0.0097 -0.032 0.049
- p373(v95):  0.44 -0.041 -0.011
- p636(v61):  0.43 -0.047 -0.015
- p194(v96):  0.42 -0.05 0.00092
- p279(v97):  0.13 0.057 0.014
- p146(v98): 0.0027 0.041 -0.036
- p499(v100):  0.12 0.056 -0.02
- p967(v66):  0.13 0.057 -0.016
- p608(v101):  0.16 0.059 -0.029
- p842(v102):   0.1 0.054  0.04
- p973(v103):  0.42 0.033 0.028
- p178(v76):  0.33 0.044 0.037
- p326(v50):  0.31 0.048 0.036
- p561(v104):  0.36 0.045 0.0012
- p333(v105):  0.29 0.045 0.042
- p610(v106):  0.19 0.059 0.024
- p372(v2):   0.2 0.059 -0.016
- p295(v107):  0.25 0.057 0.035
- p382(v78):  0.26 0.056 0.036
- p199(v108):  0.31 0.052 0.017
- p467(v109):  0.19 0.059 -0.027
- p981(v110):  0.25 0.058 -0.029
- p384(v82):  0.28 0.055 -0.033
- p765(v52):  0.29 0.055 -0.026
- p871(v111):  0.33  0.05 -0.027
- p215(v112):  0.28 0.053 -0.037
- p572(v80):  0.28 0.052 -0.038
- p54(v113): -0.024 0.021 -0.046
- p682(v114):  0.11 0.047 -0.048
- p752(v56):  0.15 0.047 -0.049
- p153(v115): 0.025 0.044 -0.042
- p314(v116):  0.24 0.052 -0.044
- p401(v87):  0.21 0.042 -0.05
- p641(v117):  0.44 0.0073 -0.035
- p249(v118):  0.17 -0.0095 -0.053
- p716(v34):  0.16 0.013 -0.052
- p431(v119):  0.17 -0.047 -0.05
- p68(v120):  0.14 0.042 -0.05
- p319(v121): -0.019 -0.022 -0.05
- p903(v122): 0.028 0.046  0.03
- p907(v67):  0.05 0.049 0.014
- p501(v123):  0.08 0.053 0.012
- p855(v99): 0.055  0.05 -0.016
- p735(v124): 0.051 0.049 0.008
- p491(v125): 0.051 0.049 -0.037
- p523(v126):  0.11 0.056 -0.0075
- p519(v127):  0.45 0.015 0.031
- p647(v128):  0.25 0.051 0.044
- p335(v129):  0.27 0.056 0.027
- p303(v32):  0.29 0.055 0.014
- p282(v130):  0.34 0.049 -0.0019
- p958(v131):  0.32 0.052 0.0052
- p675(v132):  0.31  0.05 0.035
- p810(v134):  0.15 0.054 -0.043
- p668(v135):   0.3 0.043 -0.042
- p267(v136): 0.013 0.043 0.031
- p169(v137): 0.034 0.047 0.0051
- p757(v138): 0.036 0.047 -0.026
- p841(v139):  0.31 0.053 0.017
- p248(v140):  0.28 0.056 0.0053
- p828(v141):  0.34 0.047 0.028
- p251(v142):  0.21 0.059 -0.0031
- p594(v133):  0.22 0.059  0.01
- p805(v143):  0.23 0.059 0.017
- p243(v144): 0.049 0.049 0.0048
- p526(v145):  0.31 0.053 0.016
- p92(v146):  0.32 0.051 0.0083
- p368(v147):  0.24 0.058 -0.0028
- p947(v148):  0.23 0.059 0.0041
- f25
    - flags: top simplicial
    - normal:    0.9179   0.3435  -0.1986
    - offset: -0.4241852
    - vertices: p393(v10) p836(v6) p741(v1)
    - neighboring facets: f167 f121 f544
- f42
    - flags: bottom simplicial
    - normal:   -0.8097     0.46  -0.3644
    - offset: -0.04650545
    - vertices: p95(v13) p600(v7) p334(v0)
    - neighboring facets: f526 f88 f94
- f88
    - flags: bottom simplicial
    - normal:   -0.9612   0.2571  -0.1003
    - offset: -0.04115489
    - vertices: p116(v24) p95(v13) p334(v0)
    - neighboring facets: f42 f99 f89
- f89
    - flags: top simplicial
    - normal:   -0.8976   0.4407  0.01222
    - offset: -0.03962891
    - vertices: p116(v24) p95(v13) p473(v5)
    - neighboring facets: f93 f97 f88
- f93
    - flags: bottom simplicial
    - normal:    -0.775   0.6319  -0.0075
    - offset: -0.03955095
    - vertices: p622(v25) p95(v13) p473(v5)
    - neighboring facets: f89 f198 f94
- f94
    - flags: top simplicial
    - normal:   -0.7045   0.7077 -0.05301
    - offset: -0.03971201
    - vertices: p622(v25) p95(v13) p600(v7)
    - neighboring facets: f42 f200 f93
- f96
    - flags: top simplicial
    - normal:  -0.02596 -0.0003168   0.9997
    - offset: -0.05084995
    - vertices: p449(v26) p135(v15) p241(v8)
    - neighboring facets: f170 f98 f177
- f97
    - flags: top simplicial
    - normal:   -0.9645   0.2598  0.04705
    - offset: -0.03896111
    - vertices: p449(v26) p116(v24) p473(v5)
    - neighboring facets: f89 f176 f99
- f98
    - flags: top simplicial
    - normal:   -0.8946  -0.4466  0.01066
    - offset: -0.03756799
    - vertices: p449(v26) p241(v8) p334(v0)
    - neighboring facets: f143 f99 f96
- f99
    - flags: bottom simplicial
    - normal:   -0.9946   0.1039 0.001503
    - offset: -0.03856492
    - vertices: p449(v26) p116(v24) p334(v0)
    - neighboring facets: f88 f98 f97
- f121
    - flags: top simplicial
    - normal:    0.6319   0.7747  0.02354
    - offset: -0.2987853
    - vertices: p935(v31) p393(v10) p741(v1)
    - neighboring facets: f25 f263 f317
- f143
    - flags: bottom simplicial
    - normal:   -0.8469  -0.5318 -0.001389
    - offset: -0.03677908
    - vertices: p315(v35) p241(v8) p334(v0)
    - neighboring facets: f98 f416 f260
- f162
    - flags: bottom simplicial
    - normal:  -0.0002937       -1 1.343e-07
    - offset: -0.04996582
    - vertices: p230(v40) p559(v12) p136(v11)
    - neighboring facets: f404 f440 f280
- f167
    - flags: bottom simplicial
    - normal:    0.8653  -0.4917  0.09692
    - offset: -0.4054472
    - vertices: p230(v40) p836(v6) p741(v1)
    - neighboring facets: f25 f265 f437
- f169
    - flags: top simplicial
    - normal:  -0.02423 -0.002769   0.9997
    - offset: -0.0509398
    - vertices: p700(v41) p135(v15) p255(v3)
    - neighboring facets: f174 f279 f170
- f170
    - flags: bottom simplicial
    - normal:  -0.02569 -0.00454   0.9997
    - offset: -0.05091027
    - vertices: p700(v41) p135(v15) p241(v8)
    - neighboring facets: f96 f429 f169
- f174
    - flags: bottom simplicial
    - normal:  -0.01504  0.02699   0.9995
    - offset: -0.05087718
    - vertices: p872(v42) p135(v15) p255(v3)
    - neighboring facets: f169 f284 f177
- f176
    - flags: top simplicial
    - normal:  -0.03601  0.03578   0.9987
    - offset: -0.05103499
    - vertices: p872(v42) p449(v26) p473(v5)
    - neighboring facets: f97 f179 f177
- f177
    - flags: bottom simplicial
    - normal:  -0.02357  0.02215   0.9995
    - offset: -0.05064684
    - vertices: p872(v42) p449(v26) p135(v15)
    - neighboring facets: f96 f174 f176
- f179
    - flags: bottom simplicial
    - normal:   -0.2941   0.8903   0.3477
    - offset: -0.04830839
    - vertices: p872(v42) p766(v30) p473(v5)
    - neighboring facets: f199 f176 f312
- f181
    - flags: bottom simplicial
    - normal:   0.06476  0.00925   0.9979
    - offset: -0.06300521
    - vertices: p26(v43) p642(v21) p223(v16)
    - neighboring facets: f262 f182 f183
- f182
    - flags: top simplicial
    - normal:   0.05218  0.01854   0.9985
    - offset: -0.06028775
    - vertices: p26(v43) p1(v27) p223(v16)
    - neighboring facets: f332 f181 f184
- f183
    - flags: top simplicial
    - normal:   0.02057 -0.01119   0.9997
    - offset: -0.05436502
    - vertices: p26(v43) p642(v21) p255(v3)
    - neighboring facets: f278 f184 f181
- f184
    - flags: bottom simplicial
    - normal:   0.01914  0.01731   0.9997
    - offset: -0.05357502
    - vertices: p26(v43) p1(v27) p255(v3)
    - neighboring facets: f283 f183 f182
- f195
    - flags: bottom simplicial
    - normal:   -0.1073   0.9942  5.1e-05
    - offset: -0.04419456
    - vertices: p722(v46) p853(v28) p879(v17)
    - neighboring facets: f574 f445 f587
- f198
    - flags: bottom simplicial
    - normal:   -0.6523   0.7578  0.01731
    - offset: -0.04003727
    - vertices: p650(v47) p622(v25) p473(v5)
    - neighboring facets: f93 f199 f200
- f199
    - flags: top simplicial
    - normal:   -0.3545    0.924   0.1437
    - offset: -0.04101952
    - vertices: p650(v47) p766(v30) p473(v5)
    - neighboring facets: f179 f198 f304
- f200
    - flags: top simplicial
    - normal:   -0.5809   0.8139 -0.01135
    - offset: -0.03965633
    - vertices: p650(v47) p622(v25) p600(v7)
    - neighboring facets: f94 f303 f198
- f258
    - flags: bottom simplicial
    - normal:   -0.3114  -0.9497   0.0321
    - offset: -0.03624395
    - vertices: p45(v59) p315(v35) p833(v20)
    - neighboring facets: f567 f424 f260
- f260
    - flags: top simplicial
    - normal:   -0.5798  -0.8115  0.07268
    - offset: -0.03621255
    - vertices: p45(v59) p315(v35) p241(v8)
    - neighboring facets: f143 f428 f258
- f262
    - flags: top simplicial
    - normal:   0.06734  0.00776   0.9977
    - offset: -0.0635771
    - vertices: p353(v60) p642(v21) p223(v16)
    - neighboring facets: f181 f483 f274
- f263
    - flags: top simplicial
    - normal:     0.354    0.486    0.799
    - offset: -0.1911443
    - vertices: p353(v60) p935(v31) p741(v1)
    - neighboring facets: f121 f265 f589
- f265
    - flags: bottom simplicial
    - normal:    0.3077  -0.4078   0.8597
    - offset: -0.1680695
    - vertices: p353(v60) p230(v40) p741(v1)
    - neighboring facets: f167 f263 f275
- f274
    - flags: bottom simplicial
    - normal:   0.08782  -0.1696   0.9816
    - offset: -0.07174705
    - vertices: p291(v63) p353(v60) p642(v21)
    - neighboring facets: f262 f281 f275
- f275
    - flags: top simplicial
    - normal:    0.1216  -0.3536   0.9275
    - offset: -0.08477874
    - vertices: p291(v63) p353(v60) p230(v40)
    - neighboring facets: f265 f282 f274
- f276
    - flags: bottom simplicial
    - normal:   0.02983  -0.2494    0.968
    - offset: -0.06188683
    - vertices: p174(v64) p131(v23) p559(v12)
    - neighboring facets: f405 f280 f277
- f277
    - flags: bottom simplicial
    - normal:   0.02615  -0.2179   0.9756
    - offset: -0.06057304
    - vertices: p174(v64) p700(v41) p131(v23)
    - neighboring facets: f430 f276 f279
- f278
    - flags: bottom simplicial
    - normal:   0.02014 -0.03589   0.9992
    - offset: -0.05489665
    - vertices: p174(v64) p642(v21) p255(v3)
    - neighboring facets: f183 f279 f281
- f279
    - flags: top simplicial
    - normal:   0.02006 -0.03715   0.9991
    - offset: -0.05491915
    - vertices: p174(v64) p700(v41) p255(v3)
    - neighboring facets: f169 f278 f277
- f280
    - flags: top simplicial
    - normal:   0.08839   -0.479   0.8734
    - offset: -0.07569327
    - vertices: p174(v64) p230(v40) p559(v12)
    - neighboring facets: f162 f276 f282
- f281
    - flags: bottom simplicial
    - normal:   0.09028  -0.2655   0.9599
    - offset: -0.07370897
    - vertices: p174(v64) p291(v63) p642(v21)
    - neighboring facets: f274 f278 f282
- f282
    - flags: top simplicial
    - normal:   0.09734  -0.4182   0.9031
    - offset: -0.07701556
    - vertices: p174(v64) p291(v63) p230(v40)
    - neighboring facets: f275 f280 f281
- f283
    - flags: top simplicial
    - normal:  0.005728  0.04466    0.999
    - offset: -0.05191833
    - vertices: p751(v65) p1(v27) p255(v3)
    - neighboring facets: f184 f284 f333
- f284
    - flags: bottom simplicial
    - normal:  0.002294  0.04581   0.9989
    - offset: -0.05164164
    - vertices: p751(v65) p872(v42) p255(v3)
    - neighboring facets: f174 f283 f335
- f299
    - flags: bottom simplicial
    - normal:  -0.08126   0.9905  -0.1106
    - offset: -0.04947379
    - vertices: p422(v68) p31(v45) p853(v28)
    - neighboring facets: f580 f458 f389
- f303
    - flags: top simplicial
    - normal:   -0.3175    0.948  0.02369
    - offset: -0.03861356
    - vertices: p228(v69) p650(v47) p600(v7)
    - neighboring facets: f200 f450 f304
- f304
    - flags: bottom simplicial
    - normal:   -0.3081   0.9503  0.04493
    - offset: -0.03888502
    - vertices: p228(v69) p650(v47) p766(v30)
    - neighboring facets: f199 f452 f303
- f308
    - flags: top simplicial
    - normal:  -0.004804   0.9412   0.3378
    - offset: -0.0662474
    - vertices: p987(v70) p308(v51) p858(v9)
    - neighboring facets: f493 f310 f309
- f309
    - flags: bottom simplicial
    - normal:  -0.02701   0.9684   0.2479
    - offset: -0.06023389
    - vertices: p987(v70) p308(v51) p982(v29)
    - neighboring facets: f342 f471 f308
- f310
    - flags: bottom simplicial
    - normal:  -0.02963   0.5012   0.8648
    - offset: -0.06145402
    - vertices: p987(v70) p872(v42) p858(v9)
    - neighboring facets: f334 f308 f314
- f312
    - flags: top simplicial
    - normal:    -0.123   0.8841   0.4508
    - offset: -0.0542482
    - vertices: p565(v71) p872(v42) p766(v30)
    - neighboring facets: f179 f469 f314
- f314
    - flags: top simplicial
    - normal:  -0.05692   0.6844   0.7268
    - offset: -0.06111635
    - vertices: p565(v71) p987(v70) p872(v42)
    - neighboring facets: f310 f312 f472
- f317
    - flags: bottom simplicial
    - normal:    0.4277   0.9039 -0.006164
    - offset:  -0.211547
    - vertices: p625(v72) p935(v31) p393(v10)
    - neighboring facets: f121 f318 f319
- f318
    - flags: top simplicial
    - normal:    0.2666   0.9166   -0.298
    - offset: -0.1496777
    - vertices: p625(v72) p806(v49) p393(v10)
    - neighboring facets: f364 f317 f319
- f319
    - flags: bottom simplicial
    - normal:    0.3226   0.9465 0.008184
    - offset: -0.1668759
    - vertices: p625(v72) p806(v49) p935(v31)
    - neighboring facets: f473 f317 f318
- f322
    - flags: top simplicial
    - normal:    0.1742   0.9846  0.01533
    - offset: -0.1074783
    - vertices: p122(v73) p902(v54) p133(v18)
    - neighboring facets: f478 f328 f499
- f325
    - flags: bottom simplicial
    - normal:    0.1895   0.9746  -0.1193
    - offset: -0.1148428
    - vertices: p58(v74) p806(v49) p496(v33)
    - neighboring facets: f366 f327 f329
- f327
    - flags: top simplicial
    - normal:    0.1645   0.9863 -0.008772
    - offset: -0.1039339
    - vertices: p58(v74) p902(v54) p496(v33)
    - neighboring facets: f375 f325 f480
- f328
    - flags: top simplicial
    - normal:    0.1815   0.9834 0.0004771
    - offset: -0.1099912
    - vertices: p58(v74) p122(v73) p133(v18)
    - neighboring facets: f322 f479 f329
- f329
    - flags: bottom simplicial
    - normal:    0.2032   0.9791 -0.01041
    - offset: -0.1181136
    - vertices: p58(v74) p122(v73) p806(v49)
    - neighboring facets: f474 f325 f328
- f332
    - flags: bottom simplicial
    - normal:   0.05022  0.09225   0.9945
    - offset: -0.0626733
    - vertices: p578(v75) p1(v27) p223(v16)
    - neighboring facets: f182 f484 f333
- f333
    - flags: bottom simplicial
    - normal:  0.006263  0.08644   0.9962
    - offset: -0.05358202
    - vertices: p578(v75) p751(v65) p1(v27)
    - neighboring facets: f283 f332 f335
- f334
    - flags: top simplicial
    - normal:  -0.02727   0.4803   0.8767
    - offset: -0.06129454
    - vertices: p578(v75) p872(v42) p858(v9)
    - neighboring facets: f310 f593 f335
- f335
    - flags: top simplicial
    - normal:  -0.01239   0.2921   0.9563
    - offset: -0.05845777
    - vertices: p578(v75) p751(v65) p872(v42)
    - neighboring facets: f284 f334 f333
- f342
    - flags: top simplicial
    - normal:  -0.01471   0.9996   0.0255
    - offset: -0.05719715
    - vertices: p928(v77) p308(v51) p982(v29)
    - neighboring facets: f309 f344 f490
- f344
    - flags: bottom simplicial
    - normal:  -0.01884   0.9998 0.001824
    - offset: -0.05586675
    - vertices: p928(v77) p422(v68) p982(v29)
    - neighboring facets: f465 f342 f507
- f353
    - flags: top simplicial
    - normal:  0.008037   0.9674  -0.2529
    - offset: -0.06708596
    - vertices: p263(v79) p422(v68) p298(v19)
    - neighboring facets: f624 f524 f505
- f364
    - flags: bottom simplicial
    - normal:    0.1872   0.8681  -0.4597
    - offset: -0.1185853
    - vertices: p450(v81) p806(v49) p393(v10)
    - neighboring facets: f318 f365 f366
- f365
    - flags: top simplicial
    - normal:    0.1681   0.8224  -0.5435
    - offset: -0.1118372
    - vertices: p450(v81) p17(v53) p393(v10)
    - neighboring facets: f626 f364 f517
- f366
    - flags: top simplicial
    - normal:    0.1889   0.9682  -0.1643
    - offset:  -0.115444
    - vertices: p450(v81) p806(v49) p496(v33)
    - neighboring facets: f325 f516 f364
- f375
    - flags: bottom simplicial
    - normal:     0.149   0.9888 -0.007421
    - offset: -0.09864137
    - vertices: p2(v83) p902(v54) p496(v33)
    - neighboring facets: f327 f519 f604
- f383
    - flags: bottom simplicial
    - normal:  -0.06124   0.1769  -0.9823
    - offset: -0.05181573
    - vertices: p649(v85) p283(v84) p600(v7)
    - neighboring facets: f527 f392 f384
- f384
    - flags: top simplicial
    - normal:  -0.05533   0.1395  -0.9887
    - offset: -0.05094671
    - vertices: p649(v85) p283(v84) p451(v55)
    - neighboring facets: f421 f413 f383
- f389
    - flags: top simplicial
    - normal:  -0.05315   0.8986  -0.4355
    - offset: -0.05983382
    - vertices: p465(v86) p422(v68) p31(v45)
    - neighboring facets: f299 f535 f625
- f392
    - flags: bottom simplicial
    - normal:    -0.075   0.5925   -0.802
    - offset: -0.05900724
    - vertices: p465(v86) p649(v85) p600(v7)
    - neighboring facets: f383 f534 f533
- f404
    - flags: top simplicial
    - normal:  -0.03091  -0.9995 1.413e-05
    - offset: -0.04637956
    - vertices: p64(v88) p559(v12) p136(v11)
    - neighboring facets: f162 f555 f405
- f405
    - flags: top simplicial
    - normal:  -0.04682  -0.9988  0.01212
    - offset: -0.04506776
    - vertices: p64(v88) p131(v23) p559(v12)
    - neighboring facets: f276 f404 f427
- f413
    - flags: top simplicial
    - normal:  -0.02102  0.08099  -0.9965
    - offset: -0.05088993
    - vertices: p96(v90) p649(v85) p451(v55)
    - neighboring facets: f384 f422 f560
- f416
    - flags: bottom simplicial
    - normal:   -0.7602  -0.5164  -0.3942
    - offset: -0.05197623
    - vertices: p71(v91) p315(v35) p334(v0)
    - neighboring facets: f143 f528 f568
- f421
    - flags: bottom simplicial
    - normal:   -0.0659    0.109  -0.9919
    - offset: -0.05039317
    - vertices: p71(v91) p283(v84) p451(v55)
    - neighboring facets: f384 f422 f529
- f422
    - flags: top simplicial
    - normal:  -0.03052  0.05045  -0.9983
    - offset: -0.05028354
    - vertices: p71(v91) p96(v90) p451(v55)
    - neighboring facets: f413 f421 f423
- f423
    - flags: bottom simplicial
    - normal:  -0.02964   0.0446  -0.9986
    - offset: -0.05034533
    - vertices: p71(v91) p96(v90) p322(v57)
    - neighboring facets: f552 f565 f422
- f424
    - flags: bottom simplicial
    - normal:   -0.2822  -0.9586  0.03808
    - offset: -0.03650974
    - vertices: p102(v92) p45(v59) p833(v20)
    - neighboring facets: f258 f426 f432
- f426
    - flags: top simplicial
    - normal:   -0.1616  -0.9868 0.008366
    - offset: -0.03981557
    - vertices: p102(v92) p64(v88) p833(v20)
    - neighboring facets: f566 f424 f427
- f427
    - flags: bottom simplicial
    - normal:  -0.09257  -0.9955  0.01906
    - offset: -0.04262501
    - vertices: p102(v92) p64(v88) p131(v23)
    - neighboring facets: f405 f431 f426
- f428
    - flags: top simplicial
    - normal:   -0.5408  -0.8071   0.2368
    - offset: -0.04305306
    - vertices: p25(v93) p45(v59) p241(v8)
    - neighboring facets: f260 f429 f432
- f429
    - flags: bottom simplicial
    - normal:  -0.04881  -0.1188   0.9917
    - offset: -0.05315828
    - vertices: p25(v93) p700(v41) p241(v8)
    - neighboring facets: f170 f428 f430
- f430
    - flags: top simplicial
    - normal:   -0.0516  -0.1842   0.9815
    - offset: -0.05480186
    - vertices: p25(v93) p700(v41) p131(v23)
    - neighboring facets: f277 f431 f429
- f431
    - flags: bottom simplicial
    - normal:   -0.1744    -0.76    0.626
    - offset: -0.05714563
    - vertices: p25(v93) p102(v92) p131(v23)
    - neighboring facets: f427 f430 f432
- f432
    - flags: top simplicial
    - normal:   -0.2748  -0.9336   0.2297
    - offset: -0.04422676
    - vertices: p25(v93) p102(v92) p45(v59)
    - neighboring facets: f424 f428 f431
- f437
    - flags: top simplicial
    - normal:    0.5599  -0.7946  -0.2346
    - offset: -0.2818128
    - vertices: p373(v95) p230(v40) p836(v6)
    - neighboring facets: f167 f438 f439
- f438
    - flags: bottom simplicial
    - normal:    0.4414  -0.8201  -0.3643
    - offset: -0.2320874
    - vertices: p373(v95) p636(v61) p836(v6)
    - neighboring facets: f558 f437 f439
- f439
    - flags: top simplicial
    - normal:    0.4311   -0.862  -0.2667
    - offset:  -0.228244
    - vertices: p373(v95) p636(v61) p230(v40)
    - neighboring facets: f442 f437 f438
- f440
    - flags: bottom simplicial
    - normal:  0.002479  -0.9999 -0.01453
    - offset: -0.0509603
    - vertices: p194(v96) p230(v40) p136(v11)
    - neighboring facets: f162 f441 f442
- f441
    - flags: top simplicial
    - normal:    0.0267   -0.985  -0.1704
    - offset: -0.06030031
    - vertices: p194(v96) p636(v61) p136(v11)
    - neighboring facets: f557 f440 f442
- f442
    - flags: bottom simplicial
    - normal:     0.117   -0.982  -0.1481
    - offset: -0.09829214
    - vertices: p194(v96) p636(v61) p230(v40)
    - neighboring facets: f439 f440 f441
- f444
    - flags: top simplicial
    - normal:  -0.07885   0.9966   0.0224
    - offset: -0.0471888
    - vertices: p279(v97) p982(v29) p879(v17)
    - neighboring facets: f470 f445 f463
- f445
    - flags: bottom simplicial
    - normal:  -0.08088   0.9966  0.01542
    - offset:  -0.046833
    - vertices: p279(v97) p722(v46) p879(v17)
    - neighboring facets: f195 f444 f585
- f450
    - flags: top simplicial
    - normal:   -0.2476   0.9689 -0.001357
    - offset: -0.03935499
    - vertices: p146(v98) p228(v69) p600(v7)
    - neighboring facets: f303 f536 f452
- f452
    - flags: bottom simplicial
    - normal:    -0.194    0.981 0.000586
    - offset: -0.03992881
    - vertices: p146(v98) p228(v69) p766(v30)
    - neighboring facets: f304 f630 f450
- f458
    - flags: bottom simplicial
    - normal:  -0.06723   0.9977 -0.01319
    - offset: -0.04868244
    - vertices: p499(v100) p422(v68) p853(v28)
    - neighboring facets: f299 f588 f467
- f462
    - flags: top simplicial
    - normal:  -0.06429   0.9979 -0.0002887
    - offset: -0.0487886
    - vertices: p499(v100) p967(v66) p982(v29)
    - neighboring facets: f464 f463 f466
- f463
    - flags: bottom simplicial
    - normal:  -0.06486   0.9979 0.0001039
    - offset: -0.04871153
    - vertices: p499(v100) p279(v97) p982(v29)
    - neighboring facets: f444 f462 f586
- f464
    - flags: bottom simplicial
    - normal:  -0.06265    0.998 -0.001146
    - offset: -0.04901796
    - vertices: p608(v101) p967(v66) p982(v29)
    - neighboring facets: f462 f465 f466
- f465
    - flags: top simplicial
    - normal:   -0.0397   0.9992 0.0002905
    - offset: -0.05261674
    - vertices: p608(v101) p422(v68) p982(v29)
    - neighboring facets: f344 f464 f467
- f466
    - flags: bottom simplicial
    - normal:  -0.06337    0.998 -0.002647
    - offset: -0.04894646
    - vertices: p608(v101) p499(v100) p967(v66)
    - neighboring facets: f462 f464 f467
- f467
    - flags: top simplicial
    - normal:  -0.06375    0.998 -0.004183
    - offset: -0.04893092
    - vertices: p608(v101) p499(v100) p422(v68)
    - neighboring facets: f458 f465 f466
- f468
    - flags: top simplicial
    - normal:   -0.1251   0.9849   0.1199
    - offset: -0.04563824
    - vertices: p842(v102) p766(v30) p879(v17)
    - neighboring facets: f570 f470 f469
- f469
    - flags: top simplicial
    - normal:   -0.1206   0.9349   0.3339
    - offset: -0.05190109
    - vertices: p842(v102) p565(v71) p766(v30)
    - neighboring facets: f312 f468 f472
- f470
    - flags: bottom simplicial
    - normal:  -0.07906   0.9964  0.02927
    - offset: -0.04735303
    - vertices: p842(v102) p982(v29) p879(v17)
    - neighboring facets: f444 f468 f471
- f471
    - flags: bottom simplicial
    - normal:  -0.03411   0.9674   0.2509
    - offset: -0.05918715
    - vertices: p842(v102) p987(v70) p982(v29)
    - neighboring facets: f309 f470 f472
- f472
    - flags: bottom simplicial
    - normal:  -0.06182   0.7836   0.6182
    - offset: -0.0609842
    - vertices: p842(v102) p565(v71) p987(v70)
    - neighboring facets: f314 f471 f469
- f473
    - flags: top simplicial
    - normal:    0.2811   0.9594  0.02464
    - offset: -0.1494355
    - vertices: p973(v103) p806(v49) p935(v31)
    - neighboring facets: f319 f476 f474
- f474
    - flags: top simplicial
    - normal:    0.2493   0.9682  0.02247
    - offset: -0.1363793
    - vertices: p973(v103) p122(v73) p806(v49)
    - neighboring facets: f329 f473 f654
- f476
    - flags: bottom simplicial
    - normal:    0.1556    0.611   0.7762
    - offset: -0.1065441
    - vertices: p973(v103) p178(v76) p935(v31)
    - neighboring facets: f482 f473 f477
- f477
    - flags: top simplicial
    - normal:    0.1581   0.6831    0.713
    - offset:   -0.10819
    - vertices: p973(v103) p178(v76) p326(v50)
    - neighboring facets: f485 f612 f476
- f478
    - flags: bottom simplicial
    - normal:    0.1726    0.985 0.002331
    - offset: -0.1068255
    - vertices: p561(v104) p902(v54) p133(v18)
    - neighboring facets: f322 f479 f480
- f479
    - flags: top simplicial
    - normal:    0.1777   0.9841 -0.000513
    - offset: -0.1086185
    - vertices: p561(v104) p58(v74) p133(v18)
    - neighboring facets: f328 f478 f480
- f480
    - flags: bottom simplicial
    - normal:     0.169   0.9856 -0.004727
    - offset: -0.1055225
    - vertices: p561(v104) p58(v74) p902(v54)
    - neighboring facets: f327 f478 f479
- f482
    - flags: top simplicial
    - normal:    0.1366   0.4367   0.8892
    - offset:  -0.096831
    - vertices: p333(v105) p178(v76) p935(v31)
    - neighboring facets: f476 f590 f485
- f483
    - flags: top simplicial
    - normal:   0.09211   0.1535   0.9839
    - offset: -0.0751425
    - vertices: p333(v105) p353(v60) p223(v16)
    - neighboring facets: f262 f484 f591
- f484
    - flags: bottom simplicial
    - normal:   0.08193   0.2475   0.9654
    - offset: -0.07565329
    - vertices: p333(v105) p578(v75) p223(v16)
    - neighboring facets: f332 f483 f592
- f485
    - flags: bottom simplicial
    - normal:     0.128   0.6034   0.7871
    - offset: -0.09755133
    - vertices: p333(v105) p178(v76) p326(v50)
    - neighboring facets: f477 f596 f482
- f488
    - flags: bottom simplicial
    - normal:  -0.002693        1 0.001134
    - offset: -0.05890504
    - vertices: p610(v106) p308(v51) p372(v2)
    - neighboring facets: f662 f489 f490
- f489
    - flags: top simplicial
    - normal:  -0.002742        1 0.001122
    - offset: -0.05889543
    - vertices: p610(v106) p928(v77) p372(v2)
    - neighboring facets: f506 f488 f490
- f490
    - flags: bottom simplicial
    - normal:  -0.002746        1 0.001228
    - offset: -0.05889716
    - vertices: p610(v106) p928(v77) p308(v51)
    - neighboring facets: f342 f488 f489
- f493
    - flags: bottom simplicial
    - normal:   0.03787   0.9172   0.3966
    - offset: -0.07566469
    - vertices: p295(v107) p308(v51) p858(v9)
    - neighboring facets: f308 f494 f665
- f494
    - flags: top simplicial
    - normal:   0.05475   0.8718   0.4867
    - offset: -0.08047436
    - vertices: p295(v107) p382(v78) p858(v9)
    - neighboring facets: f594 f493 f599
- f499
    - flags: bottom simplicial
    - normal:    0.1546   0.9833  0.09556
    - offset: -0.1012797
    - vertices: p199(v108) p122(v73) p902(v54)
    - neighboring facets: f322 f605 f653
- f504
    - flags: top simplicial
    - normal:   0.02113   0.9994 -0.02657
    - offset: -0.06412105
    - vertices: p467(v109) p263(v79) p372(v2)
    - neighboring facets: f660 f506 f505
- f505
    - flags: bottom simplicial
    - normal:  0.007783   0.9954 -0.09523
    - offset: -0.06317532
    - vertices: p467(v109) p263(v79) p422(v68)
    - neighboring facets: f353 f507 f504
- f506
    - flags: bottom simplicial
    - normal:  -0.01021   0.9999 -0.001318
    - offset: -0.05742686
    - vertices: p467(v109) p928(v77) p372(v2)
    - neighboring facets: f489 f504 f507
- f507
    - flags: top simplicial
    - normal:  -0.01266   0.9999 -0.001521
    - offset: -0.05695881
    - vertices: p467(v109) p928(v77) p422(v68)
    - neighboring facets: f344 f505 f506
- f511
    - flags: top simplicial
    - normal:   0.08137   0.9903  -0.1126
    - offset: -0.08082836
    - vertices: p981(v110) p384(v82) p765(v52)
    - neighboring facets: f518 f650 f512
- f512
    - flags: bottom simplicial
    - normal:   0.07664   0.9866   -0.144
    - offset: -0.08034805
    - vertices: p981(v110) p384(v82) p263(v79)
    - neighboring facets: f525 f661 f511
- f515
    - flags: top simplicial
    - normal:    0.1364   0.9197  -0.3682
    - offset: -0.1004102
    - vertices: p871(v111) p384(v82) p17(v53)
    - neighboring facets: f522 f517 f518
- f516
    - flags: top simplicial
    - normal:    0.1563   0.9025  -0.4014
    - offset: -0.1069869
    - vertices: p871(v111) p450(v81) p496(v33)
    - neighboring facets: f366 f519 f517
- f517
    - flags: bottom simplicial
    - normal:    0.1554   0.8981  -0.4114
    - offset: -0.1067473
    - vertices: p871(v111) p450(v81) p17(v53)
    - neighboring facets: f365 f515 f516
- f518
    - flags: bottom simplicial
    - normal:    0.1247   0.9689  -0.2138
    - offset: -0.09487372
    - vertices: p871(v111) p384(v82) p765(v52)
    - neighboring facets: f511 f520 f515
- f519
    - flags: bottom simplicial
    - normal:    0.1358   0.9899 -0.04019
    - offset: -0.09494264
    - vertices: p871(v111) p2(v83) p496(v33)
    - neighboring facets: f375 f516 f520
- f520
    - flags: top simplicial
    - normal:    0.1292   0.9908 -0.03909
    - offset: -0.09279635
    - vertices: p871(v111) p2(v83) p765(v52)
    - neighboring facets: f674 f518 f519
- f521
    - flags: top simplicial
    - normal:    0.1244   0.8439  -0.5218
    - offset: -0.09871242
    - vertices: p215(v112) p572(v80) p17(v53)
    - neighboring facets: f541 f522 f523
- f522
    - flags: bottom simplicial
    - normal:    0.1325   0.9131  -0.3856
    - offset: -0.09954122
    - vertices: p215(v112) p384(v82) p17(v53)
    - neighboring facets: f515 f521 f525
- f523
    - flags: bottom simplicial
    - normal:   0.09329   0.7928  -0.6023
    - offset:  -0.090429
    - vertices: p215(v112) p572(v80) p298(v19)
    - neighboring facets: f540 f524 f521
- f524
    - flags: top simplicial
    - normal:   0.08382   0.9139  -0.3973
    - offset: -0.08657958
    - vertices: p215(v112) p263(v79) p298(v19)
    - neighboring facets: f353 f523 f525
- f525
    - flags: top simplicial
    - normal:   0.08409   0.9149  -0.3949
    - offset: -0.08661671
    - vertices: p215(v112) p384(v82) p263(v79)
    - neighboring facets: f512 f524 f522
- f526
    - flags: top simplicial
    - normal:   -0.3702   0.2525   -0.894
    - offset: -0.05565686
    - vertices: p54(v113) p600(v7) p334(v0)
    - neighboring facets: f42 f528 f527
- f527
    - flags: top simplicial
    - normal:   -0.1816   0.1697  -0.9686
    - offset: -0.05291506
    - vertices: p54(v113) p283(v84) p600(v7)
    - neighboring facets: f383 f526 f529
- f528
    - flags: bottom simplicial
    - normal:   -0.2033   0.1586  -0.9662
    - offset: -0.05308374
    - vertices: p54(v113) p71(v91) p334(v0)
    - neighboring facets: f416 f526 f529
- f529
    - flags: top simplicial
    - normal:   -0.1587   0.1467  -0.9764
    - offset: -0.05224763
    - vertices: p54(v113) p71(v91) p283(v84)
    - neighboring facets: f421 f527 f528
- f530
    - flags: top simplicial
    - normal:  -0.01348   0.6591  -0.7519
    - offset: -0.06601492
    - vertices: p682(v114) p752(v56) p298(v19)
    - neighboring facets: f538 f622 f532
- f532
    - flags: top simplicial
    - normal:  -0.02296   0.2737  -0.9615
    - offset: -0.0568542
    - vertices: p682(v114) p649(v85) p752(v56)
    - neighboring facets: f559 f530 f533
- f533
    - flags: top simplicial
    - normal:  -0.06697   0.5726  -0.8171
    - offset: -0.05938891
    - vertices: p682(v114) p465(v86) p649(v85)
    - neighboring facets: f392 f532 f623
- f534
    - flags: bottom simplicial
    - normal:  -0.09911   0.7712  -0.6288
    - offset: -0.05807258
    - vertices: p153(v115) p465(v86) p600(v7)
    - neighboring facets: f392 f536 f535
- f535
    - flags: top simplicial
    - normal:   -0.1024   0.8408  -0.5316
    - offset:  -0.056909
    - vertices: p153(v115) p465(v86) p31(v45)
    - neighboring facets: f389 f583 f534
- f536
    - flags: top simplicial
    - normal:   -0.1655   0.9718  -0.1679
    - offset: -0.04563561
    - vertices: p153(v115) p146(v98) p600(v7)
    - neighboring facets: f450 f534 f584
- f538
    - flags: bottom simplicial
    - normal:   0.02191   0.5013   -0.865
    - offset: -0.06953896
    - vertices: p314(v116) p752(v56) p298(v19)
    - neighboring facets: f530 f540 f539
- f539
    - flags: bottom simplicial
    - normal:   0.02789   0.4277  -0.9035
    - offset: -0.06888908
    - vertices: p314(v116) p401(v87) p752(v56)
    - neighboring facets: f563 f538 f629
- f540
    - flags: top simplicial
    - normal:   0.09303   0.7403  -0.6658
    - offset: -0.09008137
    - vertices: p314(v116) p572(v80) p298(v19)
    - neighboring facets: f523 f538 f541
- f541
    - flags: bottom simplicial
    - normal:     0.112   0.6018  -0.7908
    - offset: -0.09305318
    - vertices: p314(v116) p572(v80) p17(v53)
    - neighboring facets: f521 f627 f540
- f544
    - flags: bottom simplicial
    - normal:   0.07334  0.06234  -0.9954
    - offset: -0.0675116
    - vertices: p641(v117) p393(v10) p836(v6)
    - neighboring facets: f25 f545 f546
- f545
    - flags: top simplicial
    - normal:   0.07327  0.06228  -0.9954
    - offset: -0.06748076
    - vertices: p641(v117) p401(v87) p836(v6)
    - neighboring facets: f549 f544 f546
- f546
    - flags: bottom simplicial
    - normal:   0.07328  0.06237  -0.9954
    - offset: -0.06748676
    - vertices: p641(v117) p401(v87) p393(v10)
    - neighboring facets: f628 f544 f545
- f549
    - flags: bottom simplicial
    - normal:   0.06108  0.01135  -0.9981
    - offset: -0.06291763
    - vertices: p249(v118) p401(v87) p836(v6)
    - neighboring facets: f545 f556 f550
- f550
    - flags: top simplicial
    - normal:    0.0284  0.03849  -0.9989
    - offset: -0.05728149
    - vertices: p249(v118) p401(v87) p716(v34)
    - neighboring facets: f562 f551 f549
- f551
    - flags: bottom simplicial
    - normal:  -0.00359  0.02955  -0.9996
    - offset: -0.05209993
    - vertices: p249(v118) p96(v90) p716(v34)
    - neighboring facets: f561 f550 f552
- f552
    - flags: top simplicial
    - normal:  -0.004119  0.02506  -0.9997
    - offset: -0.05206124
    - vertices: p249(v118) p96(v90) p322(v57)
    - neighboring facets: f423 f554 f551
- f553
    - flags: bottom simplicial
    - normal:  0.0004957   -0.171  -0.9853
    - offset: -0.05734644
    - vertices: p431(v119) p64(v88) p322(v57)
    - neighboring facets: f564 f554 f555
- f554
    - flags: top simplicial
    - normal:   0.01319 -0.08024  -0.9967
    - offset: -0.05577519
    - vertices: p431(v119) p249(v118) p322(v57)
    - neighboring facets: f552 f553 f556
- f555
    - flags: top simplicial
    - normal:  0.005224  -0.7626  -0.6469
    - offset: -0.0688859
    - vertices: p431(v119) p64(v88) p136(v11)
    - neighboring facets: f404 f557 f553
- f556
    - flags: bottom simplicial
    - normal:   0.05798 -0.08009  -0.9951
    - offset: -0.06311558
    - vertices: p431(v119) p249(v118) p836(v6)
    - neighboring facets: f549 f558 f554
- f557
    - flags: bottom simplicial
    - normal:   0.04055  -0.9501  -0.3094
    - offset: -0.06664133
    - vertices: p431(v119) p636(v61) p136(v11)
    - neighboring facets: f441 f555 f558
- f558
    - flags: top simplicial
    - normal:   0.09965  -0.6581  -0.7463
    - offset: -0.08462836
    - vertices: p431(v119) p636(v61) p836(v6)
    - neighboring facets: f438 f556 f557
- f559
    - flags: bottom simplicial
    - normal:  -0.01512   0.1578  -0.9874
    - offset: -0.05387668
    - vertices: p68(v120) p649(v85) p752(v56)
    - neighboring facets: f532 f563 f560
- f560
    - flags: bottom simplicial
    - normal:  -0.01419  0.08288  -0.9965
    - offset: -0.05134761
    - vertices: p68(v120) p96(v90) p649(v85)
    - neighboring facets: f413 f559 f561
- f561
    - flags: top simplicial
    - normal:  -0.008663  0.07332  -0.9973
    - offset: -0.05173734
    - vertices: p68(v120) p96(v90) p716(v34)
    - neighboring facets: f551 f562 f560
- f562
    - flags: bottom simplicial
    - normal:  0.002063  0.08247  -0.9966
    - offset: -0.05353094
    - vertices: p68(v120) p401(v87) p716(v34)
    - neighboring facets: f550 f561 f563
- f563
    - flags: top simplicial
    - normal:  0.001775   0.1087  -0.9941
    - offset: -0.05445558
    - vertices: p68(v120) p401(v87) p752(v56)
    - neighboring facets: f539 f559 f562
- f564
    - flags: top simplicial
    - normal:  -0.07216  -0.1718  -0.9825
    - offset: -0.05416503
    - vertices: p319(v121) p64(v88) p322(v57)
    - neighboring facets: f553 f565 f566
- f565
    - flags: bottom simplicial
    - normal:  -0.06461  -0.1136  -0.9914
    - offset: -0.05321882
    - vertices: p319(v121) p71(v91) p322(v57)
    - neighboring facets: f423 f564 f568
- f566
    - flags: bottom simplicial
    - normal:   -0.1217  -0.2871  -0.9501
    - offset: -0.05595202
    - vertices: p319(v121) p64(v88) p833(v20)
    - neighboring facets: f426 f567 f564
- f567
    - flags: top simplicial
    - normal:   -0.1787   -0.352  -0.9188
    - offset: -0.05684175
    - vertices: p319(v121) p315(v35) p833(v20)
    - neighboring facets: f258 f566 f568
- f568
    - flags: top simplicial
    - normal:   -0.1958  -0.3443  -0.9182
    - offset: -0.05696673
    - vertices: p319(v121) p71(v91) p315(v35)
    - neighboring facets: f416 f567 f565
- f570
    - flags: bottom simplicial
    - normal:   -0.1351   0.9887  0.06414
    - offset: -0.04349789
    - vertices: p903(v122) p766(v30) p879(v17)
    - neighboring facets: f468 f571 f631
- f571
    - flags: top simplicial
    - normal:   -0.1369   0.9903   0.0229
    - offset: -0.04229779
    - vertices: p903(v122) p907(v67) p879(v17)
    - neighboring facets: f577 f570 f636
- f574
    - flags: top simplicial
    - normal:   -0.1099   0.9939 -0.000878
    - offset: -0.04395539
    - vertices: p501(v123) p853(v28) p879(v17)
    - neighboring facets: f195 f575 f576
- f575
    - flags: bottom simplicial
    - normal:   -0.1216   0.9926 -0.00192
    - offset: -0.04292663
    - vertices: p501(v123) p855(v99) p879(v17)
    - neighboring facets: f578 f574 f576
- f576
    - flags: top simplicial
    - normal:   -0.1183    0.993 -0.004939
    - offset: -0.04317888
    - vertices: p501(v123) p855(v99) p853(v28)
    - neighboring facets: f581 f574 f575
- f577
    - flags: bottom simplicial
    - normal:   -0.1266    0.992 0.001088
    - offset: -0.04258754
    - vertices: p735(v124) p907(v67) p879(v17)
    - neighboring facets: f571 f578 f579
- f578
    - flags: top simplicial
    - normal:   -0.1262    0.992 0.0006206
    - offset: -0.04260286
    - vertices: p735(v124) p855(v99) p879(v17)
    - neighboring facets: f575 f577 f579
- f579
    - flags: bottom simplicial
    - normal:   -0.1343   0.9909 -0.0006627
    - offset: -0.04212405
    - vertices: p735(v124) p855(v99) p907(v67)
    - neighboring facets: f671 f577 f578
- f580
    - flags: top simplicial
    - normal:   -0.1148   0.9918 -0.05641
    - offset: -0.04481216
    - vertices: p491(v125) p31(v45) p853(v28)
    - neighboring facets: f299 f581 f583
- f581
    - flags: bottom simplicial
    - normal:   -0.1224   0.9922 -0.02287
    - offset: -0.04320132
    - vertices: p491(v125) p855(v99) p853(v28)
    - neighboring facets: f576 f580 f638
- f583
    - flags: top simplicial
    - normal:   -0.1331   0.9547  -0.2662
    - offset: -0.04986398
    - vertices: p491(v125) p153(v115) p31(v45)
    - neighboring facets: f535 f580 f584
- f584
    - flags: bottom simplicial
    - normal:   -0.1609   0.9753  -0.1516
    - offset: -0.04520853
    - vertices: p491(v125) p153(v115) p146(v98)
    - neighboring facets: f536 f637 f583
- f585
    - flags: top simplicial
    - normal:  -0.07378   0.9973 0.004831
    - offset: -0.04761726
    - vertices: p523(v126) p279(v97) p722(v46)
    - neighboring facets: f445 f587 f586
- f586
    - flags: top simplicial
    - normal:  -0.06844   0.9977 0.001012
    - offset: -0.04825965
    - vertices: p523(v126) p499(v100) p279(v97)
    - neighboring facets: f463 f585 f588
- f587
    - flags: top simplicial
    - normal:  -0.07444   0.9972 0.001246
    - offset: -0.04756892
    - vertices: p523(v126) p722(v46) p853(v28)
    - neighboring facets: f195 f588 f585
- f588
    - flags: bottom simplicial
    - normal:  -0.07149   0.9974 -0.0006894
    - offset: -0.04792198
    - vertices: p523(v126) p499(v100) p853(v28)
    - neighboring facets: f458 f587 f586
- f589
    - flags: bottom simplicial
    - normal:    0.1269   0.2969   0.9464
    - offset: -0.09057086
    - vertices: p519(v127) p353(v60) p935(v31)
    - neighboring facets: f263 f590 f591
- f590
    - flags: top simplicial
    - normal:    0.1239   0.2944   0.9476
    - offset: -0.08919736
    - vertices: p519(v127) p333(v105) p935(v31)
    - neighboring facets: f482 f589 f591
- f591
    - flags: bottom simplicial
    - normal:    0.1238   0.2938   0.9478
    - offset: -0.08914824
    - vertices: p519(v127) p333(v105) p353(v60)
    - neighboring facets: f483 f589 f590
- f592
    - flags: top simplicial
    - normal:   0.08432   0.2938   0.9522
    - offset: -0.07787658
    - vertices: p647(v128) p333(v105) p578(v75)
    - neighboring facets: f484 f593 f596
- f593
    - flags: top simplicial
    - normal:   0.06923   0.7162   0.6944
    - offset: -0.08414183
    - vertices: p647(v128) p578(v75) p858(v9)
    - neighboring facets: f334 f594 f592
- f594
    - flags: bottom simplicial
    - normal:   0.07269   0.7868   0.6129
    - offset: -0.08494923
    - vertices: p647(v128) p382(v78) p858(v9)
    - neighboring facets: f494 f593 f615
- f596
    - flags: bottom simplicial
    - normal:    0.1176   0.6349   0.7636
    - offset: -0.09497326
    - vertices: p647(v128) p333(v105) p326(v50)
    - neighboring facets: f485 f614 f592
- f599
    - flags: bottom simplicial
    - normal:   0.09221   0.9877    0.126
    - offset: -0.08401974
    - vertices: p335(v129) p295(v107) p382(v78)
    - neighboring facets: f494 f657 f666
- f600
    - flags: top simplicial
    - normal:   0.08245   0.9966 0.0008464
    - offset: -0.07851122
    - vertices: p335(v129) p765(v52) p303(v32)
    - neighboring facets: f676 f677 f651
- f604
    - flags: top simplicial
    - normal:    0.1423   0.9898 -0.002945
    - offset: -0.0963917
    - vertices: p282(v130) p2(v83) p902(v54)
    - neighboring facets: f375 f605 f609
- f605
    - flags: bottom simplicial
    - normal:     0.135   0.9908  0.00709
    - offset: -0.09398481
    - vertices: p282(v130) p199(v108) p902(v54)
    - neighboring facets: f499 f604 f681
- f609
    - flags: bottom simplicial
    - normal:    0.1289   0.9917 -6.187e-06
    - offset: -0.09199077
    - vertices: p958(v131) p282(v130) p2(v83)
    - neighboring facets: f604 f675 f679
- f612
    - flags: top simplicial
    - normal:    0.1664   0.8546   0.4918
    - offset: -0.1111387
    - vertices: p675(v132) p973(v103) p326(v50)
    - neighboring facets: f477 f614 f655
- f614
    - flags: bottom simplicial
    - normal:    0.1098   0.7312   0.6733
    - offset: -0.09393607
    - vertices: p675(v132) p647(v128) p326(v50)
    - neighboring facets: f596 f612 f615
- f615
    - flags: top simplicial
    - normal:    0.1082   0.7422   0.6614
    - offset: -0.09357011
    - vertices: p675(v132) p647(v128) p382(v78)
    - neighboring facets: f594 f658 f614
- f622
    - flags: top simplicial
    - normal:  -0.01477   0.6689  -0.7432
    - offset: -0.06592225
    - vertices: p810(v134) p682(v114) p298(v19)
    - neighboring facets: f530 f624 f623
- f623
    - flags: bottom simplicial
    - normal:  -0.02629   0.7062  -0.7075
    - offset: -0.06474836
    - vertices: p810(v134) p682(v114) p465(v86)
    - neighboring facets: f533 f625 f622
- f624
    - flags: bottom simplicial
    - normal:  -0.02285   0.8754  -0.4829
    - offset: -0.06487028
    - vertices: p810(v134) p422(v68) p298(v19)
    - neighboring facets: f353 f622 f625
- f625
    - flags: bottom simplicial
    - normal:  -0.04939   0.8897  -0.4538
    - offset: -0.0605394
    - vertices: p810(v134) p465(v86) p422(v68)
    - neighboring facets: f389 f624 f623
- f626
    - flags: bottom simplicial
    - normal:    0.1186   0.5173  -0.8475
    - offset: -0.09303148
    - vertices: p668(v135) p17(v53) p393(v10)
    - neighboring facets: f365 f628 f627
- f627
    - flags: bottom simplicial
    - normal:     0.115   0.5205  -0.8461
    - offset: -0.09203875
    - vertices: p668(v135) p314(v116) p17(v53)
    - neighboring facets: f541 f626 f629
- f628
    - flags: top simplicial
    - normal:   0.08503   0.2241  -0.9709
    - offset: -0.0755585
    - vertices: p668(v135) p401(v87) p393(v10)
    - neighboring facets: f546 f626 f629
- f629
    - flags: top simplicial
    - normal:   0.08358   0.2714  -0.9588
    - offset: -0.0766603
    - vertices: p668(v135) p314(v116) p401(v87)
    - neighboring facets: f539 f628 f627
- f630
    - flags: bottom simplicial
    - normal:   -0.1801   0.9836 -0.001355
    - offset: -0.04014437
    - vertices: p267(v136) p146(v98) p766(v30)
    - neighboring facets: f452 f631 f642
- f631
    - flags: top simplicial
    - normal:   -0.1735   0.9848 -0.0009861
    - offset: -0.04029512
    - vertices: p267(v136) p903(v122) p766(v30)
    - neighboring facets: f570 f630 f643
- f636
    - flags: bottom simplicial
    - normal:   -0.1517   0.9884 0.002197
    - offset: -0.04117461
    - vertices: p169(v137) p903(v122) p907(v67)
    - neighboring facets: f571 f669 f639
- f637
    - flags: bottom simplicial
    - normal:   -0.1595   0.9858 -0.05274
    - offset: -0.04212057
    - vertices: p757(v138) p491(v125) p146(v98)
    - neighboring facets: f584 f642 f638
- f638
    - flags: top simplicial
    - normal:    -0.134   0.9908 -0.02036
    - offset: -0.04245313
    - vertices: p757(v138) p491(v125) p855(v99)
    - neighboring facets: f581 f672 f637
- f639
    - flags: top simplicial
    - normal:   -0.1639   0.9865 -0.0004935
    - offset: -0.04065669
    - vertices: p757(v138) p169(v137) p903(v122)
    - neighboring facets: f636 f643 f670
- f642
    - flags: top simplicial
    - normal:   -0.1745   0.9847 -0.002284
    - offset: -0.04023454
    - vertices: p757(v138) p267(v136) p146(v98)
    - neighboring facets: f630 f637 f643
- f643
    - flags: bottom simplicial
    - normal:   -0.1735   0.9848 -0.001887
    - offset: -0.0402663
    - vertices: p757(v138) p267(v136) p903(v122)
    - neighboring facets: f631 f639 f642
- f645
    - flags: bottom simplicial
    - normal:    0.1249   0.9865    0.106
    - offset: -0.09231557
    - vertices: p841(v139) p335(v129) p199(v108)
    - neighboring facets: f656 f682 f678
- f650
    - flags: top simplicial
    - normal:   0.07465   0.9972 -0.002035
    - offset: -0.07636123
    - vertices: p248(v140) p981(v110) p765(v52)
    - neighboring facets: f511 f651 f652
- f651
    - flags: bottom simplicial
    - normal:   0.08137   0.9967 0.000483
    - offset: -0.07821215
    - vertices: p248(v140) p335(v129) p765(v52)
    - neighboring facets: f600 f650 f652
- f652
    - flags: top simplicial
    - normal:   0.07409   0.9973 -0.001544
    - offset: -0.07620958
    - vertices: p248(v140) p335(v129) p981(v110)
    - neighboring facets: f683 f650 f651
- f653
    - flags: top simplicial
    - normal:     0.154   0.9817   0.1117
    - offset:  -0.101291
    - vertices: p828(v141) p199(v108) p122(v73)
    - neighboring facets: f499 f654 f656
- f654
    - flags: bottom simplicial
    - normal:    0.1715   0.9561   0.2377
    - offset: -0.1095187
    - vertices: p828(v141) p973(v103) p122(v73)
    - neighboring facets: f474 f653 f655
- f655
    - flags: bottom simplicial
    - normal:    0.1671   0.9321   0.3213
    - offset: -0.1092092
    - vertices: p828(v141) p675(v132) p973(v103)
    - neighboring facets: f612 f654 f658
- f656
    - flags: top simplicial
    - normal:    0.1356   0.9783   0.1564
    - offset: -0.09611819
    - vertices: p828(v141) p335(v129) p199(v108)
    - neighboring facets: f645 f653 f657
- f657
    - flags: bottom simplicial
    - normal:    0.1354   0.9771   0.1641
    - offset: -0.09617984
    - vertices: p828(v141) p335(v129) p382(v78)
    - neighboring facets: f599 f658 f656
- f658
    - flags: top simplicial
    - normal:     0.136   0.9758   0.1715
    - offset: -0.09652813
    - vertices: p828(v141) p675(v132) p382(v78)
    - neighboring facets: f615 f657 f655
- f659
    - flags: bottom simplicial
    - normal:   0.03537   0.9994  -0.0065
    - offset: -0.06685472
    - vertices: p251(v142) p594(v133) p981(v110)
    - neighboring facets: f668 f661 f663
- f660
    - flags: bottom simplicial
    - normal:   0.02841   0.9995 -0.01458
    - offset: -0.06539907
    - vertices: p251(v142) p263(v79) p372(v2)
    - neighboring facets: f504 f662 f661
- f661
    - flags: bottom simplicial
    - normal:   0.02997   0.9995 -0.01368
    - offset: -0.06572805
    - vertices: p251(v142) p981(v110) p263(v79)
    - neighboring facets: f512 f660 f659
- f662
    - flags: top simplicial
    - normal:   0.01411   0.9999 -0.001029
    - offset: -0.06232118
    - vertices: p251(v142) p308(v51) p372(v2)
    - neighboring facets: f488 f660 f663
- f663
    - flags: top simplicial
    - normal:    0.0242   0.9997 0.0006335
    - offset: -0.06446536
    - vertices: p251(v142) p594(v133) p308(v51)
    - neighboring facets: f664 f662 f659
- f664
    - flags: bottom simplicial
    - normal:   0.02659   0.9996 0.002098
    - offset: -0.06500785
    - vertices: p805(v143) p594(v133) p308(v51)
    - neighboring facets: f663 f665 f668
- f665
    - flags: top simplicial
    - normal:   0.05242   0.9982  0.03007
    - offset: -0.07122746
    - vertices: p805(v143) p295(v107) p308(v51)
    - neighboring facets: f493 f664 f666
- f666
    - flags: top simplicial
    - normal:   0.05294   0.9982  0.02928
    - offset: -0.07133345
    - vertices: p805(v143) p335(v129) p295(v107)
    - neighboring facets: f599 f665 f686
- f668
    - flags: top simplicial
    - normal:   0.03852   0.9992 -0.00439
    - offset: -0.06757006
    - vertices: p805(v143) p594(v133) p981(v110)
    - neighboring facets: f659 f688 f664
- f669
    - flags: bottom simplicial
    - normal:   -0.1511   0.9885  0.00112
    - offset: -0.04119273
    - vertices: p243(v144) p169(v137) p907(v67)
    - neighboring facets: f636 f671 f670
- f670
    - flags: bottom simplicial
    - normal:   -0.1511   0.9885 0.0005894
    - offset: -0.04118961
    - vertices: p243(v144) p757(v138) p169(v137)
    - neighboring facets: f639 f669 f672
- f671
    - flags: top simplicial
    - normal:   -0.1344   0.9909 -0.0006762
    - offset: -0.0421194
    - vertices: p243(v144) p855(v99) p907(v67)
    - neighboring facets: f579 f669 f672
- f672
    - flags: top simplicial
    - normal:   -0.1426   0.9898 -0.003081
    - offset: -0.04165251
    - vertices: p243(v144) p757(v138) p855(v99)
    - neighboring facets: f638 f671 f670
- f673
    - flags: bottom simplicial
    - normal:    0.1289   0.9917 2.233e-07
    - offset: -0.09199019
    - vertices: p526(v145) p841(v139) p958(v131)
    - neighboring facets: f680 f675 f678
- f674
    - flags: bottom simplicial
    - normal:    0.1233   0.9924 -0.004032
    - offset: -0.09023445
    - vertices: p526(v145) p2(v83) p765(v52)
    - neighboring facets: f520 f676 f675
- f675
    - flags: bottom simplicial
    - normal:    0.1288   0.9917 -7.656e-05
    - offset: -0.09195901
    - vertices: p526(v145) p958(v131) p2(v83)
    - neighboring facets: f609 f674 f673
- f676
    - flags: bottom simplicial
    - normal:    0.1149   0.9934 -0.0005737
    - offset: -0.08776761
    - vertices: p526(v145) p765(v52) p303(v32)
    - neighboring facets: f600 f677 f674
- f677
    - flags: top simplicial
    - normal:    0.1083   0.9934  0.03903
    - offset: -0.08637961
    - vertices: p526(v145) p335(v129) p303(v32)
    - neighboring facets: f600 f676 f678
- f678
    - flags: top simplicial
    - normal:    0.1092   0.9931  0.04213
    - offset: -0.08670234
    - vertices: p526(v145) p841(v139) p335(v129)
    - neighboring facets: f645 f677 f673
- f679
    - flags: top simplicial
    - normal:    0.1289   0.9917 2.002e-06
    - offset: -0.09199169
    - vertices: p92(v146) p958(v131) p282(v130)
    - neighboring facets: f609 f681 f680
- f680
    - flags: top simplicial
    - normal:    0.1289   0.9917 2.466e-06
    - offset: -0.09199161
    - vertices: p92(v146) p841(v139) p958(v131)
    - neighboring facets: f673 f679 f682
- f681
    - flags: top simplicial
    - normal:    0.1289   0.9917 4.977e-06
    - offset: -0.09199233
    - vertices: p92(v146) p282(v130) p199(v108)
    - neighboring facets: f605 f682 f679
- f682
    - flags: bottom simplicial
    - normal:    0.1289   0.9917 4.599e-06
    - offset: -0.09199217
    - vertices: p92(v146) p841(v139) p199(v108)
    - neighboring facets: f645 f681 f680
- f683
    - flags: bottom simplicial
    - normal:   0.05932   0.9982 0.004752
    - offset: -0.07241565
    - vertices: p368(v147) p335(v129) p981(v110)
    - neighboring facets: f652 f689 f687
- f686
    - flags: bottom simplicial
    - normal:   0.05784   0.9983 0.006757
    - offset: -0.07206878
    - vertices: p947(v148) p805(v143) p335(v129)
    - neighboring facets: f666 f687 f688
- f687
    - flags: top simplicial
    - normal:   0.05839   0.9983 0.005832
    - offset: -0.07219356
    - vertices: p947(v148) p368(v147) p335(v129)
    - neighboring facets: f683 f686 f689
- f688
    - flags: top simplicial
    - normal:   0.04745   0.9989 -7.989e-06
    - offset: -0.06964171
    - vertices: p947(v148) p805(v143) p981(v110)
    - neighboring facets: f668 f689 f686
- f689
    - flags: bottom simplicial
    - normal:   0.04747   0.9989 -1.516e-07
    - offset: -0.06964598
    - vertices: p947(v148) p368(v147) p981(v110)
    - neighboring facets: f683 f688 f687
