3
1000 178 267
0.0273892 -0.0288963 -0.06873269999999999 
0.07678409999999999 -0.0370595 0.113078 
0.04093 0.0186716 -0.0103612 
0.06900000000000001 -0.014559 -0.0220551 
0.0648439 -0.009955790000000001 0.116255 
0.0760483 0.0017841 0.07182379999999999 
 0.064 0.0063179 -0.0147174 
0.072987 -0.0459461 0.0999799 
0.0539458 -0.0042677 0.0347318 
 0.041 0.00298654 -0.0231633 
0.06900000000000001 -0.00190195 0.0170544 
0.06622119999999999 0.0324839 0.108881 
0.0727348 -0.046406 -0.0647716 
0.06900000000000001 0.0397899 0.008387240000000001 
0.0599593 -0.026694 -0.0639615 
0.0541812 0.00822438 0.136241 
0.0621707 0.0349004 -9.72607e-05 
0.0689602 -0.00718344 0.100375 
0.0491086 0.0279774 0.143143 
0.06900000000000001 -0.00137641 -0.0449459 
0.0612444 0.0295511 0.11608 
 0.065 0.0352017 -0.0565966 
 0.041 0.0148714 -0.00587924 
 0.067 -0.0196931 0.0910412 
0.06900000000000001 0.00723559 0.0304073 
0.07387929999999999 -0.0228672 0.0368727 
0.07673530000000001 -0.0198259 -0.0726345 
-0.01158 0.0281965 -0.078 
 0.067 0.00279579 -0.0436759 
0.0423473 -0.0125686 -0.0161845 
0.073948 0.0243352 0.007923960000000001 
0.0517187 -0.042394 0.145712 
0.07609779999999999 0.00152447 0.115559 
 0.036 0.0302846 0.020201 
 0.041 0.0100989 0.009033029999999999 
0.06900000000000001 0.0230378 0.0108062 
 0.067 0.0360527 0.078011 
0.0735344 -0.0417934 -0.0607607 
0.0548344 0.00486503 -0.0342909 
0.06482060000000001 -0.0385174 0.103858 
-0.0250713 0.0203818 -0.075 
0.06900000000000001 0.0188167 0.0455222 
0.06741 0.0355501 -0.08453670000000001 
 0.065 -0.0505799 0.0631473 
 0.067 -0.009223530000000001 0.06709089999999999 
0.06967230000000001 -0.0536684 0.0955588 
0.07331849999999999 0.0344424 0.00548304 
0.0662126 0.0522677 0.104313 
0.0608359 -0.0433525 -0.0772062 
0.06900000000000001 -0.00162719 0.0745155 
0.0750928 0.0221508 -0.0224432 
-0.0153099 0.0128337 0.0354833 
 0.077 0.00325991 0.110371 
 0.064 -0.00980145 0.0329935 
0.0749302 0.0414867 0.0302386 
 0.065 0.0463429 0.0509117 
 0.067 -0.0415883 0.0676296 
0.066135 0.0523213 0.08700570000000001 
0.0306739 -0.0326674 -0.0430995 
0.0452857 -0.0333355 -0.0352802 
0.0742992 -0.00374419 -0.0809023 
0.06900000000000001 0.000179672 0.0532133 
0.0614741 0.0221604 0.0498707 
-0.008477999999999999 0.0354797 -0.0861127 
0.0560873 0.0388186 0.140738 
0.06900000000000001 0.0402402 0.0440057 
0.06900000000000001 -0.0086202 -0.00282223 
0.06900000000000001 -0.0208794 -0.0371664 
-0.012055 0.0128664  0.038 
0.0650496 -0.0516825 -0.0189133 
0.0641288 -0.0105142 -0.073876 
0.0305487 -0.0248751 -0.0768462 
0.06900000000000001 -0.0474227 0.0150652 
 0.077 -0.00107474 0.000705192 
0.0755115 0.00964332 0.0805283 
0.0659819 -0.0414905 -0.0689616 
0.0393006 0.0268661 -0.0351308 
0.0665669 0.014229 -0.0823054 
0.06900000000000001 0.0242141 0.0216998 
0.061712 -0.0131208 -0.083051 
0.0766028 -0.0226676 0.0314948 
0.0403938 -0.024711 -0.0365362 
 0.067 0.0346696 0.0290359 
0.0444113 -0.00503136 -0.0350901 
0.06900000000000001 -0.022865 -0.00129424 
0.0678333 -0.013499 0.0386237 
0.0219121 0.0201953 -0.0760657 
0.06900000000000001 0.0204969 -0.0547476 
0.0327882 0.0288423 -0.0546685 
0.07462249999999999 0.0507003 0.0980182 
0.0765576 0.0531056 -0.0183769 
0.0504047 0.0348041 0.144659 
0.0378985 -0.00542317 -0.0721446 
 0.067 0.00471673 0.07765710000000001 
0.06812840000000001 -0.0393166 -0.0445838 
0.07574210000000001 -0.0396364 -0.0535007 
 0.064 -0.009455180000000001 0.0131208 
0.07429479999999999 -0.0470745 0.00329085 
0.0729074 -0.00316333 -0.0817455 
 0.064 0.00723491 -0.0297405 
0.0619813 -0.0188895 -0.0427983 
0.06740790000000001 -0.00598053 -0.06923899999999999 
0.0752777 0.0530831 -0.0117193 
0.0757496 -0.0217046 -0.007826639999999999 
0.06900000000000001 0.0154594 0.0702749 
 0.067 -0.0482675 0.0147465 
 0.065 -0.0437898 0.08260679999999999 
 0.065 -0.0415968 0.0579724 
0.0600091 -0.00239623 0.114531 
  0.06 -0.0120066 -0.0031192 
0.0741352 -0.0188999 -0.0523256 
 0.041 0.0267727 0.017116 
0.0756435 -0.0340023 0.07618560000000001 
0.06900000000000001 0.0185248 -0.00223252 
0.0686792 0.0185229 0.0530001 
0.06734660000000001 -0.0345328 0.0611732 
0.0423822 0.0184795 0.0301742 
0.0636395 0.0216381 -0.0380733 
0.0510788 0.0092093 0.152633 
0.0750425 -0.0250759 -0.0117189 
0.06900000000000001 0.015019 0.0391745 
0.0605153 -0.042121 -0.0776522 
0.0297354 -0.0322493 -0.0489581 
0.0397379 0.0138756 -0.0679215 
0.0590153 -0.0116786 0.14304 
0.0517451 -0.00441266 -0.0347111 
 0.065 -0.0313585 0.0675719 
0.06900000000000001 -0.030574 0.07311049999999999 
0.06900000000000001 0.00551011 -0.0316493 
0.06457640000000001 0.0171094 0.0133668 
 0.064 0.0169939 0.0293294 
 0.036 -0.0306587 0.00145913 
0.0708563 0.0364238 -0.0792281 
0.0329239 0.0293491 -0.0529265 
0.06900000000000001 -0.0133859 -0.0257738 
0.0664082 0.0168778 0.10826 
-0.00516521 -0.036106 -0.0718236 
0.07693179999999999 -0.0534695 0.122984 
 0.065 0.0107977 0.0598001 
0.0761703 0.007869320000000001 0.128986 
0.0490734 0.0348564 -0.00300127 
0.06431770000000001 -0.0227023 0.0457324 
 0.064 0.0164842 -0.00738369 
0.06900000000000001 -0.0418528 0.0535975 
-0.00410405 0.0325376 -0.0839336 
0.0365649 -0.0263751 -0.0571239 
-0.0265449 -0.0292089 -0.0795119 
0.035162 -0.0300521 -0.0566035 
0.0692319 -0.021588 -0.0863588 
0.0418864 -0.018081 0.155182 
 0.065 0.0327941 -0.0541091 
0.0727747 0.00248584 -0.072991 
0.0728398 -0.0296697 0.12906 
0.0505121 0.00652074 0.147441 
0.0180935 0.0334713 -0.0506075 
0.0762564 0.0191354 -0.0378626 
 0.077 -0.0464429 0.0368948 
0.0593283 0.0131045 0.0377702 
0.0319655 0.0113985 -0.075 
0.0572579 -0.0274656 -0.0732853 
 0.077 0.0359522 -0.0559604 
0.0552847 -0.0251573 0.1413 
0.0636231 0.00257911 -0.0869313 
 0.077 -0.0407056 0.0328212 
0.06900000000000001 0.0316239 0.0935575 
0.06900000000000001 -0.0230702 -0.0465355 
0.057053 0.0330387 0.149242 
0.06900000000000001 -0.00854165 -0.02562 
0.0379266 0.0374378 0.008826580000000001 
0.0143669 0.0312361 -0.0830514 
0.06900000000000001 0.00799911 0.0337145 
 0.065 -0.0373962 0.06367100000000001 
0.0630371 -0.0379088 0.122573 
0.0588962 0.00324755 0.132094 
0.075806 -0.0450589 0.0817353 
0.06900000000000001 -0.0255926 0.07848430000000001 
0.0660655 0.00201568 0.14077 
0.0333682 0.0264963 -0.0663207 
0.0688429 0.0214712 -0.0626086 
0.0755854 0.0186646 0.0226792 
0.0482904 0.0339544 0.0185264 
0.0632678 -0.0167824 -0.07082479999999999 
 0.067 0.00517467 0.0445977 
0.06857340000000001 -0.0493249 0.0465681 
0.0664035 -0.0536716 0.0987587 
0.07499020000000001 0.0505824 0.117233 
0.0609983 -0.0124567 0.000503436 
0.059946 -0.00239623 0.10512 
0.06900000000000001 0.008407710000000001 0.0270677 
 0.065 0.0410182 -0.014253 
0.0576148 -0.0356071 -0.00998367 
 0.065 0.0340879 -0.0422554 
0.0461075 -0.0348635 -0.00308106 
0.0370348 -0.0382154 0.00432259 
 0.067 0.0308073 0.0519024 
 0.065 0.0444722 0.016389 
0.0494082 -0.0210261 0.0279516 
0.0768831 0.0415603 0.0588271 
 0.073 0.0467536 0.0606624 
0.0343169 -0.0102339 -0.0747187 
0.0660294 -0.0149942 -0.0833392 
0.0553882 0.0322366 0.112083 
0.0753837 0.0156116 0.131986 
0.06900000000000001 0.0215535 -0.051725 
0.0756344 -0.0531346 0.0190959 
0.0366126 0.0285889 -0.0524078 
0.0558324 -0.00831879 0.133238 
 0.045 -0.00326903 -0.00452939 
0.0393575 -0.0136477 -0.06935819999999999 
 0.077 -0.0478496 0.0533727 
0.0745599 -0.0240913 0.0384686 
0.0747246 0.018121 0.08818520000000001 
0.0457553 0.0191395 -0.03721 
0.06562510000000001 0.0172336 -0.0129061 
 0.077 0.0307546 0.0823431 
0.0679862 0.0132311 0.110878 
0.06499489999999999 0.0281045 0.074221 
0.0545663 -0.0100057 -0.0334999 
 0.064 0.0298144 -0.0058795 
0.0765676 0.00633342 0.0898926 
 0.065 0.0444124 0.0614869 
0.0609 0.0244566 0.140278 
0.03345 0.0146435 0.0242472 
 0.041 -0.0172214 -0.0108884 
0.0590273 0.008881740000000001 0.148854 
-0.0227062 -0.0237797 -0.075 
0.068426 -0.0214857 -0.0616515 
0.0600373 0.0360344 -0.0844302 
0.0392125 0.00225523 -0.07826519999999999 
0.06900000000000001 0.0109917 0.0941601 
 0.067 0.00341038 -0.0533069 
0.0600944 0.0161982 0.125059 
0.0732063 0.0423372 -0.029683 
0.06900000000000001 -0.0506647 -0.00888691 
0.0306339 0.0347227 -0.0730893 
 0.073 -0.0286671 0.0693781 
-0.0168032 0.0281705 -0.0781192 
0.06900000000000001 0.0064896 0.0605221 
0.06900000000000001 0.00183163 0.02188 
0.0672442 -0.00985987 0.0150318 
0.0614314 -0.0229313 0.0353278 
0.0402816 -0.0368645 0.0110176 
0.0571634 -0.0400527 0.130646 
0.0268469 0.0339721 -0.0461064 
0.0581462 -0.0445697 0.128911 
 0.065 0.049206 -0.0199009 
0.06900000000000001 -0.0144829 -0.00657635 
 0.064 -0.0257559 0.0122428 
0.0399277 -0.0151166 0.00496954 
0.06900000000000001 0.00786718 0.0892346 
0.06900000000000001 0.0206816 -0.0579775 
0.0356557 -0.00960073 0.0379934 
-0.0314948 0.0012098 -0.078 
0.0433115 -0.0202288 -0.0452656 
0.06900000000000001 -0.0362035 0.0916395 
0.0458573 -0.0171991 0.151567 
0.0584355 -0.0441327 0.143646 
  0.06 0.00617471 0.00573033 
 0.065 -0.0417391 0.0307324 
0.0479252 0.0128758 0.0224288 
0.07371279999999999 0.0100769 0.07925359999999999 
 0.041 0.0113314 0.0277472 
0.0501761 -0.00214142 0.136306 
0.0687368 0.0287058 0.103002 
 0.065 0.0239298 0.0471341 
0.0231252 -0.0232504 -0.08437119999999999 
0.0516309 0.0121294 0.144882 
-0.026972 0.0290113 -0.0833057 
0.0255675 0.0114328 0.0302821 
0.0374896 -0.0137172 -0.0749498 
0.0158976 0.0292355 -0.0745426 
0.06900000000000001 -0.00150917 -0.0410716 
0.0624593 0.0233104 0.129586 
 0.077 -0.000335832 0.086628 
0.06400749999999999 0.00552486 0.110751 
0.0607273 0.0293416 -0.0709581 
0.0666089 -0.00697771 0.105907 
0.06900000000000001 -0.0162041 -0.04622 
0.0759011 0.0479919 0.101431 
-0.0171401 0.0320671 -0.0835303 
0.06900000000000001 0.0418961 0.09761060000000001 
0.0724533 0.0534129 -0.0589556 
0.00449619 -0.0311628 -0.07288600000000001 
0.07168720000000001 -0.0247107 -0.07057289999999999 
 0.067 -0.024396 -0.0492513 
0.0542202 0.0307361 0.122251 
0.06900000000000001 0.0421521 0.0549388 
0.0717054 -0.0524832 0.118492 
0.0480917 0.0230827 0.150051 
0.0540615 -0.0334619 -0.0102469 
0.06900000000000001 -0.0273117 -0.014981 
 0.041 0.0148937 -0.00396132 
0.0383646 -0.0194268 -0.0570672 
0.065972 -0.0465287 0.110237 
0.058574 0.00219088 0.148711 
0.0681253 -0.0239143 -0.0684048 
0.0754896 -0.00247924 -0.0483691 
0.06731570000000001 0.0163084 -0.0181981 
0.0687557 0.0428047 0.1029 
0.0748815 0.024145 -0.0764489 
 0.064 0.0185441 0.0015397 
0.044069 -0.0337949 0.147902 
0.0739315 0.0008420530000000001 0.0697263 
 0.037 0.0245666 -0.00668406 
 0.036 0.0120131 0.00312854 
0.0562541 -0.00239623 0.122604 
0.0267454 -0.0250379 -0.0843083 
0.06900000000000001 0.0363208 0.00892095 
0.0380285 0.0119136 -0.0163532 
0.0764756 0.0392758 -0.0248787 
0.0546796 -0.00214632 0.04289 
 0.064 -0.00601297 -0.0178476 
 0.064 -0.0244349 -0.00578787 
 0.077 -0.030656 -0.015469 
0.0686909 0.0233521 0.103453 
0.07299079999999999 0.0474027 0.100518 
0.06900000000000001 -0.0446366 -0.035459 
0.0641375 0.0113916 -0.073702 
 0.067 -0.0112922 -0.0453511 
0.0336198 -0.026063 -0.0665541 
0.0697223 0.017101 -0.008300139999999999 
0.0548656 0.0357356 0.138993 
 0.064 0.0337188 -0.00369635 
 0.077 0.0431139 0.0896623 
0.066293 -0.0326593 0.107458 
0.0402801 -0.00693447 -0.0718505 
0.0689245 -0.0094541 -0.0613926 
 0.036 0.000756259 -0.0164926 
0.0610769 -0.00111741 -0.0123427 
0.0539575 0.000660185 0.0404646 
0.06900000000000001 0.0503183 0.077033 
0.0614597 0.00194818 -0.0399211 
 0.041 -0.0322023 -0.0126424 
0.068741 0.0342443 -0.0642744 
0.0429472 -0.0351976 -0.00326601 
0.0404269 -0.0150035 0.00541365 
 0.077 0.014863 0.0314812 
0.0600994 -0.0145605 0.0211845 
0.0542953 0.0276471 0.136209 
0.0381875 0.0302415 0.0237979 
0.0552406 -0.00239623 0.138688 
0.06900000000000001 -0.0429105 0.09864580000000001 
 0.064 -0.0227114 -0.0205564 
0.0764782 0.0411053 0.123871 
0.0735256 0.000899375 0.0695726 
0.0363184 0.0102718 -0.08183219999999999 
 0.077 0.0182741 0.0955517 
0.0646351 -0.0277823 0.133539 
0.06900000000000001 -0.031024 -0.0253599 
 0.073 0.0173153 0.00353061 
0.06900000000000001 -0.0510753 -0.0420449 
 0.077 0.0028179 0.108608 
0.0580233 -0.0352514 0.15327 
0.0730133 0.0124275 0.0234666 
 0.064 -0.0233502 -0.00387678 
0.07379869999999999 -0.0326328 0.089672 
 0.064 -0.00753562 -0.00984897 
0.0438378 0.0381211 -0.011916 
 0.073 -0.0202219 -0.0488792 
0.0562192 0.0219975 0.150855 
0.0649893 -0.0108299 0.100607 
0.0765523 0.0216203 0.07436280000000001 
 0.053 -0.0311129 0.020676 
0.07344829999999999 0.0149657 0.0795097 
0.0604835 0.0237694 0.0598052 
 0.077 -0.00911082 0.117453 
0.0751178 0.0186598 0.132838 
0.056307 -0.0383268 0.146496 
0.0319449 0.00697847 0.0375962 
 0.077 -0.00151069 -0.0324951 
 0.067 0.00582763 0.0522346 
 0.064 -0.0203283 0.0185947 
 0.037 -0.00195902 0.0243494 
0.0689553 0.0348106 0.0216418 
0.06900000000000001 0.0326113 0.0282793 
0.0580574 -0.0317399 0.13722 
0.0497524 -0.000654639 0.136306 
0.0477527 0.0187316 0.147433 
0.0359575 0.00647871 0.0168214 
0.0600982 -0.0240729 -0.0659878 
0.0236413 0.0360485 -0.0735585 
0.0275858 -0.0221672 -0.08699999999999999 
0.0688935 -0.0218886 -0.0621064 
0.0648835 0.00969135 0.102902 
0.0688269 -0.03204 0.10162 
 0.077 0.0358491 0.0948316 
0.0389417 -0.0170061 -0.0348182 
0.0564814 0.0232613 0.0568099 
0.07546659999999999 0.0261296 0.117995 
0.068979 0.0313353 -0.0609046 
0.0421893 -0.0184371 -0.053087 
0.0460353 -0.00105874 -0.0532305 
0.06900000000000001 0.0419479 -0.0203771 
0.06900000000000001 -0.0294207 0.0972933 
0.06900000000000001 0.0265535 0.027917 
0.0411926 -0.0145298 0.011623 
 0.067 0.00382351 -0.0417185 
 0.067 0.0375643 0.0253829 
0.0312638 -0.00994039 -0.08544690000000001 
 0.064 -0.0232104 -0.00179086 
0.0759623 0.0363207 0.0320388 
0.0764276 -0.036615 0.126488 
 0.077 -0.00622785 0.0400701 
0.0603609 0.025653 -0.0235477 
0.0598728 0.00366057 0.130888 
 0.077 0.0139863 0.0664492 
0.0671508 -0.027699 0.0770168 
 0.041 0.0294544 -0.0125925 
 0.065 -0.0341142 -0.0578481 
 0.041 0.021374 -0.00264539 
0.06778430000000001 -0.0400743 0.09822259999999999 
 0.036 0.0306934 0.00430963 
0.06900000000000001 0.00337889 0.0908081 
0.06900000000000001 0.051202 0.0806186 
0.0602727 -0.0225178 -0.0267519 
0.0564213 -0.0411778 0.132006 
 0.067 0.0483425 -0.0440646 
0.0766907 0.047814 0.0682509 
0.06900000000000001 0.0283022 0.0102018 
0.06900000000000001 0.00241862 0.00167506 
0.0416112 0.0265796 0.0278165 
0.0765279 -0.0206383 0.0359834 
0.0237169 0.0146755 0.0308829 
0.0566287 0.0259734 0.0935608 
0.06900000000000001 -0.00725756 -0.00303844 
0.06900000000000001 -0.031511 -0.0551726 
0.0548301 -0.0293572 0.141525 
 0.041 0.0226207 0.00944827 
0.07370450000000001 -0.0177225 0.0586498 
0.0731054 -0.00149164 -0.0155969 
0.0605617 0.0315846 0.129028 
-0.0111984 -0.0120605  0.038 
0.0387598 -0.036804 0.0111843 
0.06900000000000001 -0.0521365 0.040778 
0.0668933 0.0338058 -0.0620752 
0.0364398 -0.0015 -0.052047 
0.0369819 0.010885 -0.00570589 
 0.077 -0.0272136 0.0821051 
 0.077 0.0149459 0.0465781 
0.06900000000000001 -0.0210121 -0.0557302 
0.0712198 -0.0252527 0.129717 
0.0435749 -0.025525 -0.0323238 
0.0561219 0.00192457 0.0412518 
0.06900000000000001 -0.0377956 0.0173613 
 0.064 0.0135141 0.00398292 
0.06900000000000001 0.0391739 0.0124289 
0.07420789999999999 0.0199518 0.0477493 
0.059211 0.0239263 -0.0793845 
0.0550827 -0.0156727 0.14129 
0.06900000000000001 -0.0383545 -0.05086 
0.0677875 -0.01059 0.112826 
0.014988 0.0078187  0.038 
0.06900000000000001 0.000239419 -0.0584242 
0.0576021 -0.0129058 0.138147 
0.0690703 0.0430143 0.140736 
 0.067 0.00531391 0.0671074 
0.0754227 0.0328631 0.0489774 
-0.0185063 -0.0074625 0.0370039 
 0.064 0.00757523 -0.0126185 
0.06704830000000001 -0.0218558 -0.0860093 
0.07351480000000001 -0.0109465 0.111895 
0.0399005 0.00550193 -0.0738935 
0.06900000000000001 -0.0114245 -0.0379129 
0.0451975 -0.00442986 0.15255 
0.0708925 0.052994 0.00104735 
0.0531007 -0.0274 0.144222 
 0.065 -0.0309041 -0.0587404 
0.0362884 -0.0140993 -0.0109036 
0.06900000000000001 0.046969 0.0152987 
 0.041 0.00562905 0.0178112 
 0.077 -0.0139984 -0.0223153 
0.06900000000000001 -0.00169217 0.0984187 
 0.077 0.0471612 0.0290809 
0.06900000000000001 -0.00226193 -0.0270437 
 0.077 -0.0466734 0.0121338 
0.0732524 -0.0519942 -0.0182648 
0.0682092 -0.0440159 0.101195 
0.057899 -0.0288061 -0.0192674 
 0.077 0.028522 -0.0215677 
0.06728679999999999 -0.029225 -0.0568941 
0.0331915 0.0315622 -0.06644700000000001 
 0.064 0.00660776 -0.0152838 
0.06900000000000001 -0.0451377 0.0383994 
  0.06 -0.000143188 -0.00865547 
 0.041 0.022005 -0.0220252 
0.07423390000000001 -0.00429336 -0.0123846 
 0.065 -0.0302062 -0.0307281 
0.0670258 0.0181614 0.0153873 
0.06900000000000001 -0.00488771 0.0390987 
0.06347949999999999 -0.0149978 -0.07033590000000001 
0.06762369999999999 0.0114801 0.127318 
0.0620816 -0.0521138 0.129934 
0.0699121 -0.0499467 0.140414 
 0.077 -0.00715745 0.1182 
0.0139328 0.0340284 -0.0554473 
0.0657064 0.0130679 0.0112006 
0.06826459999999999 -0.0250395 0.107649 
0.0653463 0.0244635 0.132358 
0.0663295 0.0438135 0.108051 
-0.0168132 -0.032333 -0.07656300000000001 
 0.077 0.0179413 -0.0283304 
0.0401751 -0.0348035 -0.0213784 
0.0379968 0.0050341 -0.0112268 
0.06746539999999999 -0.0148332 0.00934102 
0.06835869999999999 -0.0355289 -0.0797698 
0.06900000000000001 -0.0136889 0.00730922 
 0.067 -0.0236788 0.0537568 
0.0299692 -0.0362299 -0.068161 
0.06900000000000001 0.00457738 0.0363002 
0.07402499999999999 0.0488916 0.07245310000000001 
 0.064 -0.0201877 -0.000329175 
0.0611674 -0.0299027 0.0895145 
0.06900000000000001 -0.0254115 0.0755209 
0.0450987 -0.0119895 0.0149642 
0.0627051 -0.0050901 0.152282 
-0.0127625 0.0302763 -0.0786495 
0.0672229 0.0206601 -0.0474623 
 0.077 0.0425046 0.00744981 
0.0567916 -0.030457 0.020581 
 0.077 -0.0356272 0.107532 
0.06900000000000001 -0.00413315 0.0569117 
0.0399061 -0.0249619 -0.0349174 
0.0765961 0.0332661 -0.0734673 
0.0257894 -0.0358275 -0.0475762 
0.07577 -0.0493433 0.0399706 
0.0652722 -0.0340292 -0.07129480000000001 
0.0322749 0.018924 -0.0737392 
 0.065 0.0190936 0.08851829999999999 
0.0674269 -0.0271638 -0.06606330000000001 
 0.077 0.0276227 0.11178 
 0.048 0.0333465 0.0170436 
0.07648480000000001 0.0214627 0.0101489 
0.07500419999999999 -0.0285487 -0.0380499 
0.0355579 -0.0352205 -0.00736633 
0.06900000000000001 0.012293 0.0277197 
0.06900000000000001 -0.0141797 0.0216962 
 0.064 -0.0249606 -0.0213139 
0.0222024 0.0103285 0.0309054 
0.06480089999999999 0.0461652 -0.06292499999999999 
0.06850580000000001 0.0529987 0.000204223 
0.009044399999999999 0.0359516 -0.0764388 
0.06900000000000001 0.00743471 0.008276769999999999 
 0.065 -0.044253 -0.0563246 
 0.077 -0.0135675 0.0636978 
0.0334619 0.0234662 -0.07197820000000001 
0.0210159 0.0253597 -0.078208 
0.06900000000000001 -0.00361987 0.0318599 
 0.067 -0.0135053 0.0474745 
0.0761211 -0.0175211 0.128744 
0.0588565 0.026727 -0.0729283 
0.06818059999999999 -0.0529772 -0.00345805 
0.0762211 0.00926918 0.128653 
0.0326229 0.00334701 -0.0801156 
 0.041 0.0222953 -0.0207901 
 0.065 0.0352565 -0.0297574 
-0.0145344 -0.0260444 -0.07681640000000001 
0.06397319999999999 -0.0272781 0.110829 
0.06900000000000001 0.0294853 0.0757625 
0.0654324 0.032998 0.11461 
0.0410415 -0.00123998 0.0359752 
0.0684299 0.0529999 0.000193797 
0.0270155 0.0311042 -0.06259960000000001 
0.06900000000000001 0.0395862 0.00632822 
0.06556339999999999 0.0483626 0.114193 
0.0595455 -0.0109079 0.15051 
0.057587 0.00267926 -0.0879593 
0.0333359 -0.0015 -0.06981 
0.0675374 -0.0528933 -0.0154704 
  0.06 0.00397034 -0.000369854 
0.0180197 -0.0366701 -0.0550697 
0.06900000000000001 0.0210955 0.0598474 
0.06900000000000001 0.0376888 0.00399992 
0.0682744 -0.0345622 0.107479 
0.06805849999999999 0.00816452 0.0897882 
0.06900000000000001 0.0312518 -0.025467 
 0.064 -0.0181042 -0.0240437 
 0.048 0.00188565 -0.0373765 
0.0683723 0.00574318 0.101543 
0.06488629999999999 -0.00886402 -0.0776588 
 0.077 0.00795972 0.106337 
0.0660705 -0.053099 0.0255208 
 0.064 0.027037 0.0132998 
0.06900000000000001 0.0472722 0.0929265 
0.0675999 -0.0438268 -0.0706326 
0.0672749 0.00151299 0.0632701 
 0.065 0.0287323 0.0476566 
0.0580469 -0.0275783 0.12903 
0.0665283 0.0154617 0.140959 
0.0581876 -0.0236574 0.137201 
-0.0224907 -0.024435 -0.075 
0.0356174 -0.027778 -0.0481733 
-0.0278328 -0.0232231 -0.075 
 0.065 0.0370428 -0.0259389 
0.07439369999999999 -0.0529941 0.12154 
0.0359944 0.0156259 0.021309 
0.06900000000000001 -0.0209642 -0.00564377 
0.0582065 -0.0346629 0.116511 
0.03616 -0.0109613 0.0144001 
0.06664249999999999 -0.0315212 0.105891 
0.041299 -0.0164359 0.0151949 
0.0469783 -0.0296589 -0.019442 
0.0391525 -0.008480440000000001 0.0161163 
0.0620381 -0.0300737 0.140893 
0.0475336 0.0110508 0.0209214 
0.0602744 0.0111023 -0.0329893 
 0.064 -0.0254572 -0.009517279999999999 
0.0561086 -0.0302775 0.09710050000000001 
0.06900000000000001 -0.0145097 0.031021 
-0.0179474 0.008717890000000001 0.0318658 
 0.077 -0.0346465 0.0155235 
0.0394773 0.00904918 0.0170289 
0.07594819999999999 0.0519346 0.128241 
0.058642 0.0452913 0.132944 
0.0751298 0.0105642 0.0255402 
0.0501957 -0.0366982 0.134042 
0.0608823 0.0290361 0.147052 
0.0766741 -0.0367542 -0.0655635 
0.06400599999999999 -0.0118306 -0.0674561 
0.060304 -0.0119547 -0.0198337 
0.00908312 0.0323494 -0.0646074 
 0.077 -0.0232614 -0.0520808 
0.0361805 0.0172801 0.0145604 
0.0407948 0.0133133 -0.0574321 
 0.073 0.0388412 0.0275269 
 0.067 -0.0165848 0.0427344 
0.06900000000000001 -8.14702e-05 -0.0508731 
 0.077 -0.0452419 0.119968 
 0.067 0.0410393 0.0819085 
0.0687002 -0.0298024 -0.0587074 
0.0666553 -0.0292274 0.116831 
0.0616995 0.0481403 0.138405 
0.0588593 0.0330267 -0.0161768 
0.0746897 0.0303939 -0.0213898 
0.06900000000000001 -0.0429307 0.0600771 
0.0751797 0.00322398 -0.0211481 
0.07305540000000001 -0.0400323 0.0540708 
 0.067 0.0177366 -0.0583074 
0.0355344 0.0223631 -0.060767 
0.06900000000000001 -0.0007336899999999999 0.0630733 
0.06900000000000001 -0.0223357 -0.00400763 
 0.064 -0.000284799 -0.0300892 
 0.041 -0.0316391 0.0132212 
0.0768098 -0.0193817 -0.0722315 
0.06900000000000001 -0.0286115 0.0109679 
 0.065 -0.0449438 0.0372507 
0.0754268 -0.00173498 -0.07318529999999999 
0.0523482 0.0297039 0.0184986 
0.0683824 0.00725383 -0.0667577 
0.0730595 0.038548 0.105683 
0.0513826 -0.0179574 0.146273 
0.0400715 0.0186502 -0.0520381 
0.06900000000000001 -0.0246878 -0.0290459 
 0.045 0.00579025 -0.00918178 
0.06487809999999999 0.0415639 0.10309 
0.0665217 -0.0397081 -0.0654858 
0.0532727 -0.0366538 -0.00474774 
0.0667097 -0.0141483 -0.07333969999999999 
0.0351846 -0.000927888 -0.0472704 
 0.073 0.0306215 0.0433841 
0.0393594 0.0032728 -0.0640037 
0.0766473 -0.00563883 0.00942057 
0.0761168 -0.00284514 0.123864 
0.0643963 -0.0158736 0.124674 
0.00536036 0.0168335  0.038 
0.0731904 0.0174231 -0.00744199 
 0.077 0.0037687 0.112811 
0.06900000000000001 -0.0177822 -0.0276926 
0.0656091 -0.052884 0.0298985 
0.0680848 -0.0484384 0.109399 
 0.065 0.0387201 0.0931995 
0.06900000000000001 -0.0514194 -0.0262646 
 0.077 0.0479516 -0.0436307 
0.0718155 0.0137466 0.113853 
0.0617424 0.009429679999999999 0.142136 
 0.064 -0.0190809 -0.020963 
0.0689641 0.0427833 -0.0603331 
0.0242705 -0.0221051 -0.08470469999999999 
0.06900000000000001 0.0272893 0.0886064 
 0.065 -0.0297364 0.0577182 
0.06900000000000001 -0.0422233 -0.0562008 
 0.036 -0.0263165 0.00851067 
0.06900000000000001 -0.00319329 0.0590452 
0.0595433 0.033071 0.135104 
 0.077 0.0211985 -0.00230362 
0.0513702 -0.0293418 0.151789 
0.0441295 -0.0166146 0.0145088 
0.0157829 0.0365551 -0.058491 
 0.073 0.0446806 0.00414438 
-0.0299911 0.00581643 -0.075 
0.0411011 0.0125908 -0.0122768 
0.0683043 0.0285429 0.0293303 
0.056504 -0.000867978 0.0890263 
 0.073 0.0488771 0.0171932 
0.0439654 0.0260106 0.14866 
0.06900000000000001 -0.0330087 -0.0152155 
0.0597093 -0.0216379 0.0417981 
0.0395102 -0.0178212 -0.0632783 
0.0765216 0.0418676 0.127021 
0.0737192 -0.0291334 0.123701 
 0.041 -0.00568545 0.0291654 
0.0498851 -0.0288047 0.146505 
0.0763268 0.00617204 0.127919 
0.06900000000000001 0.00531302 0.0502463 
0.035991 0.000478543 -0.0386031 
0.0621867 0.0269084 0.118645 
0.06900000000000001 0.03237 -0.0179991 
0.06900000000000001 -0.0258902 0.013725 
0.010626 0.0310239 -0.0804262 
 0.067 0.0144338 0.0624125 
0.045079 -0.0341245 -0.00754286 
-0.0105393 0.0169805 0.0358292 
0.06900000000000001 0.00334996 0.016918 
0.0759254 -0.0310301 0.0649806 
0.0749389 -0.000697089 -0.0187345 
 0.036 0.0303324 -0.0282469 
0.048586 -0.000751378 0.153685 
0.06900000000000001 0.0224382 0.0368117 
 0.067 -0.0375464 0.0763648 
0.0380206 -0.00391527 -0.06984120000000001 
0.0560292 -0.0195647 0.0283963 
0.0278119 0.0370991 -0.0423109 
 0.077 -0.0396661 -0.037288 
0.0316753 -0.0338062 -0.0510393 
 0.064 0.00579348 -0.0320662 
 0.067 -0.0148619 0.0472532 
 0.073 -0.0144882 0.08029790000000001 
0.07358580000000001 0.0206789 0.0867487 
0.0580533 -0.0497362 0.135224 
 0.073 0.0124537 0.0514087 
 0.065 0.0413422 -0.0569191 
0.00087756 -0.0329011 -0.08389539999999999 
0.06900000000000001 0.0523296 -0.0194089 
0.0638286 0.0101563 -0.0744542 
0.0708356 -0.0307512 -0.0865054 
 0.067 -0.0429047 0.0686585 
0.0302653 0.0336779 -0.0548567 
0.0523321 0.0442431 0.142854 
0.055794 -0.00239623 0.0466529 
0.0757867 0.0220884 -0.0503574 
 0.036 0.0216647 0.0113653 
 0.065 0.00685098 0.06668060000000001 
0.0705533 -0.0538082 0.115586 
0.0476 0.0110852 0.144735 
0.0648435 0.0195534 -0.061036 
0.0386573 0.0207681 -0.0614969 
0.0755305 0.0504079 0.0987861 
0.0289116 0.00766171 -0.0752118 
0.06900000000000001 -0.0271874 -0.00185091 
0.031212 0.00713706 -0.078 
0.064384 -0.0355599 -0.0195595 
0.0679493 0.0296014 0.111385 
0.06409810000000001 0.0381562 -0.0788818 
0.0589661 0.0152653 0.136147 
0.0603466 0.00309819 -0.0775791 
 0.064 0.0179656 -0.00806684 
0.0447175 0.0372233 0.009633630000000001 
0.0766043 0.0177292 0.109564 
0.0156948 0.034316 -0.07465869999999999 
0.06900000000000001 -0.037623 0.0316695 
0.0519033 -0.00877117 -0.0338478 
0.0293545 0.0164326 -0.08699999999999999 
0.0630781 -0.0108938 -0.0764077 
-0.0135409 -0.0276611 -0.078 
0.0396549 -0.0369709 -0.0461255 
0.06278839999999999 -0.0417592 -0.07765089999999999 
 0.037 0.0235345 0.0126949 
-0.0374058 0.00353866 -0.078967 
-0.0170136 -0.032178 -0.08192439999999999 
 0.073 0.00382723 0.0336203 
0.0578223 -0.0166743 0.0391761 
 0.077 0.012174 -0.0505111 
0.0676136 0.0238295 0.0601608 
0.0607486 0.028115 0.123228 
0.0532765 -0.0334071 0.0212149 
0.06900000000000001 0.0391862 0.0286876 
 0.065 0.0395623 0.0684771 
0.0404619 -0.0268031 0.151075 
0.0609659 0.0157186 -0.0762544 
0.0378139 -0.0319562 -0.050572 
 0.067 -0.0349219 -0.0301347 
0.0557494 0.0451547 0.138488 
0.0744094 0.0526796 0.0460734 
0.0528471 0.031405 0.123478 
 0.064 -0.0220085 -0.0132648 
 0.041 0.0285646 -0.00475931 
0.0643915 0.0347865 0.107823 
 0.064 -0.0287737 0.0164345 
0.06900000000000001 0.0328354 0.0359725 
 0.041 -0.0185628 0.0231837 
 0.077 0.000609662 -0.0262532 
 0.073 0.0481591 0.00809404 
0.0544967 -0.0259884 0.135538 
0.0574775 -0.00239623 0.0659841 
 0.067 -0.0223749 0.07554900000000001 
0.0648903 0.00259786 0.102123 
0.0760266 -0.00485917 -0.0175759 
 0.065 0.0498971 0.0278112 
0.0557329 -0.0146179 -0.0338412 
0.0251213 -0.0212543 -0.0848182 
0.070217 0.0039965 0.143457 
 0.067 0.036575 0.0942948 
0.06900000000000001 -0.0284731 0.0337268 
0.067244 0.0275664 0.0401155 
 0.073 -0.0403693 0.0804728 
0.0304918 -0.0360265 -0.0722236 
0.0328577 -0.0068583 0.0366851 
0.0660924 -0.00031922 0.118866 
0.0755238 0.0522199 0.00872626 
0.06900000000000001 -0.0258553 -0.0287941 
 0.064 0.008775420000000001 0.00257501 
 0.073 -0.0189346 0.0458744 
 0.065 0.0482042 -0.0142282 
0.063862 0.0158913 0.112131 
0.06900000000000001 -0.0484947 -0.00362113 
0.0584041 -0.021899 -0.0562622 
0.06900000000000001 -0.0529181 0.0922732 
 0.077 0.016286 0.114762 
0.0665062 -0.0335164 -0.08554200000000001 
0.0613273 -0.0136952 -0.0828192 
0.06780170000000001 0.0263145 0.0397101 
0.0552505 0.0320388 0.111057 
0.06900000000000001 -0.0239002 -0.0135451 
0.0605061 -0.0156768 0.133162 
0.0653016 0.0417216 0.134428 
0.009406080000000001 0.0363636 -0.0641868 
 0.041 0.0295098 -0.00279479 
0.06900000000000001 0.050854 0.0782192 
0.06900000000000001 0.0272516 -0.0302733 
 0.077 -0.0132395 -0.0403209 
0.0609081 0.0214607 -0.0508226 
0.0474837 0.0346378 -0.00462647 
0.06900000000000001 -0.0321043 -0.0399077 
 0.077 5.51102e-05 -0.00677418 
0.0180291 -0.0276631 -0.086724 
0.0252184 0.016664 -0.075 
0.0649175 -0.0491472 -0.062555 
 0.041 -0.0284541 -0.0161659 
0.0642239 0.0497834 -0.0669073 
 0.041 0.0196286 -0.00281084 
0.06900000000000001 0.0344355 0.0312533 
0.0738158 -0.00192335 0.0968489 
0.0196463 -0.0295415 -0.0743357 
0.0634996 -0.0309046 -0.0804159 
0.06890590000000001 0.0225121 -0.0422909 
0.06900000000000001 0.00193294 0.0264359 
0.06447319999999999 0.0262492 0.100801 
 0.077 0.00452395 0.0809444 
0.0413457 0.028115 -0.0214514 
0.0754001 -0.0120176 -0.0253799 
 0.036 -0.0191343 -0.0170763 
-0.00768418 -0.0320533 -0.08065029999999999 
0.06900000000000001 0.0444023 -0.0267622 
-0.010273 -0.0281856 -0.07568370000000001 
0.0318995 -0.0337143 -0.0537729 
0.0671006 -0.0527962 -0.0293826 
0.0273624 0.0334957 -0.0602751 
 0.073 0.00137224 -0.0131826 
0.0745782 -0.0263949 0.0141436 
0.06591809999999999 -0.0264154 -0.0755402 
0.06900000000000001 0.0190707 0.0185943 
 0.067 0.0228149 0.0800437 
 0.077 -0.0389407 0.0992043 
0.06900000000000001 -0.0490824 -0.0035893 
0.0667427 0.0296074 -0.0725592 
0.0629314 -0.0284455 -0.0202924 
 0.048 0.00491154 -0.0381387 
0.0672234 0.0507044 -0.0292466 
0.0200921 0.0327103 -0.0538734 
 0.064 -0.0192392 -0.0131329 
0.0691268 -0.0535669 0.0810206 
0.06326279999999999 -0.0400201 0.000479847 
0.0680844 0.019804 0.10988 
 0.036 -0.0265919 -0.00507887 
0.06900000000000001 -0.0133442 -0.00622269 
0.0417182 -0.00434604 -0.0576754 
-0.0273299 0.0122576 -0.07609390000000001 
0.0382935 -0.0124304 0.0009776139999999999 
 0.067 -0.0247963 0.0564315 
 0.036 0.0278754 0.0215045 
0.0360942 -0.034035 -0.0442334 
0.0738809 0.00168547 0.0430964 
 0.067 -0.0158725 -0.0472671 
 0.077 0.0250743 -0.032837 
0.0649247 0.0253981 0.0597201 
 0.064 0.0202133 0.00185432 
0.06900000000000001 0.024035 -0.0285058 
0.073458 0.0170194 -0.0785232 
0.06900000000000001 -0.0455816 0.06394859999999999 
0.06900000000000001 -0.0445851 0.09078360000000001 
0.0749823 -0.0211215 0.0356723 
0.0610208 -0.0343701 -0.00568729 
 0.077 0.0502598 0.102983 
0.0744163 -0.0228516 0.00572424 
0.06900000000000001 -0.0110242 0.0434813 
0.0751814 -0.0447083 -0.0596286 
0.06900000000000001 -0.0318685 0.0221729 
 0.077 -0.018667 -0.0286354 
0.06900000000000001 -0.0359632 -0.0602187 
0.06900000000000001 0.00590087 0.0990231 
0.0768981 0.0145821 0.123946 
0.04482 -0.0320157 0.0141041 
0.0432845 0.0129199 -0.0161322 
0.0306689 0.0327885 -0.0413149 
0.0156727 -0.0353733 -0.0815683 
 0.065 0.0474133 0.0698826 
0.0763668 -0.0438264 -0.009550909999999999 
0.0681209 -0.0285047 0.103539 
0.030439 0.0335366 -0.0590578 
0.06900000000000001 -0.0226415 0.00498389 
0.0739759 -0.0359364 -5.45698e-05 
0.0734718 -0.0451813 -0.0369262 
0.0669772 -0.0177618 -0.0165114 
0.0583115 0.0211292 0.0432033 
0.0444783 -0.0226751 -0.0354351 
0.06900000000000001 -0.0359497 0.0379373 
0.0638677 -0.0402755 0.111845 
0.0760107 0.0465619 0.0758486 
0.06927220000000001 -0.0145792 -0.00787587 
 0.065 0.0429757 0.0871102 
 0.077 0.00855655 -0.0647972 
0.009684969999999999 0.0126639 0.033934 
 0.065 -0.0150082 0.0906855 
0.0391476 0.0184343 0.0337775 
0.0542588 0.0217476 -0.0856725 
0.06481199999999999 -0.0326838 0.116227 
0.0659329 -0.0418337 0.11062 
0.06900000000000001 0.0331962 0.0056545 
 0.064 0.0143085 0.0209349 
0.0398809 -0.0155037 0.0243908 
 0.067 -0.0324807 -0.0466658 
0.0596138 -0.0270867 -0.08246589999999999 
 0.067 -0.0418991 0.0227812 
 0.065 0.0373333 -0.0393325 
0.06900000000000001 0.0113739 0.09606290000000001 
0.06900000000000001 -0.0517952 0.032161 
0.06900000000000001 -0.0328551 -0.0585479 
0.0387895 -0.00457182 -0.0684786 
 0.064 0.030943 -0.0125005 
0.0595116 0.0151414 -0.082148 
0.06900000000000001 0.015517 0.0881994 
 0.065 -0.0512285 -0.000437681 
0.06900000000000001 -0.0247508 0.0467609 
0.0657047 0.0364224 0.133483 
0.0649822 -0.0242033 -0.044061 
0.0483752 -0.0349117 -0.000153813 
 0.048 0.0085796 -0.0404399 
0.06900000000000001 -0.00315134 -0.0257294 
0.0311156 -0.00171301  0.032 
0.06900000000000001 0.00438261 -0.0307543 
0.00815681 -0.0145511  0.038 
0.069436 -0.0308975 0.142398 
 0.041 0.0109942 0.00946906 
0.0377355 -0.0274934 -0.0314518 
 0.065 -0.00536296 -0.0558185 
0.0635351 -0.00225025 -0.0752903 
 0.065 0.0452663 0.0779566 
0.0295441 -0.0243774 -0.0728104 
0.0496192 -0.044411 0.147415 
0.039973 0.0166999 0.00884415 
0.0182829 0.0359712 -0.0503693 
0.0685373 -0.0195858 0.0162738 
0.0727569 -0.0420334 0.118203 
0.0733357 -0.00600974 0.11705 
 0.065 -0.0486586 -0.0342617 
0.06900000000000001 0.0197644 0.0268555 
0.0385867 -0.0303686 -0.0439306 
0.06900000000000001 0.044658 0.0873637 
-0.0298802 -0.0209215 -0.0814812 
0.0759136 0.0252215 -0.07040730000000001 
 0.073 0.0299315 0.0885595 
0.0422383 -0.0186546 0.0336636 
0.060627 0.0228235 -0.026461 
0.0753992 0.0480084 0.0145402 
0.0646984 0.0242288 0.123864 
0.0540774 -0.0361603 0.125003 
0.0766121 -0.00675135 0.12515 
0.0593919 -0.00713214 0.0392811 
 0.067 -0.0410133 0.0330891 
-0.00945035 -0.0128985 0.0323678 
0.0519996 -0.0258978 0.151115 
 0.065 -0.0491072 0.0234304 
0.0239824 0.008026760000000001 0.033579 
0.0227047 0.008173329999999999 0.033484 
 0.064 0.0287875 -0.00650208 
 0.067 -0.0124828 -0.0432934 
 0.064 -0.0170464 0.00487093 
0.0762105 -0.00605876 0.0751983 
0.0616526 0.0169959 -0.0828784 
0.008764930000000001 -0.0301126 -0.078 
0.07418420000000001 -0.0531999 0.0284544 
0.0336482 0.0266335 -0.0652498 
0.0685202 0.0486771 -0.00482905 
 0.077 -0.0397897 -0.00632837 
 0.064 0.00173641 0.025146 
0.033117 -0.0324931 -0.0370846 
 0.077 -0.0458053 0.0628102 
0.0434427 -0.0064191 -0.0612904 
0.0718637 -0.0537528 0.107639 
0.06900000000000001 -0.00711992 -0.0353003 
 0.064 -0.00123758 -0.0124963 
3 457 967 766 
3 149 457 693 
3 967 267 766 
3 267 967 63 
3 47 267 63 
3 51 267 710 
3 837 281 63 
3 227 837 63 
3 63 833 565 
3 967 833 63 
3 733 12 616 
3 12 48 835 
3 48 12 733 
3 733 162 565 
3 137 492 401 
3 736 166 693 
3 51 736 693 
3 736 51 710 
3 267 736 710 
3 736 267 47 
3 166 454 514 
3 454 799 514 
3 799 454 611 
3 736 454 166 
3 139 137 401 
3 281 560 63 
3 492 352 514 
3 352 492 957 
3 352 149 514 
3 149 352 957 
3 799 950 514 
3 950 492 514 
3 492 950 799 
3 776 957 457 
3 149 776 457 
3 776 149 957 
3 457 608 693 
3 608 51 693 
3 608 457 766 
3 267 608 766 
3 51 608 267 
3 381 733 565 
3 833 381 565 
3 381 833 733 
3 48 817 730 
3 817 48 733 
3 817 833 730 
3 833 817 733 
3 12 894 616 
3 837 42 281 
3 42 132 281 
3 42 837 227 
3 162 42 565 
3 42 162 733 
3 42 63 565 
3 42 227 63 
3 132 522 281 
3 42 522 132 
3 854 550 204 
3 869 550 854 
3 475 854 204 
3 894 475 204 
3 475 894 12 
3 137 997 741 
3 997 137 204 
3 550 997 204 
3 626 137 899 
3 894 721 616 
3 454 630 611 
3 630 454 736 
3 630 47 611 
3 630 736 47 
3 891 697 611 
3 697 891 899 
3 137 697 899 
3 548 139 401 
3 492 548 401 
3 548 492 799 
3 366 799 611 
3 697 366 611 
3 366 548 799 
3 47 781 611 
3 560 781 47 
3 90 891 611 
3 781 90 611 
3 90 781 102 
3 90 102 281 
3 57 47 63 
3 560 57 63 
3 57 560 47 
3 288 149 693 
3 288 118 149 
3 166 288 693 
3 118 288 166 
3 359 166 514 
3 118 359 514 
3 359 118 166 
3 149 715 514 
3 715 118 514 
3 118 715 149 
3 642 721 620 
3 721 642 616 
3 492 491 957 
3 491 137 741 
3 137 491 492 
3 146 967 457 
3 957 146 457 
3 136 854 835 
3 854 136 580 
3 136 146 491 
3 350 475 12 
3 475 350 854 
3 350 12 835 
3 854 350 835 
3 45 550 869 
3 45 997 550 
3 997 45 741 
3 137 474 204 
3 474 894 204 
3 474 721 894 
3 139 701 137 
3 701 697 137 
3 697 701 139 
3 202 697 139 
3 202 366 697 
3 548 202 139 
3 366 202 548 
3 464 560 281 
3 464 781 560 
3 102 464 281 
3 781 464 102 
3 90 671 891 
3 671 522 160 
3 522 671 281 
3 671 90 281 
3 522 919 160 
3 642 919 522 
3 919 642 620 
3 60 42 733 
3 60 522 42 
3 146 767 967 
3 136 767 146 
3 767 136 835 
3 833 767 730 
3 767 833 967 
3 48 767 835 
3 767 48 730 
3 491 727 957 
3 727 146 957 
3 146 727 491 
3 136 184 580 
3 184 136 491 
3 184 491 741 
3 45 184 741 
3 184 45 869 
3 184 854 580 
3 184 869 854 
3 891 529 899 
3 529 816 899 
3 493 626 899 
3 816 493 899 
3 626 209 137 
3 209 474 137 
3 26 642 522 
3 60 26 522 
3 26 60 733 
3 26 733 616 
3 642 26 616 
3 474 209 721 
3 671 209 891 
3 721 209 620 
3 529 209 816 
3 209 919 620 
3 209 493 816 
3 209 671 160 
3 919 209 160 
3 209 529 891 
3 493 209 626 
Vertices and facets:
- p967(v19): -0.03 -0.021 -0.081
  neighbors: f75 f124 f125 f139 f352 f406 f410
- p457(v7): -0.019 -0.0075 0.037
  neighbors: f75 f118 f222 f223 f229 f231 f352 f355
- p766(v0): -0.037 0.0035 -0.079
  neighbors: f75 f124 f231 f232
- p149(v29): 0.042 -0.018  0.16
  neighbors: f118 f217 f218 f223 f224 f327 f328 f334 f336
- p693(v5): 0.044 0.026  0.15
  neighbors: f118 f182 f185 f229 f230 f327 f329
- p267(v30): -0.027 0.029 -0.083
  neighbors: f124 f125 f126 f132 f187 f188 f232 f233
- p63(v9): -0.0085 0.035 -0.086
  neighbors: f125 f126 f133 f134 f138 f139 f211 f250 f251 f324 f325
- p47(v27): 0.066 0.052   0.1
  neighbors: f126 f188 f296 f297 f312 f314 f324 f326
- p51(v31): -0.015 0.013 0.035
  neighbors: f132 f185 f186 f230 f233
- p710(v16): -0.011 0.017 0.036
  neighbors: f132 f186 f187
- p837(v32): 0.064  0.05 -0.067
  neighbors: f133 f134 f244 f246
- p281(v10): 0.072 0.053 -0.059
  neighbors: f133 f211 f244 f245 f253 f321 f389 f391 f396 f397
- p227(v17):  0.06 0.036 -0.084
  neighbors: f134 f246 f251
- p833(v33): 0.018 -0.028 -0.087
  neighbors: f138 f139 f235 f236 f239 f240 f409 f410
- p565(v3): 0.058 0.0027 -0.088
  neighbors: f138 f150 f234 f235 f247 f250
- p12(v35): 0.073 -0.046 -0.065
  neighbors: f144 f147 f148 f242 f276 f365 f367
- p733(v18): 0.071 -0.031 -0.087
  neighbors: f144 f148 f150 f234 f236 f238 f240 f248 f404 f434 f435
- p616(v12): 0.077 -0.037 -0.066
  neighbors: f144 f242 f288 f342 f435 f436
- p48(v34): 0.061 -0.043 -0.077
  neighbors: f147 f148 f237 f238 f411 f412
- p835(v6): 0.065 -0.049 -0.063
  neighbors: f147 f360 f367 f368 f408 f411
- p162(v36): 0.064 0.0026 -0.087
  neighbors: f150 f247 f248
- p137(v41): 0.077 -0.053  0.12
  neighbors: f176 f197 f277 f278 f284 f301 f350 f351 f377 f382 f383 f430 f431
- p492(v28):  0.07 -0.05  0.14
  neighbors: f176 f215 f216 f220 f221 f305 f306 f347 f351
- p401(v13): 0.076 -0.037  0.13
  neighbors: f176 f197 f303 f305
- p736(v42): 0.052 0.044  0.14
  neighbors: f182 f185 f186 f187 f188 f193 f295 f297
- p166(v23): 0.057 0.033  0.15
  neighbors: f182 f189 f193 f329 f330 f331 f333
- p454(v43): 0.069 0.043  0.14
  neighbors: f189 f190 f191 f193 f294 f295
- p514(v8): 0.063 -0.0051  0.15
  neighbors: f189 f190 f215 f217 f219 f220 f331 f332 f334 f335
- p799(v25):  0.07 0.004  0.14
  neighbors: f190 f191 f219 f221 f306 f307 f310
- p611(v14): 0.076 0.052  0.13
  neighbors: f191 f294 f296 f299 f307 f308 f312 f317 f318
- p139(v44): 0.076 0.0079  0.13
  neighbors: f197 f303 f382 f384 f385 f387
- p560(v48): 0.068 0.053 0.00019
  neighbors: f211 f314 f325 f326 f389 f390
- p352(v49): 0.058 -0.035  0.15
  neighbors: f215 f216 f217 f218
- p957(v15):  0.05 -0.044  0.15
  neighbors: f216 f218 f222 f224 f347 f355 f413 f414
- p950(v50): 0.069 -0.031  0.14
  neighbors: f219 f220 f221
- p776(v51):  0.04 -0.027  0.15
  neighbors: f222 f223 f224
- p608(v53): -0.018 0.0087 0.032
  neighbors: f229 f230 f231 f232 f233
- p381(v54): 0.028 -0.022 -0.087
  neighbors: f234 f235 f236
- p817(v55): 0.067 -0.034 -0.086
  neighbors: f237 f238 f239 f240
- p730(v11): 0.00088 -0.033 -0.084
  neighbors: f237 f239 f409 f412
- p894(v56): 0.075 -0.045 -0.06
  neighbors: f242 f275 f276 f288 f378 f379
- p42(v57): 0.067 0.036 -0.085
  neighbors: f244 f245 f246 f247 f248 f250 f251 f257 f404 f405
- p132(v37): 0.071 0.036 -0.079
  neighbors: f245 f253 f257
- p522(v58): 0.077 0.033 -0.073
  neighbors: f253 f257 f395 f396 f398 f399 f405 f432 f433
- p550(v61): 0.068 -0.053 -0.0035
  neighbors: f270 f272 f279 f369 f370
- p854(v40): 0.067 -0.053 -0.029
  neighbors: f270 f272 f273 f360 f361 f366 f368 f421 f422
- p204(v21): 0.076 -0.053 0.019
  neighbors: f270 f273 f275 f278 f279 f377 f378
- p869(v60): 0.069 -0.054 0.081
  neighbors: f272 f369 f420 f422
- p475(v62): 0.073 -0.052 -0.018
  neighbors: f273 f275 f276 f365 f366
- p997(v63): 0.072 -0.054  0.11
  neighbors: f277 f278 f279 f370 f371
- p741(v2): 0.071 -0.054  0.12
  neighbors: f277 f350 f371 f418 f419
- p626(v64): 0.077 -0.045  0.12
  neighbors: f284 f427 f430 f446
- p899(v24): 0.077 0.015  0.12
  neighbors: f284 f300 f301 f424 f425 f427 f428
- p721(v65): 0.077 -0.04 -0.037
  neighbors: f288 f341 f342 f379 f437 f439
- p630(v66): 0.062 0.048  0.14
  neighbors: f294 f295 f296 f297
- p697(v67): 0.077 0.042  0.13
  neighbors: f299 f300 f301 f308 f383 f384 f385 f386
- p891(v46): 0.077  0.05   0.1
  neighbors: f299 f300 f317 f394 f424 f438 f445
- p548(v68): 0.076 -0.018  0.13
  neighbors: f303 f305 f306 f310 f387 f388
- p366(v69): 0.075 0.019  0.13
  neighbors: f307 f308 f310 f386 f388
- p781(v70): 0.074 0.053 0.046
  neighbors: f312 f314 f318 f319 f390 f392
- p90(v71): 0.077 0.053 -0.018
  neighbors: f317 f318 f319 f321 f394 f397
- p102(v45): 0.075 0.053 -0.012
  neighbors: f319 f321 f391 f392
- p57(v72): 0.066 0.052 0.087
  neighbors: f324 f325 f326
- p288(v73): 0.048 0.023  0.15
  neighbors: f327 f328 f329 f330
- p118(v52): 0.051 0.0092  0.15
  neighbors: f328 f330 f332 f333 f335 f336
- p359(v74): 0.056 0.022  0.15
  neighbors: f331 f332 f333
- p715(v75): 0.049 -0.00075  0.15
  neighbors: f334 f335 f336
- p642(v76): 0.077 -0.019 -0.072
  neighbors: f341 f342 f399 f401 f432 f436
- p620(v47): 0.077 -0.023 -0.052
  neighbors: f341 f401 f439 f441
- p491(v78): 0.062 -0.052  0.13
  neighbors: f347 f350 f351 f364 f413 f415 f417 f418
- p146(v79): -0.027 -0.029 -0.08
  neighbors: f352 f355 f364 f406 f407 f414 f415
- p136(v80): -0.0052 -0.036 -0.072
  neighbors: f360 f361 f364 f407 f408 f416 f417
- p580(v20): 0.066 -0.053 0.026
  neighbors: f361 f416 f421
- p350(v81): 0.069 -0.051 -0.042
  neighbors: f365 f366 f367 f368
- p45(v82):  0.07 -0.054 0.096
  neighbors: f369 f370 f371 f419 f420
- p474(v84): 0.077 -0.047 0.012
  neighbors: f377 f378 f379 f431 f437
- p701(v85): 0.076 0.0062  0.13
  neighbors: f382 f383 f384
- p202(v86): 0.075 0.016  0.13
  neighbors: f385 f386 f387 f388
- p464(v87): 0.071 0.053 0.001
  neighbors: f389 f390 f391 f392
- p671(v88): 0.077 0.048 -0.044
  neighbors: f394 f395 f396 f397 f438 f443
- p160(v26): 0.077 0.036 -0.056
  neighbors: f395 f398 f443 f444
- p919(v89): 0.077 0.0086 -0.065
  neighbors: f398 f399 f401 f441 f444
- p60(v90): 0.074 -0.0037 -0.081
  neighbors: f404 f405 f433 f434
- p767(v91): -0.017 -0.032 -0.082
  neighbors: f406 f407 f408 f409 f410 f411 f412
- p727(v92): 0.058 -0.05  0.14
  neighbors: f413 f414 f415
- p184(v93): 0.066 -0.054 0.099
  neighbors: f416 f417 f418 f419 f420 f421 f422
- p529(v94): 0.077 0.028  0.11
  neighbors: f424 f425 f440 f445
- p816(v83): 0.077 0.016  0.11
  neighbors: f425 f428 f440 f442
- p493(v95): 0.077 -0.0072  0.12
  neighbors: f427 f428 f442 f446
- p209(v96): 0.077 -0.048 0.053
  neighbors: f430 f431 f437 f438 f439 f440 f441 f442 f443 f444 f445 f446
- p26(v97): 0.077 -0.02 -0.073
  neighbors: f432 f433 f434 f435 f436
- f75
    - flags: bottom simplicial
    - normal:   -0.9446  -0.3035   0.1251
    - offset: -0.02437642
    - vertices: p967(v19) p457(v7) p766(v0)
    - neighboring facets: f231 f124 f352
- f118
    - flags: top simplicial
    - normal:   -0.8811   0.1096   0.4601
    - offset: -0.03251316
    - vertices: p149(v29) p457(v7) p693(v5)
    - neighboring facets: f229 f327 f223
- f124
    - flags: bottom simplicial
    - normal:   -0.3558 -0.01342  -0.9345
    - offset: -0.08705354
    - vertices: p267(v30) p967(v19) p766(v0)
    - neighboring facets: f75 f232 f125
- f125
    - flags: top simplicial
    - normal:   -0.1404 -0.02798  -0.9897
    - offset: -0.08542303
    - vertices: p267(v30) p967(v19) p63(v9)
    - neighboring facets: f139 f126 f124
- f126
    - flags: bottom simplicial
    - normal:   -0.3239   0.9451  0.04373
    - offset: -0.03251155
    - vertices: p267(v30) p47(v27) p63(v9)
    - neighboring facets: f324 f125 f188
- f132
    - flags: top simplicial
    - normal:   -0.6539   0.7385   0.1648
    - offset: -0.02533394
    - vertices: p51(v31) p267(v30) p710(v16)
    - neighboring facets: f187 f186 f233
- f133
    - flags: top simplicial
    - normal:  -0.09852   0.9399   -0.327
    - offset: -0.06234291
    - vertices: p837(v32) p281(v10) p63(v9)
    - neighboring facets: f211 f134 f244
- f134
    - flags: bottom simplicial
    - normal:  0.008829   0.7857  -0.6186
    - offset: -0.08106786
    - vertices: p837(v32) p227(v17) p63(v9)
    - neighboring facets: f251 f133 f246
- f138
    - flags: bottom simplicial
    - normal:  -0.02923 -0.002592  -0.9996
    - offset: -0.08623144
    - vertices: p833(v33) p63(v9) p565(v3)
    - neighboring facets: f250 f235 f139
- f139
    - flags: bottom simplicial
    - normal:    -0.114 -0.03825  -0.9927
    - offset: -0.08509707
    - vertices: p833(v33) p967(v19) p63(v9)
    - neighboring facets: f125 f138 f410
- f144
    - flags: bottom simplicial
    - normal:    0.8578  -0.3786  -0.3477
    - offset: -0.1024793
    - center: 0.07341483333333333 -0.03797046666666667 -0.07228016666666666 
    - vertices: p12(v35) p733(v18) p616(v12)
    - neighboring facets: f435 f242 f148
- f147
    - flags: top simplicial
    - normal:    0.1971  -0.8917  -0.4076
    - offset: -0.08211264
    - vertices: p12(v35) p48(v34) p835(v6)
    - neighboring facets: f411 f367 f148
- f148
    - flags: bottom simplicial
    - normal:    0.3973  -0.7278   -0.559
    - offset: -0.09887939
    - vertices: p12(v35) p48(v34) p733(v18)
    - neighboring facets: f238 f144 f147
- f150
    - flags: bottom simplicial
    - normal:    0.1682  0.02381  -0.9855
    - offset: -0.09643194
    - vertices: p162(v36) p733(v18) p565(v3)
    - neighboring facets: f234 f247 f248
- f176
    - flags: top simplicial
    - normal:    0.9227 -0.05183   0.3821
    - offset: -0.1207433
    - vertices: p137(v41) p492(v28) p401(v13)
    - neighboring facets: f305 f197 f351
- f182
    - flags: top simplicial
    - normal:   -0.2523   0.3968   0.8825
    - offset: -0.1304232
    - vertices: p736(v42) p166(v23) p693(v5)
    - neighboring facets: f329 f185 f193
- f185
    - flags: bottom simplicial
    - normal:   -0.7982   0.4815    0.362
    - offset: -0.03124408
    - vertices: p736(v42) p51(v31) p693(v5)
    - neighboring facets: f230 f182 f186
- f186
    - flags: top simplicial
    - normal:   -0.6514    0.733   0.1959
    - offset: -0.02633201
    - vertices: p736(v42) p51(v31) p710(v16)
    - neighboring facets: f132 f187 f185
- f187
    - flags: bottom simplicial
    - normal:   -0.6123   0.7737   0.1626
    - offset: -0.02541701
    - vertices: p736(v42) p267(v30) p710(v16)
    - neighboring facets: f132 f186 f188
- f188
    - flags: top simplicial
    - normal:   -0.3607   0.9305  0.06382
    - offset: -0.03140735
    - vertices: p736(v42) p267(v30) p47(v27)
    - neighboring facets: f126 f297 f187
- f189
    - flags: bottom simplicial
    - normal:    0.4911   0.1413   0.8596
    - offset:  -0.160971
    - vertices: p454(v43) p166(v23) p514(v8)
    - neighboring facets: f331 f190 f193
- f190
    - flags: top simplicial
    - normal:    0.7234  0.06917    0.687
    - offset: -0.1496211
    - vertices: p454(v43) p799(v25) p514(v8)
    - neighboring facets: f219 f189 f191
- f191
    - flags: bottom simplicial
    - normal:    0.8554  0.06101   0.5144
    - offset: -0.1341002
    - vertices: p454(v43) p799(v25) p611(v14)
    - neighboring facets: f307 f294 f190
- f193
    - flags: bottom simplicial
    - normal:    0.1446   0.5354   0.8322
    - offset: -0.1501296
    - vertices: p454(v43) p736(v42) p166(v23)
    - neighboring facets: f182 f189 f295
- f197
    - flags: top simplicial
    - normal:    0.9876 -0.003107   0.1571
    - offset: -0.09545758
    - vertices: p139(v44) p137(v41) p401(v13)
    - neighboring facets: f176 f303 f382
- f211
    - flags: bottom simplicial
    - normal:   -0.2139   0.9768 -0.007726
    - offset: -0.03713621
    - vertices: p560(v48) p281(v10) p63(v9)
    - neighboring facets: f133 f325 f389
- f215
    - flags: bottom simplicial
    - normal:    0.6831 -0.08226   0.7257
    - offset: -0.1537626
    - vertices: p352(v49) p492(v28) p514(v8)
    - neighboring facets: f220 f217 f216
- f216
    - flags: top simplicial
    - normal:    0.1078  -0.6038   0.7898
    - offset:  -0.148596
    - vertices: p352(v49) p492(v28) p957(v15)
    - neighboring facets: f347 f218 f215
- f217
    - flags: top simplicial
    - normal:    0.1305  0.01222   0.9914
    - offset: -0.1590878
    - vertices: p352(v49) p149(v29) p514(v8)
    - neighboring facets: f334 f215 f218
- f218
    - flags: bottom simplicial
    - normal:   -0.2569  -0.3421   0.9039
    - offset: -0.1356903
    - vertices: p352(v49) p149(v29) p957(v15)
    - neighboring facets: f224 f216 f217
- f219
    - flags: bottom simplicial
    - normal:    0.7792 -0.03643   0.6257
    - offset: -0.1443326
    - vertices: p950(v50) p799(v25) p514(v8)
    - neighboring facets: f190 f220 f221
- f220
    - flags: top simplicial
    - normal:    0.7627 -0.04812    0.645
    - offset: -0.1462899
    - vertices: p950(v50) p492(v28) p514(v8)
    - neighboring facets: f215 f219 f221
- f221
    - flags: bottom simplicial
    - normal:     0.841 -0.03521   0.5399
    - offset: -0.1363603
    - vertices: p950(v50) p492(v28) p799(v25)
    - neighboring facets: f306 f219 f220
- f222
    - flags: top simplicial
    - normal:   -0.8061  -0.4886   0.3339
    - offset: -0.03091826
    - vertices: p776(v51) p957(v15) p457(v7)
    - neighboring facets: f355 f223 f224
- f223
    - flags: bottom simplicial
    - normal:   -0.8909 -0.06608   0.4493
    - offset: -0.03360813
    - vertices: p776(v51) p149(v29) p457(v7)
    - neighboring facets: f118 f222 f224
- f224
    - flags: top simplicial
    - normal:   -0.3357  -0.3559   0.8722
    - offset: -0.1277202
    - vertices: p776(v51) p149(v29) p957(v15)
    - neighboring facets: f218 f222 f223
- f229
    - flags: bottom simplicial
    - normal:   -0.8808   0.1707   0.4416
    - offset: -0.0313695
    - vertices: p608(v53) p457(v7) p693(v5)
    - neighboring facets: f118 f230 f231
- f230
    - flags: top simplicial
    - normal:   -0.8802    0.177   0.4404
    - offset: -0.03137333
    - vertices: p608(v53) p51(v31) p693(v5)
    - neighboring facets: f185 f229 f233
- f231
    - flags: top simplicial
    - normal:   -0.9819  0.08736   0.1683
    - offset: -0.02374632
    - vertices: p608(v53) p457(v7) p766(v0)
    - neighboring facets: f75 f232 f229
- f232
    - flags: bottom simplicial
    - normal:   -0.9075   0.3957   0.1408
    - offset: -0.0242251
    - vertices: p608(v53) p267(v30) p766(v0)
    - neighboring facets: f124 f231 f233
- f233
    - flags: bottom simplicial
    - normal:   -0.8864    0.439   0.1468
    - offset: -0.02441415
    - vertices: p608(v53) p51(v31) p267(v30)
    - neighboring facets: f132 f232 f230
- f234
    - flags: top simplicial
    - normal:  0.003041 -0.04225  -0.9991
    - offset: -0.08794229
    - vertices: p381(v54) p733(v18) p565(v3)
    - neighboring facets: f150 f235 f236
- f235
    - flags: bottom simplicial
    - normal:  -0.02184 -0.01223  -0.9997
    - offset: -0.08664125
    - vertices: p381(v54) p833(v33) p565(v3)
    - neighboring facets: f138 f234 f236
- f236
    - flags: top simplicial
    - normal:   0.00109 -0.05205  -0.9986
    - offset: -0.08806585
    - vertices: p381(v54) p833(v33) p733(v18)
    - neighboring facets: f240 f234 f235
- f237
    - flags: bottom simplicial
    - normal:  -0.02529  -0.6378  -0.7698
    - offset: -0.0855439
    - vertices: p817(v55) p48(v34) p730(v11)
    - neighboring facets: f412 f239 f238
- f238
    - flags: top simplicial
    - normal:    0.3159  -0.7128  -0.6262
    - offset: -0.09846665
    - vertices: p817(v55) p48(v34) p733(v18)
    - neighboring facets: f148 f240 f237
- f239
    - flags: top simplicial
    - normal:  -0.02673  -0.4058  -0.9136
    - offset: -0.08997212
    - vertices: p817(v55) p833(v33) p730(v11)
    - neighboring facets: f409 f237 f240
- f240
    - flags: bottom simplicial
    - normal:  -0.01414  -0.3092  -0.9509
    - offset: -0.09076362
    - vertices: p817(v55) p833(v33) p733(v18)
    - neighboring facets: f236 f238 f239
- f242
    - flags: bottom simplicial
    - normal:    0.8771  -0.3819  -0.2912
    - offset: -0.1003817
    - center: 0.07486343333333333 -0.04262283333333333 -0.06332123333333332 
    - vertices: p894(v56) p12(v35) p616(v12)
    - neighboring facets: f144 f288 f276
- f244
    - flags: bottom simplicial
    - normal:    0.2245   0.7776  -0.5873
    - offset: -0.09242307
    - vertices: p42(v57) p837(v32) p281(v10)
    - neighboring facets: f133 f245 f246
- f245
    - flags: top simplicial
    - normal:    0.6538   0.5538  -0.5156
    - offset: -0.1073481
    - vertices: p42(v57) p132(v37) p281(v10)
    - neighboring facets: f253 f244 f257
- f246
    - flags: top simplicial
    - normal:   0.04231   0.7811   -0.623
    - offset: -0.08328462
    - vertices: p42(v57) p837(v32) p227(v17)
    - neighboring facets: f134 f251 f244
- f247
    - flags: bottom simplicial
    - normal:    0.1685  0.05214  -0.9843
    - offset: -0.09642351
    - vertices: p42(v57) p162(v36) p565(v3)
    - neighboring facets: f150 f250 f248
- f248
    - flags: top simplicial
    - normal:    0.2494  0.04162  -0.9675
    - offset: -0.1000834
    - vertices: p42(v57) p162(v36) p733(v18)
    - neighboring facets: f150 f404 f247
- f250
    - flags: top simplicial
    - normal:   0.02057  0.09746   -0.995
    - offset: -0.08896778
    - vertices: p42(v57) p63(v9) p565(v3)
    - neighboring facets: f138 f247 f251
- f251
    - flags: top simplicial
    - normal:   0.01792   0.4672  -0.8839
    - offset: -0.09254474
    - vertices: p42(v57) p227(v17) p63(v9)
    - neighboring facets: f134 f250 f246
- f253
    - flags: bottom simplicial
    - normal:    0.7373   0.4881  -0.4671
    - offset: -0.1070268
    - center: 0.07330189999999999 0.04103426666666667 -0.07055033333333333 
    - vertices: p522(v58) p132(v37) p281(v10)
    - neighboring facets: f245 f396 f257
- f257
    - flags: bottom simplicial
    - normal:    0.7518   0.3662  -0.5483
    - offset: -0.1100529
    - vertices: p522(v58) p42(v57) p132(v37)
    - neighboring facets: f245 f253 f405
- f270
    - flags: bottom simplicial
    - normal:  1.031e-05       -1 -0.006982
    - offset: -0.05300076
    - vertices: p550(v61) p854(v40) p204(v21)
    - neighboring facets: f273 f279 f272
- f272
    - flags: bottom simplicial
    - normal:  -4.39e-05       -1 -0.00698
    - offset: -0.05299705
    - vertices: p550(v61) p869(v60) p854(v40)
    - neighboring facets: f422 f270 f369
- f273
    - flags: top simplicial
    - normal:     0.205  -0.9778 -0.04292
    - offset: -0.06664426
    - vertices: p475(v62) p854(v40) p204(v21)
    - neighboring facets: f270 f275 f366
- f275
    - flags: bottom simplicial
    - normal:     0.795  -0.6027 -0.06908
    - offset: -0.09083236
    - center: 0.07468939999999999 -0.0499457 -0.01959916666666667 
    - vertices: p475(v62) p894(v56) p204(v21)
    - neighboring facets: f378 f273 f276
- f276
    - flags: top simplicial
    - normal:    0.6929  -0.7149 -0.09362
    - offset: -0.08963852
    - vertices: p475(v62) p894(v56) p12(v35)
    - neighboring facets: f242 f365 f275
- f277
    - flags: bottom simplicial
    - normal:    0.0513  -0.9987 0.001496
    - offset: -0.05752927
    - vertices: p997(v63) p137(v41) p741(v2)
    - neighboring facets: f350 f371 f278
- f278
    - flags: top simplicial
    - normal:   0.06808  -0.9977 -0.004066
    - offset: -0.05808246
    - center: 0.07480996666666667 -0.05345230000000001 0.08323963333333333 
    - vertices: p997(v63) p137(v41) p204(v21)
    - neighboring facets: f377 f279 f277
- f279
    - flags: bottom simplicial
    - normal:  8.279e-06       -1 -0.006981
    - offset: -0.05300062
    - vertices: p997(v63) p550(v61) p204(v21)
    - neighboring facets: f270 f278 f370
- f284
    - flags: top simplicial tested
    - normal:    0.9997 0.000169  0.02307
    - offset: -0.07973925
    - center: 0.07694329999999999 -0.0280431 0.1222993333333333 
    - vertices: p626(v64) p137(v41) p899(v24)
    - neighboring facets: f301 f427 f430
- f288
    - flags: bottom simplicial tested
    - normal:    0.9776  -0.2078 -0.03267
    - offset: -0.08473903
    - center: 0.07628516666666667 -0.0403762 -0.05416003333333333 
    - vertices: p721(v65) p894(v56) p616(v12)
    - neighboring facets: f242 f342 f379
- f294
    - flags: bottom simplicial
    - normal:    0.2806   0.7014   0.6552
    - offset: -0.1417615
    - vertices: p630(v66) p454(v43) p611(v14)
    - neighboring facets: f191 f296 f295
- f295
    - flags: top simplicial
    - normal:    0.1441   0.5739   0.8062
    - offset:  -0.148097
    - vertices: p630(v66) p454(v43) p736(v42)
    - neighboring facets: f193 f297 f294
- f296
    - flags: top simplicial
    - normal:    -0.194   0.9766  0.09255
    - offset: -0.04785105
    - vertices: p630(v66) p47(v27) p611(v14)
    - neighboring facets: f312 f294 f297
- f297
    - flags: top simplicial
    - normal:   -0.3566    0.932  0.06563
    - offset: -0.03194843
    - vertices: p630(v66) p736(v42) p47(v27)
    - neighboring facets: f188 f296 f295
- f299
    - flags: bottom simplicial
    - normal:    0.9979  0.05222  0.03809
    - offset: -0.08338655
    - center: 0.07648993333333332 0.04802066666666666 0.119415 
    - vertices: p697(v67) p891(v46) p611(v14)
    - neighboring facets: f317 f308 f300
- f300
    - flags: top simplicial
    - normal:    0.9997  0.01111  0.02378
    - offset: -0.07998053
    - center: 0.07680656666666666 0.03556983333333334 0.1179833333333333 
    - vertices: p697(v67) p891(v46) p899(v24)
    - neighboring facets: f424 f301 f299
- f301
    - flags: bottom simplicial
    - normal:     0.991  -0.0014   0.1338
    - offset: -0.09276589
    - vertices: p697(v67) p137(v41) p899(v24)
    - neighboring facets: f284 f300 f383
- f303
    - flags: top simplicial
    - normal:    0.9866 -0.003469   0.1634
    - offset: -0.09619438
    - vertices: p548(v68) p139(v44) p401(v13)
    - neighboring facets: f197 f305 f387
- f305
    - flags: bottom simplicial
    - normal:    0.9168 -0.03231    0.398
    - offset: -0.1215966
    - vertices: p548(v68) p492(v28) p401(v13)
    - neighboring facets: f176 f303 f306
- f306
    - flags: top simplicial
    - normal:    0.9128 -0.02814   0.4075
    - offset: -0.1224328
    - vertices: p548(v68) p492(v28) p799(v25)
    - neighboring facets: f221 f310 f305
- f307
    - flags: top simplicial
    - normal:    0.8836  0.04237   0.4663
    - offset: -0.1291082
    - vertices: p366(v69) p799(v25) p611(v14)
    - neighboring facets: f191 f308 f310
- f308
    - flags: bottom simplicial
    - normal:    0.9534  0.01781   0.3011
    - offset: -0.1119536
    - vertices: p366(v69) p697(v67) p611(v14)
    - neighboring facets: f299 f307 f386
- f310
    - flags: top simplicial
    - normal:    0.9177 -0.01944   0.3967
    - offset: -0.1212734
    - vertices: p366(v69) p548(v68) p799(v25)
    - neighboring facets: f306 f307 f388
- f312
    - flags: bottom simplicial
    - normal:    0.0125   0.9999 0.008832
    - offset: -0.05401078
    - center: 0.07219006666666666 0.05229396666666667 0.09287579999999999 
    - vertices: p781(v70) p47(v27) p611(v14)
    - neighboring facets: f296 f318 f314
- f314
    - flags: bottom simplicial
    - normal:  -0.0003364        1 0.007025
    - offset: -0.05297693
    - vertices: p781(v70) p560(v48) p47(v27)
    - neighboring facets: f326 f312 f390
- f317
    - flags: top simplicial tested
    - normal:    0.8928   0.4505 0.007308
    - offset: -0.09213564
    - center: 0.07650193333333334 0.05176666666666666 0.07094903333333334 
    - vertices: p90(v71) p891(v46) p611(v14)
    - neighboring facets: f299 f318 f394
- f318
    - flags: bottom simplicial tested
    - normal:   0.04714   0.9989 0.008174
    - offset: -0.05650383
    - center: 0.07563840000000001 0.05257326666666667 0.05197916666666667 
    - vertices: p90(v71) p781(v70) p611(v14)
    - neighboring facets: f312 f317 f319
- f319
    - flags: top simplicial tested
    - normal:   0.02032   0.9998 0.007286
    - offset: -0.0545151
    - center: 0.07541490000000001 0.05295610000000001 0.005325733333333332 
    - vertices: p90(v71) p781(v70) p102(v45)
    - neighboring facets: f392 f321 f318
- f321
    - flags: top simplicial tested
    - normal:   0.01429   0.9999 0.006127
    - offset: -0.05408067
    - center: 0.07476286666666666 0.05320053333333333 -0.02968393333333333 
    - vertices: p90(v71) p102(v45) p281(v10)
    - neighboring facets: f391 f397 f319
- f324
    - flags: top simplicial
    - normal:   -0.2291   0.9734 0.004042
    - offset: -0.03613001
    - vertices: p57(v72) p47(v27) p63(v9)
    - neighboring facets: f126 f325 f326
- f325
    - flags: bottom simplicial
    - normal:   -0.2239   0.9746 0.001699
    - offset: -0.03633084
    - vertices: p57(v72) p560(v48) p63(v9)
    - neighboring facets: f211 f324 f326
- f326
    - flags: top simplicial
    - normal:   -0.1509   0.9885 0.003738
    - offset: -0.04206683
    - vertices: p57(v72) p560(v48) p47(v27)
    - neighboring facets: f314 f324 f325
- f327
    - flags: top simplicial
    - normal:   -0.2166   0.1528   0.9642
    - offset: -0.1377942
    - vertices: p288(v73) p149(v29) p693(v5)
    - neighboring facets: f118 f329 f328
- f328
    - flags: top simplicial
    - normal:   -0.1638   0.1463   0.9756
    - offset: -0.1418867
    - vertices: p288(v73) p118(v52) p149(v29)
    - neighboring facets: f336 f327 f330
- f329
    - flags: bottom simplicial
    - normal:   -0.1638   0.2255   0.9604
    - offset: -0.1414351
    - vertices: p288(v73) p166(v23) p693(v5)
    - neighboring facets: f182 f327 f330
- f330
    - flags: bottom simplicial
    - normal:  -0.09234   0.1629   0.9823
    - offset: -0.1467161
    - vertices: p288(v73) p118(v52) p166(v23)
    - neighboring facets: f333 f329 f328
- f331
    - flags: top simplicial
    - normal:    0.2824   0.1178   0.9521
    - offset: -0.1620864
    - vertices: p359(v74) p166(v23) p514(v8)
    - neighboring facets: f189 f332 f333
- f332
    - flags: bottom simplicial
    - normal:     0.133  0.08386   0.9876
    - offset:  -0.158299
    - vertices: p359(v74) p118(v52) p514(v8)
    - neighboring facets: f335 f331 f333
- f333
    - flags: top simplicial
    - normal:  -0.02137   0.1461    0.989
    - offset: -0.1512137
    - vertices: p359(v74) p118(v52) p166(v23)
    - neighboring facets: f330 f331 f332
- f334
    - flags: bottom simplicial
    - normal:    0.1117  0.04257   0.9928
    - offset: -0.1579793
    - vertices: p715(v75) p149(v29) p514(v8)
    - neighboring facets: f217 f335 f336
- f335
    - flags: top simplicial
    - normal:    0.1212  0.07422   0.9899
    - offset: -0.1579569
    - vertices: p715(v75) p118(v52) p514(v8)
    - neighboring facets: f332 f334 f336
- f336
    - flags: bottom simplicial
    - normal:   -0.1383   0.1382   0.9807
    - offset: -0.1438931
    - vertices: p715(v75) p118(v52) p149(v29)
    - neighboring facets: f328 f334 f335
- f341
    - flags: top simplicial tested seen
    - normal:    0.9999  -0.0103 -0.01142
    - offset: -0.07782524
    - center: 0.07693660000000001 -0.0274364 -0.05386676666666667 
    - vertices: p642(v76) p721(v65) p620(v47)
    - neighboring facets: f439 f401 f342
    - ridges:
- f342
    - flags: bottom simplicial tested
    - normal:    0.9998 -0.01274 -0.01284
    - offset: -0.07797124
    - center: 0.07682796666666666 -0.031934 -0.058361 
    - vertices: p642(v76) p721(v65) p616(v12)
    - neighboring facets: f288 f436 f341
- f347
    - flags: bottom simplicial
    - normal:   -0.1505  -0.9398   0.3068
    - offset: -0.07949576
    - vertices: p491(v78) p492(v28) p957(v15)
    - neighboring facets: f216 f413 f351
- f350
    - flags: top simplicial
    - normal:  -0.04952  -0.9949  0.08825
    - offset: -0.06023799
    - vertices: p491(v78) p137(v41) p741(v2)
    - neighboring facets: f277 f418 f351
- f351
    - flags: bottom simplicial
    - normal:  0.003982  -0.9799   0.1996
    - offset: -0.07725206
    - vertices: p491(v78) p137(v41) p492(v28)
    - neighboring facets: f176 f347 f350
- f352
    - flags: top simplicial
    - normal:   -0.9302  -0.3439   0.1284
    - offset: -0.02453038
    - vertices: p146(v79) p967(v19) p457(v7)
    - neighboring facets: f75 f355 f406
- f355
    - flags: bottom simplicial
    - normal:    -0.678  -0.7128   0.1798
    - offset: -0.02451915
    - vertices: p146(v79) p957(v15) p457(v7)
    - neighboring facets: f222 f352 f414
- f360
    - flags: top simplicial
    - normal:   -0.1697  -0.9807 -0.09671
    - offset: -0.0432334
    - vertices: p136(v80) p854(v40) p835(v6)
    - neighboring facets: f368 f408 f361
- f361
    - flags: bottom simplicial
    - normal:   -0.2197  -0.9755 -0.009503
    - offset: -0.03703941
    - vertices: p136(v80) p854(v40) p580(v20)
    - neighboring facets: f421 f416 f360
- f364
    - flags: top simplicial
    - normal:   -0.3167   -0.948  0.03036
    - offset: -0.03368511
    - vertices: p136(v80) p146(v79) p491(v78)
    - neighboring facets: f415 f417 f407
- f365
    - flags: top simplicial
    - normal:    0.4344  -0.8937  -0.1122
    - offset: -0.08033936
    - vertices: p350(v81) p475(v62) p12(v35)
    - neighboring facets: f276 f367 f366
- f366
    - flags: bottom simplicial
    - normal:    0.2826  -0.9553 -0.08744
    - offset: -0.07196316
    - vertices: p350(v81) p475(v62) p854(v40)
    - neighboring facets: f273 f368 f365
- f367
    - flags: top simplicial
    - normal:      0.29  -0.9457  -0.1466
    - offset: -0.07448085
    - vertices: p350(v81) p12(v35) p835(v6)
    - neighboring facets: f147 f368 f365
- f368
    - flags: bottom simplicial
    - normal:    0.1184  -0.9861  -0.1163
    - offset: -0.06342365
    - vertices: p350(v81) p854(v40) p835(v6)
    - neighboring facets: f360 f367 f366
- f369
    - flags: top simplicial
    - normal:  -4.351e-05       -1 -0.00698
    - offset: -0.05299708
    - vertices: p45(v82) p550(v61) p869(v60)
    - neighboring facets: f272 f420 f370
- f370
    - flags: top simplicial
    - normal:  -3.613e-05       -1 -0.00698
    - offset: -0.05299758
    - vertices: p45(v82) p997(v63) p550(v61)
    - neighboring facets: f279 f369 f371
- f371
    - flags: bottom simplicial
    - normal:  -4.463e-05       -1 -0.006978
    - offset: -0.05299714
    - vertices: p45(v82) p997(v63) p741(v2)
    - neighboring facets: f277 f419 f370
- f377
    - flags: bottom simplicial tested
    - normal:    0.9754    -0.22 -0.01289
    - offset:   -0.08522
    - center: 0.07652206666666668 -0.05109250000000001 0.05140456666666667 
    - vertices: p474(v84) p137(v41) p204(v21)
    - neighboring facets: f278 f378 f431
- f378
    - flags: top simplicial tested
    - normal:    0.9706  -0.2387 -0.03113
    - offset: -0.08549855
    - center: 0.07593859999999999 -0.0481721 -0.009466299999999999 
    - vertices: p474(v84) p894(v56) p204(v21)
    - neighboring facets: f275 f377 f379
- f379
    - flags: top simplicial tested seen
    - normal:    0.9759  -0.2162 -0.03065
    - offset: -0.08485989
    - center: 0.0763938 -0.0436826 -0.02826093333333333 
    - vertices: p474(v84) p721(v65) p894(v56)
    - neighboring facets: f288 f378 f437
    - ridges:
- f382
    - flags: bottom simplicial
    - normal:    0.9889 -0.002269   0.1487
    - offset:   -0.09448
    - vertices: p701(v85) p139(v44) p137(v41)
    - neighboring facets: f197 f383 f384
- f383
    - flags: top simplicial
    - normal:    0.9897 -0.001801   0.1431
    - offset: -0.09383512
    - vertices: p701(v85) p697(v67) p137(v41)
    - neighboring facets: f301 f382 f384
- f384
    - flags: bottom simplicial
    - normal:     0.989 -0.001681   0.1477
    - offset: -0.0943771
    - vertices: p701(v85) p697(v67) p139(v44)
    - neighboring facets: f385 f382 f383
- f385
    - flags: top simplicial
    - normal:    0.9698 0.004069   0.2438
    - offset: -0.1053485
    - vertices: p202(v86) p697(v67) p139(v44)
    - neighboring facets: f384 f387 f386
- f386
    - flags: top simplicial
    - normal:    0.9633 0.009007   0.2684
    - offset:   -0.10818
    - vertices: p202(v86) p366(v69) p697(v67)
    - neighboring facets: f308 f385 f388
- f387
    - flags: bottom simplicial
    - normal:    0.9645 -0.004387   0.2642
    - offset: -0.1075069
    - vertices: p202(v86) p548(v68) p139(v44)
    - neighboring facets: f303 f385 f388
- f388
    - flags: bottom simplicial
    - normal:    0.9415   -0.012   0.3368
    - offset:  -0.115235
    - vertices: p202(v86) p366(v69) p548(v68)
    - neighboring facets: f310 f387 f386
- f389
    - flags: top simplicial
    - normal:  -2.372e-05        1 0.006981
    - offset: -0.05299834
    - vertices: p464(v87) p560(v48) p281(v10)
    - neighboring facets: f211 f391 f390
- f390
    - flags: top simplicial
    - normal:  -2.506e-05        1 0.006984
    - offset: -0.05299825
    - vertices: p464(v87) p781(v70) p560(v48)
    - neighboring facets: f314 f389 f392
- f391
    - flags: bottom simplicial
    - normal:  6.936e-06        1 0.006981
    - offset: -0.05300051
    - vertices: p464(v87) p102(v45) p281(v10)
    - neighboring facets: f321 f389 f392
- f392
    - flags: bottom simplicial
    - normal:  8.309e-06        1 0.006982
    - offset: -0.05300061
    - vertices: p464(v87) p781(v70) p102(v45)
    - neighboring facets: f319 f391 f390
- f394
    - flags: bottom simplicial tested seen
    - normal:    0.9957  0.09261 -0.001458
    - offset: -0.08117347
    - center: 0.07685253333333333 0.050439 0.01365846666666667 
    - vertices: p671(v88) p90(v71) p891(v46)
    - neighboring facets: f317 f438 f397
    - ridges:
- f395
    - flags: top simplicial tested seen
    - normal:    0.9992  0.02812 -0.02737
    - offset: -0.07948322
    - center: 0.07686536666666667 0.03905663333333333 -0.05768613333333333 
    - vertices: p671(v88) p522(v58) p160(v26)
    - neighboring facets: f398 f443 f396
    - ridges:
- f396
    - flags: bottom simplicial tested
    - normal:    0.9354   0.3121  -0.1663
    - offset: -0.0942458
    - center: 0.07534980000000001 0.04487686666666666 -0.05868453333333334 
    - vertices: p671(v88) p522(v58) p281(v10)
    - neighboring facets: f253 f397 f395
- f397
    - flags: top simplicial tested
    - normal:    0.8692   0.4873 -0.08422
    - offset: -0.09396698
    - center: 0.07533696666666666 0.05149003333333332 -0.04032106666666666 
    - vertices: p671(v88) p90(v71) p281(v10)
    - neighboring facets: f321 f396 f394
- f398
    - flags: bottom simplicial tested seen
    - normal:    0.9997 0.007827 -0.02426
    - offset: -0.0786142
    - center: 0.07686536666666666 0.02592495 -0.06474163333333334 
    - vertices: p919(v89) p522(v58) p160(v26)
    - neighboring facets: f395 f444 f399
    - ridges:
- f399
    - flags: bottom simplicial tested
    - normal:    0.9993 0.003176  -0.0375
    - offset: -0.07940259
    - center: 0.07680196666666668 0.007480316666666666 -0.07016533333333334 
    - vertices: p919(v89) p642(v76) p522(v58)
    - neighboring facets: f432 f398 f401
- f401
    - flags: top simplicial tested seen
    - normal:    0.9999 -0.004087 -0.01023
    - offset: -0.07762292
    - center: 0.07693660000000001 -0.01136218333333334 -0.0630365 
    - vertices: p919(v89) p642(v76) p620(v47)
    - neighboring facets: f341 f441 f399
    - ridges:
- f404
    - flags: top simplicial
    - normal:    0.7017  0.05734  -0.7102
    - offset: -0.1093747
    - vertices: p60(v90) p42(v57) p733(v18)
    - neighboring facets: f248 f434 f405
- f405
    - flags: top simplicial
    - normal:     0.775  0.07788  -0.6271
    - offset: -0.1080268
    - vertices: p60(v90) p522(v58) p42(v57)
    - neighboring facets: f257 f404 f433
- f406
    - flags: bottom simplicial
    - normal:   -0.3292  -0.3417  -0.8803
    - offset: -0.0887108
    - vertices: p767(v91) p146(v79) p967(v19)
    - neighboring facets: f352 f410 f407
- f407
    - flags: bottom simplicial
    - normal:   -0.3013  -0.9534 -0.01726
    - offset: -0.03721782
    - vertices: p767(v91) p136(v80) p146(v79)
    - neighboring facets: f364 f406 f408
- f408
    - flags: top simplicial
    - normal:   -0.1544  -0.9685  -0.1956
    - offset: -0.04981066
    - vertices: p767(v91) p136(v80) p835(v6)
    - neighboring facets: f360 f411 f407
- f409
    - flags: bottom simplicial
    - normal:   -0.1144  -0.1554  -0.9812
    - offset: -0.0873304
    - vertices: p767(v91) p833(v33) p730(v11)
    - neighboring facets: f239 f412 f410
- f410
    - flags: top simplicial
    - normal:   -0.1222  -0.1008  -0.9874
    - offset: -0.08621405
    - vertices: p767(v91) p833(v33) p967(v19)
    - neighboring facets: f139 f406 f409
- f411
    - flags: bottom simplicial
    - normal:   -0.1136  -0.9343  -0.3379
    - offset: -0.05967739
    - vertices: p767(v91) p48(v34) p835(v6)
    - neighboring facets: f147 f408 f412
- f412
    - flags: top simplicial
    - normal:  -0.09116  -0.8525  -0.5148
    - offset: -0.07115407
    - vertices: p767(v91) p48(v34) p730(v11)
    - neighboring facets: f237 f409 f411
- f413
    - flags: bottom simplicial
    - normal:   -0.1707  -0.9408   0.2929
    - offset: -0.07648749
    - vertices: p727(v92) p491(v78) p957(v15)
    - neighboring facets: f347 f414 f415
- f414
    - flags: top simplicial
    - normal:   -0.4386  -0.8944  0.08728
    - offset: -0.03082781
    - vertices: p727(v92) p146(v79) p957(v15)
    - neighboring facets: f355 f413 f415
- f415
    - flags: bottom simplicial
    - normal:   -0.4252  -0.9014  0.08135
    - offset: -0.03114882
    - vertices: p727(v92) p146(v79) p491(v78)
    - neighboring facets: f364 f413 f414
- f416
    - flags: bottom simplicial
    - normal:   -0.2235  -0.9747 -0.006604
    - offset: -0.03682068
    - vertices: p184(v93) p136(v80) p580(v20)
    - neighboring facets: f361 f421 f417
- f417
    - flags: top simplicial
    - normal:   -0.2642  -0.9644  0.01156
    - offset: -0.03535496
    - vertices: p184(v93) p136(v80) p491(v78)
    - neighboring facets: f364 f418 f416
- f418
    - flags: top simplicial
    - normal:    -0.149  -0.9884  0.02873
    - offset: -0.04599079
    - vertices: p184(v93) p491(v78) p741(v2)
    - neighboring facets: f350 f419 f417
- f419
    - flags: bottom simplicial
    - normal:  -0.005613       -1 -0.006733
    - offset: -0.05263187
    - vertices: p184(v93) p45(v82) p741(v2)
    - neighboring facets: f371 f418 f420
- f420
    - flags: top simplicial
    - normal:  -0.005648       -1 -0.006769
    - offset: -0.05262594
    - vertices: p184(v93) p45(v82) p869(v60)
    - neighboring facets: f369 f422 f419
- f421
    - flags: top simplicial
    - normal:  -0.09833  -0.9951 -0.007333
    - offset: -0.04615629
    - vertices: p184(v93) p854(v40) p580(v20)
    - neighboring facets: f361 f416 f422
- f422
    - flags: top simplicial
    - normal:  -0.006273       -1 -0.006865
    - offset: -0.05257473
    - vertices: p184(v93) p869(v60) p854(v40)
    - neighboring facets: f272 f421 f420
- f424
    - flags: bottom simplicial tested seen
    - normal:    0.9999 0.005578  0.01435
    - offset: -0.07874942
    - center: 0.07696603333333334 0.03082153333333333 0.112903 
    - vertices: p529(v94) p891(v46) p899(v24)
    - neighboring facets: f300 f425 f445
    - ridges:
- f425
    - flags: top simplicial tested seen
    - normal:    0.9999 0.003068  0.01166
    - offset: -0.07838293
    - center: 0.07696603333333334 0.01949693333333333 0.1168293333333333 
    - vertices: p529(v94) p816(v83) p899(v24)
    - neighboring facets: f428 f424 f440
    - ridges:
- f427
    - flags: top simplicial tested seen
    - normal:    0.9999 0.0007002  0.01508
    - offset: -0.07876901
    - center: 0.07696603333333334 -0.01260575 0.1207046666666667 
    - vertices: p493(v95) p626(v64) p899(v24)
    - neighboring facets: f284 f428 f446
    - ridges:
- f428
    - flags: bottom simplicial tested seen
    - normal:    0.9999 0.001673   0.0114
    - offset: -0.07833098
    - center: 0.07696603333333332 0.007903550000000001 0.1189693333333333 
    - vertices: p493(v95) p816(v83) p899(v24)
    - neighboring facets: f425 f427 f442
    - ridges:
- f430
    - flags: bottom simplicial tested seen
    - normal:         1 -0.008172  0.00032
    - offset: -0.07740551
    - center: 0.07697726666666665 -0.04885366666666666 0.0987749 
    - vertices: p209(v96) p626(v64) p137(v41)
    - neighboring facets: f284 f431 f446
    - ridges:
- f431
    - flags: top simplicial tested seen
    - normal:    0.9998 -0.01876 -0.0005351
    - offset: -0.0778556
    - center: 0.07697726666666667 -0.04933083333333333 0.06283016666666667 
    - vertices: p209(v96) p474(v84) p137(v41)
    - neighboring facets: f377 f430 f437
    - ridges:
- f432
    - flags: top simplicial
    - normal:    0.9834 -0.0002686  -0.1815
    - offset: -0.08864911
    - vertices: p26(v97) p642(v76) p522(v58)
    - neighboring facets: f399 f433 f436
- f433
    - flags: bottom simplicial
    - normal:    0.9582 -0.001977  -0.2862
    - offset: -0.09435102
    - vertices: p26(v97) p60(v90) p522(v58)
    - neighboring facets: f405 f432 f434
- f434
    - flags: top simplicial
    - normal:    0.9315 -0.04454  -0.3611
    - offset: -0.09858729
    - vertices: p26(v97) p60(v90) p733(v18)
    - neighboring facets: f404 f435 f433
- f435
    - flags: top simplicial
    - normal:    0.9451  -0.1289  -0.3004
    - offset: -0.09689605
    - vertices: p26(v97) p733(v18) p616(v12)
    - neighboring facets: f144 f436 f434
- f436
    - flags: bottom simplicial
    - normal:    0.9909 -0.05485  -0.1227
    - offset: -0.08604069
    - vertices: p26(v97) p642(v76) p616(v12)
    - neighboring facets: f342 f435 f432
- f437
    - flags: bottom simplicial tricoplanar keepcentrum
    - owner of normal & centrum is facet f437
    - normal:         1        0        0
    - offset:     -0.077
    - center:  0.077 0.0004625944444444425 0.01067663333333334 
    - vertices: p209(v96) p474(v84) p721(v65)
    - neighboring facets: f379 f439 f431
- f438
    - flags: bottom simplicial tricoplanar
    - owner of normal & centrum is facet f437
    - normal:         1        0        0
    - offset:     -0.077
    - center:  0.077 0.0004625944444444425 0.01067663333333334 
    - vertices: p209(v96) p671(v88) p891(v46)
    - neighboring facets: f394 f445 f443
- f439
    - flags: bottom simplicial tricoplanar
    - owner of normal & centrum is facet f437
    - normal:         1        0        0
    - offset:     -0.077
    - center:  0.077 0.0004625944444444425 0.01067663333333334 
    - vertices: p209(v96) p721(v65) p620(v47)
    - neighboring facets: f341 f441 f437
- f440
    - flags: bottom simplicial tricoplanar
    - owner of normal & centrum is facet f437
    - normal:         1        0        0
    - offset:     -0.077
    - center:  0.077 0.0004625944444444425 0.01067663333333334 
    - vertices: p209(v96) p529(v94) p816(v83)
    - neighboring facets: f425 f442 f445
- f441
    - flags: top simplicial tricoplanar
    - owner of normal & centrum is facet f437
    - normal:         1        0        0
    - offset:     -0.077
    - center:  0.077 0.0004625944444444425 0.01067663333333334 
    - vertices: p209(v96) p919(v89) p620(v47)
    - neighboring facets: f401 f439 f444
- f442
    - flags: top simplicial tricoplanar
    - owner of normal & centrum is facet f437
    - normal:         1        0        0
    - offset:     -0.077
    - center:  0.077 0.0004625944444444425 0.01067663333333334 
    - vertices: p209(v96) p493(v95) p816(v83)
    - neighboring facets: f428 f440 f446
- f443
    - flags: top simplicial tricoplanar
    - owner of normal & centrum is facet f437
    - normal:         1        0        0
    - offset:     -0.077
    - center:  0.077 0.0004625944444444425 0.01067663333333334 
    - vertices: p209(v96) p671(v88) p160(v26)
    - neighboring facets: f395 f444 f438
- f444
    - flags: bottom simplicial tricoplanar
    - owner of normal & centrum is facet f437
    - normal:         1        0        0
    - offset:     -0.077
    - center:  0.077 0.0004625944444444425 0.01067663333333334 
    - vertices: p209(v96) p919(v89) p160(v26)
    - neighboring facets: f398 f443 f441
- f445
    - flags: top simplicial tricoplanar
    - owner of normal & centrum is facet f437
    - normal:         1        0        0
    - offset:     -0.077
    - center:  0.077 0.0004625944444444425 0.01067663333333334 
    - vertices: p209(v96) p529(v94) p891(v46)
    - neighboring facets: f424 f438 f440
- f446
    - flags: bottom simplicial tricoplanar
    - owner of normal & centrum is facet f437
    - normal:         1        0        0
    - offset:     -0.077
    - center:  0.077 0.0004625944444444425 0.01067663333333334 
    - vertices: p209(v96) p493(v95) p626(v64)
    - neighboring facets: f427 f430 f442
