3
1000 196 294
0.0644873 -0.0227657 0.10655 
 0.077 -0.0510531 0.0772245 
0.0539835 0.00708391 -0.0377088 
0.07475030000000001 0.0323048 -0.0194205 
0.0177996 0.0323175 -0.0655565 
0.06825680000000001 0.0389912 -0.06790789999999999 
0.06900000000000001 -0.00457821 0.027901 
0.06900000000000001 -0.0280843 -0.0443722 
0.0641017 -0.0421705 -0.0670394 
0.061597 0.00239623 0.0877165 
0.07479089999999999 -0.0314468 0.03638 
0.0390744 -0.00244622 -0.0610056 
0.06900000000000001 -0.00327116 -0.0506387 
0.0732289 0.0244292 0.0892169 
0.0538611 0.0294803 0.149199 
 0.077 0.00211591 -0.0319255 
0.06900000000000001 0.00885003 -0.0267016 
0.06807489999999999 -0.0181648 0.0604035 
 0.077 0.0351056 -0.0145595 
0.0478316 -0.0142718 0.0318691 
0.0150403 -0.0337814 -0.08384659999999999 
 0.077 0.0281356 0.0216308 
0.061697 -0.0223009 0.07441209999999999 
0.0382642 0.009178769999999999 -0.0768204 
 0.077 0.0177715 -0.0665917 
0.0483302 0.0318864 0.149336 
 0.067 -0.0130534 0.09153840000000001 
0.0644419 0.0495083 -0.0665012 
-0.0199308 -0.0262053 -0.0849998 
0.059511 0.0266918 -0.06395140000000001 
0.0645752 0.0009230109999999999 0.124114 
0.06704069999999999 0.0298219 -0.0617097 
0.06855550000000001 0.027505 0.104538 
 0.065 -0.0147632 -0.0414636 
 0.065 0.0337444 -0.0562076 
0.0614108 -0.0259911 0.0019225 
0.0179921 -0.0151568 0.0339476 
 0.077 -0.0438894 -0.06434620000000001 
0.0573364 0.0276587 -0.024248 
0.0633927 -0.00177925 0.140758 
0.0431154 0.0360054 0.148837 
0.0748832 -0.0287998 0.00722002 
0.0763766 0.0206639 -0.0669071 
 0.077 0.0230149 -0.0591072 
0.0467386 -0.0161649 -0.03799 
0.06548519999999999 -0.0269672 0.116685 
0.0632332 0.00112861 -0.0806548 
0.0100612 -0.0352782 -0.0593323 
0.0398526 0.0379359 -0.017424 
 0.045 0.010387 0.00279558 
0.0714871 -0.0483037 -0.07471319999999999 
 0.064 -0.0158808 -0.00445174 
0.06900000000000001 -0.0153687 -0.00336396 
0.06900000000000001 0.009015550000000001 0.0244844 
0.0672237 0.0326086 0.114725 
 0.077 0.0007122539999999999 0.0496945 
0.0203792 -0.025525 -0.075 
0.0378589 0.0368256 -0.0504453 
0.0565464 0.0185699 0.0491129 
0.0620284 -0.0475821 0.119607 
 0.067 -0.0179038 0.0774194 
 0.045 -0.009485830000000001 0.00293567 
 0.073 -0.00723707 0.0864103 
0.0676302 0.0293558 0.0864128 
0.0577423 0.0119759 -0.0849302 
0.0736541 -0.0279858 0.089959 
0.0765762 -0.00522693 0.0482125 
 0.064 0.0132997 0.0274946 
 0.065 0.0173635 0.0790193 
0.0441201 0.0372548 -0.0376796 
 0.037 -0.00503434 -0.021507 
 0.065 0.00625555 0.0949232 
0.0549993 -0.0307329 -0.0156509 
0.06900000000000001 -0.0292471 0.0342419 
0.0592209 -0.011041 0.135687 
0.0392227 -0.0136429 -0.0110259 
0.0647553 -0.0511937 -0.06961589999999999 
0.07548299999999999 0.0368806 -0.0611954 
0.07428319999999999 -0.0183418 0.07651479999999999 
0.0748294 -0.019076 0.0104024 
0.0480895 -0.00640856 0.149918 
0.065167 0.0520975 -0.0103185 
0.0120049 0.0305414 -0.0817522 
 0.065 -0.0146945 0.07724979999999999 
0.0415 -0.0162353 -0.0290107 
0.0347302 0.0195226 -0.07529470000000001 
0.0582139 0.0108165 -0.08737399999999999 
0.0465722 -0.014797 0.0316356 
0.057445 -0.0261051 0.130511 
0.0764533 -0.0526471 0.0507276 
0.0766322 -0.0531307 -0.0185343 
0.0444613 0.0110178 -0.0398544 
0.0579275 0.0281574 0.0796163 
-0.0149153 -0.00553626 0.0370038 
0.0320287 0.0250309 -0.06551849999999999 
0.07699 0.0195476 0.121112 
 0.036 0.0330797 0.0145864 
 0.077 0.0509493 -0.00223391 
0.0742686 -0.0309075 -0.0216929 
 0.036 0.0109003 0.0110298 
0.054437 0.0407824 0.148696 
 0.037 -0.00121503 -0.0226159 
0.0664988 -0.0377184 0.106587 
0.0646622 0.00361784 -0.0781111 
 0.045 -0.00381444 0.00650018 
0.0329491 -0.0248563 -0.0707834 
 0.077 0.00183434 -0.00691446 
 0.073 0.0365104 -0.0540647 
 0.073 0.0530314 0.0122544 
0.06900000000000001 0.0507265 0.0439931 
0.06900000000000001 0.00824591 -0.0415163 
0.0585624 -0.00162739 0.0550774 
0.060761 0.0286842 0.132621 
0.0760552 0.0355655 0.0603133 
 0.041 -0.0101527 -0.0101108 
0.0344348 0.0137778 -0.0838647 
0.0564758 -0.0393911 -0.0069077 
-0.0246049 -0.0259792 -0.0868072 
0.0737525 -0.03343 0.137324 
0.0647237 0.0431691 -0.07827770000000001 
0.07421759999999999 0.0197116 -0.0812056 
0.0387237 -0.0377772 0.00723603 
0.0622053 0.0240217 0.0776921 
0.0508572 -0.0147166 0.147032 
0.0730436 -0.0524635 -0.0400492 
0.064836 -0.008884329999999999 -0.0611909 
 0.077 0.024589 -0.0210272 
0.0410837 0.0266167 0.00107431 
0.0762844 0.0034211 0.0390292 
0.0332506 -0.0370922 -0.0425177 
-0.0342392 0.00332773 -0.08699999999999999 
 0.065 0.0498846 0.0298048 
0.0728944 0.0191515 -0.0644402 
0.0562614 0.0339194 0.112295 
 0.064 0.0234221 0.00756536 
0.0372816 -0.0156194 0.00299657 
0.068318 -0.0348269 0.09464119999999999 
0.0662822 0.0257281 0.109264 
0.0562428 0.0374732 0.15132 
 0.067 -0.0414362 0.0569879 
0.06900000000000001 -0.0429887 0.0438719 
-0.0365671 -0.00433727 -0.0844284 
 0.036 -0.0308539 0.0144358 
 0.064 0.015115 -0.0189219 
 0.064 0.0215813 0.0112343 
0.06864149999999999 0.0166475 0.1052 
 0.067 -0.00454707 -0.0447751 
 0.065 -0.0388401 0.0275274 
0.0752352 -0.0434482 0.0192555 
0.0746467 -0.0379974 -0.061305 
 0.077 0.0302974 0.0300535 
0.07455290000000001 -0.0498069 -0.0139386 
0.06900000000000001 -0.00414186 0.0422382 
0.0661442 -0.000812403 -0.0669975 
0.058947 0.0300817 0.127361 
0.06900000000000001 0.0346883 -0.0587411 
0.06900000000000001 0.0131936 0.0696541 
 0.073 0.00254688 0.0412533 
0.0686596 -0.0140016 0.105252 
0.0447563 0.007819960000000001 -0.0472144 
0.06900000000000001 0.0409742 0.0625213 
0.0600139 0.0244471 -0.0816957 
0.06900000000000001 0.0150601 -0.0416509 
0.06900000000000001 0.0181646 0.0531156 
 0.041 -0.0112078 -0.007992040000000001 
0.0476905 0.0343469 -0.00640149 
0.0743275 -0.00444623 0.135044 
 0.064 0.0150392 0.0255653 
 0.065 0.0481343 0.0171086 
 0.067 -0.0333593 -0.0427805 
0.075655 -0.049372 -0.06264740000000001 
 0.077 -0.0144337 -0.00666755 
0.0306494 0.0165109 -0.0748988 
0.0315563 0.0303016 -0.0535638 
 0.077 0.0498293 0.109429 
0.07395019999999999 0.0449935 0.0864675 
0.0457139 0.0278518 0.155428 
0.0678965 0.0530315 0.00432596 
0.0575277 -0.0348692 0.127562 
0.06900000000000001 -0.0440358 -0.0533417 
0.06900000000000001 -0.0252495 -0.0546535 
0.0742753 0.009694370000000001 0.0466212 
 0.041 0.0330869 0.00564478 
-0.0343648 -0.0117397 -0.0862154 
0.0350178 0.0375481 -0.0289583 
0.06946570000000001 -0.0533163 -0.045117 
0.06900000000000001 0.0525797 0.0265714 
 0.073 0.0337332 0.0458608 
 0.077 -0.0373803 -0.0632438 
 0.077 0.0120592 0.0474911 
0.0729354 -0.0449828 0.101612 
 0.077 0.0242012 0.021097 
0.0604664 0.0158148 -0.0774688 
 0.065 0.0453881 0.0298917 
0.0326743 0.00289064 -0.083621 
 0.077 0.0388885 0.0590135 
0.0582195 0.00259488 -0.08094510000000001 
0.0681819 0.0255031 -0.0682 
0.06900000000000001 0.0354833 -0.00740943 
0.053522 -0.0174233 0.0378491 
0.0734812 0.0468823 0.00351765 
 0.073 0.0111305 0.0819385 
0.0683185 -0.0500475 0.0649884 
0.05317 0.0255604 -0.0239092 
0.0498588 0.0265097 0.144741 
 0.065 -0.034834 0.0829047 
0.0733176 -0.0143326 0.124833 
 0.053 -0.0251896 0.0289759 
0.0553789 -0.0284067 0.141293 
0.0602021 0.0346144 0.129234 
0.0497095 0.0416763 0.147932 
0.06831329999999999 0.00178059 -0.0672441 
0.0684997 0.0529239 -0.0110881 
0.0408204 -0.0328851 -0.0445062 
0.06900000000000001 -0.0266411 0.0849569 
0.05791 0.026479 -0.0765203 
-0.0233559 -0.0288639 -0.0780851 
0.06425699999999999 0.0207322 -0.0656678 
0.06900000000000001 -0.0033256 0.0455299 
0.0623614 0.0236782 0.129107 
 0.077 -0.0124978 0.0947939 
0.06900000000000001 0.0203373 0.01609 
0.0616745 0.0502631 0.119986 
 0.064 0.016657 0.00308984 
0.0579901 -0.00364597 -0.0879767 
0.0436139 0.0109426 0.148436 
0.0400169 0.00151286 -0.028792 
0.0326514 -0.0372517 -0.0377742 
0.0684522 -0.0502772 0.0320825 
 0.041 0.0263002 -0.00777897 
-0.023049 -0.0233266 -0.0829088 
 0.077 -0.0247156 -0.0274286 
0.0732057 -0.0533108 -0.0443323 
0.075406 0.009847989999999999 -0.00264639 
0.068893 0.0533637 0.0802615 
0.06900000000000001 0.0393247 0.0488989 
 0.064 -0.0190319 0.0193034 
 0.041 0.00573155 -0.0258802 
0.0766976 0.00803422 -0.00858625 
0.0143993 -0.0358857 -0.0784002 
0.0263356 0.0334661 -0.0611544 
 0.065 0.051088 0.08072699999999999 
0.0735885 -0.00177131 0.132146 
 0.067 0.042173 0.0663921 
0.07242700000000001 -0.0375683 0.112254 
 0.077 -0.0252168 0.0517908 
0.0749543 0.022323 0.046077 
0.06900000000000001 0.0294188 -0.00181202 
 0.067 0.0481323 -0.0354915 
0.07610119999999999 0.00163047 0.089615 
0.0419224 0.0269792 -0.0221232 
 0.067 0.0450748 -0.02254 
0.0648725 0.0501591 -0.06308 
0.0625397 -0.0129263 0.129444 
0.07476969999999999 0.0397307 0.103954 
 0.037 -0.0199721 -0.0026353 
0.0725972 -0.0306596 0.117424 
0.06900000000000001 0.0355745 0.0075305 
 0.077 -0.00974915 -0.0476682 
0.0546763 0.0135141 0.0341213 
0.0679387 -0.0199187 -0.0688645 
0.0536044 0.00239623 0.129737 
0.0370702 -0.0345853 -0.0278694 
0.0684555 0.0507275 0.0787721 
 0.077 -0.0361117 0.06645570000000001 
0.0632209 0.0105814 -0.0330547 
0.0353154 0.0313957 -0.0371324 
 0.067 -0.0476752 -0.0439148 
0.06477570000000001 0.041349 0.104234 
0.0633493 -0.026431 0.127706 
 0.065 -0.0306886 0.0672769 
0.0481935 0.0321277 0.0138789 
0.0604902 -0.0277182 -0.08076460000000001 
0.06900000000000001 0.0343552 0.0751187 
 0.077 -0.00613983 0.0275887 
0.064661 0.0155741 0.133568 
0.0277063 0.0331698 -0.0402084 
0.0469366 -0.0295955 -0.0186708 
0.0729651 -0.052874 0.0182359 
 0.067 0.0305984 0.0855995 
0.0440222 -0.000457535 0.0124287 
0.0555626 -0.0297994 0.14073 
0.054779 0.0209969 0.0465512 
0.06900000000000001 -0.0189637 -0.0430984 
0.0435733 -0.0154536 -0.043551 
 0.073 -0.0113266 0.079515 
0.0603708 -0.0129409 0.0164417 
 0.077 -0.00822444 0.115486 
0.0686581 -0.0444517 -0.07873520000000001 
0.0633454 -0.0184534 -0.07047879999999999 
0.0732322 0.0228218 -0.0176923 
 0.064 -0.00386261 -0.0261094 
0.0597295 -0.0177034 0.125918 
0.0323331 -0.0204342 -0.07291540000000001 
0.0599634 0.0459187 0.145638 
0.0643246 -0.0311841 -0.0257313 
0.06881660000000001 0.00171315 -0.063499 
0.0392223 -0.0384552 -0.00197931 
0.06792090000000001 0.0221584 -0.0578337 
0.0746701 -0.008082199999999999 -0.0258166 
0.06900000000000001 0.0207471 0.00261835 
0.06720950000000001 -0.0428536 0.140761 
0.0676592 -0.0234187 -0.0698997 
0.06812020000000001 0.0364998 -0.0267949 
 0.065 0.0448779 0.0974342 
 0.073 0.0511778 0.009479700000000001 
 0.067 -0.0401271 0.053836 
  0.06 -0.00549703 -0.00303316 
0.0679019 0.0504286 -0.0103969 
0.0704883 0.0531346 0.0190947 
0.0358507 -0.0344483 -0.0319439 
0.06900000000000001 -0.00792256 0.0325919 
0.06900000000000001 0.000679547 0.0608323 
0.06900000000000001 -0.000219921 0.0572695 
0.0688753 0.0327344 -0.0251331 
0.06900000000000001 0.008030590000000001 0.012164 
0.058884 -0.0346102 0.00496077 
-0.01913 0.00549272 0.0316974 
0.038262 -0.0145378 -0.035623 
 0.065 0.023292 0.092305 
0.0741668 0.0432709 0.0196707 
0.0423503 0.012767 -0.037448 
 0.036 0.0240097 0.026231 
0.06900000000000001 -0.0218761 -0.00541593 
0.000462703 0.0301259 -0.07398830000000001 
0.0689849 0.0270113 0.101227 
0.0601843 -0.0345869 0.122584 
0.0624287 0.0291079 0.0272529 
0.06900000000000001 0.0437952 -0.00526025 
 0.048 0.0371125 -0.0101038 
0.0763515 -0.00350488 -0.0428057 
0.0530117 -0.0108309 0.150534 
 0.064 0.00617897 -0.00860757 
0.0636227 -0.0223501 0.0499987 
 0.065 -0.0176897 0.0972679 
 0.067 0.0459551 -0.0369921 
0.06900000000000001 0.0409811 0.07677299999999999 
0.06900000000000001 -0.0522216 -0.00712039 
0.0506941 0.0304588 0.152978 
 0.065 0.0399008 -0.0202738 
0.0379631 0.00569317 0.0109267 
 0.041 0.009245049999999999 -0.0204698 
0.0371831 0.0309873 -0.050278 
0.06900000000000001 -0.0145793 0.0293539 
0.06795180000000001 -0.00360418 -0.0689061 
0.0652948 0.000345478 0.121654 
0.06900000000000001 -0.0219953 -0.015511 
0.06900000000000001 0.0290324 -0.0441851 
0.0743032 -0.00474944 0.0147708 
0.06900000000000001 0.0502933 0.058207 
0.0743327 -0.0075129 -0.00984319 
0.06900000000000001 -0.0354958 0.0550289 
 0.077 0.0354184 0.119465 
0.0641703 0.0351678 0.125277 
0.06900000000000001 0.00115959 0.0624576 
0.06900000000000001 -0.0268471 -0.0267639 
0.06900000000000001 -0.00303227 0.0162689 
 0.065 -0.0455266 -0.0430076 
0.06900000000000001 0.0311054 -0.029201 
0.0658938 -0.0461986 0.140796 
0.07163559999999999 0.00339107 0.132014 
0.0571785 0.00298719 0.138846 
0.06536550000000001 -0.0275477 0.132338 
0.0573826 -0.0159366 0.138678 
 0.073 0.0156117 0.08105320000000001 
 0.067 -0.00524671 0.0421153 
 0.067 -0.00354086 0.0467117 
0.06900000000000001 -0.0147002 -0.0574394 
 0.067 0.0503282 0.00568424 
0.06900000000000001 0.0107456 0.0903019 
 0.041 -0.0222632 -0.0217741 
 0.036 -0.0291564 -0.0238323 
0.06878860000000001 0.0326104 0.0601113 
-0.0299154 0.0137939 -0.0860969 
0.0760649 -0.0216917 0.0865017 
0.0228535 -0.0327565 -0.0525013 
 0.048 0.00180751 -0.040979 
 0.037 0.0239154 -0.00867765 
0.06313829999999999 0.0425556 0.1152 
 0.073 0.0157756 0.0239433 
 0.065 -0.0294135 -0.0304461 
 0.065 -0.0338241 0.0411874 
0.0648487 0.0400716 0.009238410000000001 
 0.077 0.00535454 0.0298231 
0.0576067 -0.0256163 -0.0590986 
0.06900000000000001 -0.041075 -0.037307 
0.0658386 -0.0532107 -0.0530814 
0.0412953 0.0343361 -0.0383579 
0.0687214 0.00231638 0.102949 
0.07043389999999999 -0.00819308 -0.0123517 
0.0641994 -0.0514892 0.125837 
 0.065 0.0148033 0.053381 
0.0614029 0.0100267 0.00739273 
 0.041 -0.00496743 -0.0288117 
0.0739375 -0.0257254 0.06883830000000001 
0.057221 0.0204888 -0.0362007 
-0.0178121 -0.0275366 -0.0862821 
0.00171277 0.032807 -0.08131910000000001 
0.0623288 0.0314253 -0.0147422 
0.06900000000000001 0.000753618 0.0719428 
0.06900000000000001 -0.0181896 0.007957880000000001 
0.06805120000000001 -0.0407887 0.0381159 
0.06900000000000001 0.0137428 0.0582779 
 0.036 0.0333855 -0.00445694 
0.0344264 0.0332091 -0.0261991 
0.06900000000000001 0.008547859999999999 0.0759852 
0.0455694 0.0115779 -0.0491131 
 0.064 0.0121794 -0.0228971 
 0.073 -0.0201998 0.00470123 
0.0611475 -0.026451 0.09794849999999999 
0.0307051 0.0256557 -0.0748685 
 0.065 0.0361393 0.082813 
0.0432618 -0.01217 -0.0235337 
0.0743989 -0.0124956 -0.0529473 
 0.036 -0.0125506 -0.0229187 
0.0708729 -0.000795039 0.125127 
-0.013435 0.0287231 -0.078 
0.0577836 0.022746 0.137807 
  0.06 0.00840959 0.00231243 
0.0767895 0.00225923 -0.01445 
 0.065 0.0336905 -0.0258954 
0.0485452 0.0328289 0.14912 
0.06755369999999999 0.0510636 0.0805511 
0.0172906 0.0355255 -0.0687643 
0.0732305 -0.0344985 0.0495315 
0.0507459 -0.0336176 -0.009644710000000001 
0.0742299 -0.0357118 -0.081067 
0.0617407 -0.0222396 0.0363007 
0.0597889 -0.0465614 0.134938 
0.06761440000000001 -0.0422087 0.113895 
0.0384026 0.00212585 -0.0618708 
 0.065 0.009625750000000001 0.0457775 
 0.065 0.0503793 -0.00206305 
0.0610621 -0.000548832 -0.0349793 
0.0394294 -0.00766251 0.0371954 
0.0403027 0.0280975 0.155402 
0.0571401 0.00261272 -0.0880204 
0.06900000000000001 0.0378127 0.0647056 
0.06900000000000001 0.0123784 0.0896801 
0.046142 0.0258738 0.0235696 
0.06900000000000001 -0.0358744 0.06865640000000001 
 0.065 0.0178241 0.0767345 
0.0479283 -0.0358926 0.00325175 
  0.06 -0.0304825 -0.0171183 
 0.036 -0.0172527 0.0133645 
0.0553278 -0.00113201 -0.034441 
0.0554584 -0.010998 0.141314 
0.0755574 0.0372154 0.0527456 
0.0705924 0.0228273 -0.079814 
0.0530681 0.0234799 -0.0314302 
0.0550703 0.0341257 0.113472 
 0.065 0.00674319 0.0575766 
0.0745381 -0.0104167 0.0205646 
0.06672690000000001 0.0234454 -0.0636502 
0.06900000000000001 -0.00965798 0.035367 
 0.041 -0.0318541 -0.0105766 
0.06687360000000001 -0.0389004 -0.0725002 
0.06704599999999999 -0.05059 -0.0127103 
0.0392317 -0.0327045 -0.0518259 
0.0736749 -0.0402749 0.0232869 
 0.077 -0.0440134 0.0525309 
0.0547526 0.048509 0.141955 
0.07541929999999999 0.00258652 0.00652377 
0.07294109999999999 -0.0383527 -0.069118 
0.065805 -0.0315058 0.112368 
0.0655033 0.0421926 -0.0707926 
 0.073 -0.000390488 -0.0145903 
 0.067 0.0408124 0.045385 
0.0464298 0.00325898 -0.0347708 
 0.065 0.0274921 -0.0473939 
0.06900000000000001 -0.0510222 0.073256 
 0.041 -0.004152 0.0292725 
0.0678175 0.00239623 0.112336 
0.0530305 0.0345029 0.0183433 
0.06900000000000001 -0.00369111 0.08462550000000001 
 0.077 0.0472201 -0.0276205 
0.0357194 0.0113185 -0.0737392 
0.0584407 0.0126218 -0.0344672 
0.06900000000000001 0.0271745 0.09696920000000001 
0.0278526 -0.0291479 -0.0671017 
 0.065 -0.0382434 0.0888871 
0.0349869 -0.0315277 -0.0598076 
0.0715122 -0.00466962 0.114745 
0.06900000000000001 0.0225734 0.037345 
0.0656842 0.0174708 0.0142872 
0.06900000000000001 0.00813297 -0.00436429 
 0.077 -0.0404062 -0.0366002 
0.0264026 -0.0369571 -0.046535 
0.0763839 0.0285301 0.098105 
0.073601 0.00760477 0.0448492 
0.06900000000000001 -0.0241317 -0.0537882 
0.06391330000000001 -0.0404037 -0.0746231 
0.0694206 0.0366083 0.144305 
 0.067 -0.0111328 0.0508112 
0.054934 0.00520935 0.134908 
0.0345689 -0.0372238 -0.038603 
0.0499848 -0.0363332 0.138227 
0.06900000000000001 0.0441799 0.0759852 
0.0382315 -0.00169246 -0.0571109 
 0.067 0.0129074 0.0964776 
0.06900000000000001 0.00166626 0.0501818 
 0.067 0.0272045 0.0370495 
0.0672311 -0.0180399 0.0165752 
0.00424444 -0.0360906 -0.07230449999999999 
0.0762856 0.0323129 0.117907 
0.0750392 0.028588 -0.0650835 
0.0426021 0.009720700000000001 -0.0340585 
0.0474372 -0.0334067 0.145067 
0.0759021 -0.023672 -0.0635159 
0.0722457 -0.0530051 -0.000540755 
0.06900000000000001 -0.000141795 0.0364899 
-0.031384 0.014399 -0.075 
0.0762806 0.0456635 0.098512 
0.0613584 0.0207162 -0.0372183 
 0.067 -0.009648260000000001 0.0551507 
 0.064 -0.0327047 0.00928202 
-0.0142766 -0.0297465 -0.0795357 
0.06900000000000001 0.0170406 0.0848264 
0.07325139999999999 -0.0164122 -0.05495 
0.06900000000000001 -0.0271632 0.018526 
 0.041 -0.0189846 0.00527367 
0.0655997 0.0523018 -0.0559562 
 0.067 -0.0427543 0.07838680000000001 
 0.067 0.02212 0.0737111 
0.0471127 0.0158909 0.150606 
0.0473718 0.0195953 -0.0333926 
0.0558891 3.28875e-05 0.0565358 
0.0660815 0.0179759 0.148662 
0.0393037 -0.0170769 0.0229179 
0.06900000000000001 -0.0328482 -0.0285764 
0.06485349999999999 -0.0342657 0.103841 
0.0661862 -0.0435793 0.118849 
0.0637711 -0.0129379 0.126603 
0.0599964 0.0174109 0.125054 
0.07317899999999999 -0.0164571 0.000102867 
 0.064 -0.00116694 0.0230606 
0.0306935 0.0311883 -0.07242469999999999 
0.0646385 0.0406614 0.10558 
0.0761014 0.0217075 0.06393939999999999 
-0.011661 -0.0342252 -0.0738535 
 0.065 -0.0261533 0.0584128 
0.0427065 -0.0209148 -0.0279963 
 0.073 -0.00364809 -0.0196044 
0.06900000000000001 0.0369547 0.08638120000000001 
0.0638885 0.0163425 0.126137 
 0.059 -0.0223754 -0.027434 
0.0766995 0.0182932 -0.0587328 
0.0352446 -0.0243627 -0.065222 
0.0576383 -0.0307994 0.129467 
0.0705416 0.0150973 0.118804 
0.07554760000000001 -0.0108237 -0.0762617 
 0.067 -0.0484786 0.0512882 
0.0638661 0.0290263 0.0190021 
0.0576704 -0.0259226 0.09495149999999999 
 0.077 -0.012037 0.0418821 
0.06817579999999999 0.0485043 -0.0683605 
0.0725687 -0.0281833 0.131118 
 0.041 -0.01972 0.00655998 
0.0403616 -0.0247109 -0.0376327 
 0.067 -0.0476334 -0.000551967 
0.0748366 -0.0118701 -0.0635486 
0.0584954 0.0251315 0.062456 
0.060105 0.0102404 0.00716068 
0.0379544 -0.0178031 -0.0342775 
0.0766096 -0.0524268 -0.019113 
0.0540358 0.00492723 0.0393682 
0.041358 0.00976169 0.154637 
0.0690122 0.0121646 -0.0779919 
0.06900000000000001 0.0304035 0.00341888 
0.0491942 -0.0216179 0.142995 
0.073168 -0.00537272 0.0984708 
0.0593765 0.0128314 0.016045 
0.0556804 0.0201023 -0.0452447 
 0.041 -0.0192958 0.0201116 
 0.064 -0.0239452 -0.00171801 
0.0404237 0.0306871 -0.0358191 
0.063129 -0.0483937 0.115792 
0.0333943 -0.0327537 -0.0341803 
0.0630192 0.00365552 0.0399191 
0.06900000000000001 -0.0194956 0.00878952 
0.00389085 0.0361593 -0.0702629 
 0.036 0.031689 0.0164232 
 0.041 -0.0246521 -0.0142447 
0.0617364 -0.0295074 -0.07097879999999999 
 0.041 0.019976 -0.0260341 
 0.077 -0.0147134 0.0610386 
0.0660852 -0.0151991 0.13887 
0.06267440000000001 -0.0499753 0.135169 
0.0661828 0.0177582 -0.0668229 
0.0464969 0.0313395 0.145577 
0.0617279 -0.0234174 0.120079 
0.0450389 0.0230986 0.147001 
 0.077 -0.0145623 0.0397993 
 0.077 -0.0484746 0.085658 
0.0680149 0.0504878 -0.00192284 
0.0768185 0.0260623 0.07063759999999999 
-0.0231956 -0.0242861 -0.075 
0.06446259999999999 0.0099893 0.106552 
0.0323086 0.0211425 -0.0722464 
0.0620276 0.0247023 -0.0550509 
 0.065 -0.016928 0.0791587 
0.0683221 0.0467992 0.0185224 
0.06900000000000001 -0.00510694 0.0178624 
0.0585187 0.0100101 0.0355932 
 0.036 0.0326806 -0.0133386 
0.06900000000000001 0.00208284 0.0508972 
0.0396738 0.0350459 -0.0442505 
0.0740325 0.0256141 -0.0677802 
0.0687031 0.0500359 0.09815309999999999 
0.06900000000000001 0.0398896 0.08024969999999999 
0.0688092 0.047455 0.0402631 
0.07531740000000001 -0.0477079 0.132861 
0.0417325 0.00407447 -0.057095 
0.06450889999999999 0.0343395 -0.0786347 
0.0463399 0.0273375 -0.0270645 
0.046603 0.00975036 0.154636 
0.0724711 0.0473715 0.112905 
0.07394240000000001 -0.0170486 0.0552866 
0.06900000000000001 0.0402742 -0.0600373 
0.0407122 0.000749531 0.153204 
0.06900000000000001 -0.0525414 0.0246545 
0.0640666 0.0200815 0.110041 
0.0603962 -0.0381876 0.0115666 
0.06900000000000001 0.0528371 0.0158209 
0.0380377 -0.0214023 -0.0623661 
0.0436649 -0.033349 -0.0102689 
0.0465429 -0.00681473 0.148597 
-0.0177941 -0.00293469  0.031 
-0.0350508 -0.00958764 -0.0767018 
0.0705129 -0.00285864 -0.0757602 
0.0749749 0.0447702 0.132867 
0.0720853 -0.0511803 -0.06825050000000001 
0.0723707 -0.0458613 -0.07756589999999999 
 0.064 0.0174266 -0.0244211 
0.0658068 -0.0217368 -0.087824 
0.0672297 -0.0148775 -0.0716393 
-0.032131 0.00746212 -0.0854613 
0.0599406 -0.030615 0.0256645 
0.0755652 0.0297615 -0.0420389 
0.0547076 0.0043023 -0.0346873 
0.06900000000000001 0.0182572 0.07645879999999999 
 0.064 -0.0102106 0.00523113 
 0.067 -0.0136018 0.0870218 
0.0548684 0.0341499 0.0057473 
 0.077 -0.0134971 -0.0347316 
0.074573 -0.0355531 -0.0311127 
0.06385589999999999 -0.0211647 -0.0683792 
0.0649836 0.0233263 -0.0400071 
0.06875100000000001 0.0378253 0.102387 
0.06513819999999999 -0.00502941 -0.0715657 
 0.061 -0.0271674 -0.0293078 
 0.064 0.00442705 0.031354 
 0.053 0.0373292 0.00688117 
0.07231509999999999 0.0245148 0.136402 
0.046397 -0.022354 -0.0315989 
0.0369166 -0.0233713 0.0305125 
0.0646524 0.0181029 -0.0433991 
0.0549672 -0.0202408 -0.087725 
0.06900000000000001 0.038457 0.0431816 
0.0651954 -0.0523634 -0.0178488 
0.0636148 -0.0344237 -0.0797378 
0.06500789999999999 0.0530899 0.132543 
0.0740439 0.02967 -0.0803111 
 0.065 0.0131875 0.09830079999999999 
0.06900000000000001 0.008381609999999999 -0.00564481 
0.06900000000000001 -0.0172173 0.0030675 
0.0769063 0.0338984 -0.01995 
0.0175398 0.0366455 -0.0558032 
0.0555893 -0.0249942 0.0314201 
 0.077 -0.0127046 0.0614892 
0.06311750000000001 -0.0295327 -0.0187747 
0.06900000000000001 0.0303275 0.0254446 
0.0623371 -0.0141397 -0.08790340000000001 
0.0618038 0.00600201 -0.088044 
0.06900000000000001 0.0282948 -0.0125771 
0.0638373 -0.0306946 0.10114 
0.0616033 0.0122017 -0.0326128 
 0.041 -0.00982681 -0.030965 
 0.077 0.0161819 -0.0205572 
0.0454693 -0.008918300000000001 0.0337623 
 0.065 0.0255435 0.0360168 
0.0426996 -0.012027 -0.0129611 
0.06659660000000001 -0.0108217 -0.0637785 
0.06900000000000001 -0.0440163 -0.0221805 
0.06900000000000001 -0.0214254 -0.0410659 
0.0594105 0.023657 -0.0503744 
 0.065 -0.0434118 0.00733971 
0.06900000000000001 0.0414735 0.056521 
0.0422088 0.0247909 0.149691 
0.0613053 -0.0247081 -0.0515087 
 0.041 0.0185383 -0.0102981 
 0.048 0.009371910000000001 -0.0387539 
0.06900000000000001 0.0376543 0.00209276 
0.0253475 -0.0357235 -0.0397202 
0.0745893 0.009401609999999999 -0.0230751 
0.0225283 0.0337289 -0.0533398 
0.06821389999999999 -0.0510827 0.109591 
0.0630869 0.023582 0.122246 
0.06900000000000001 0.00868709 0.0254695 
0.0569376 -0.000667412 0.123826 
 0.037 -0.0195248 0.000274772 
0.067486 0.0284973 0.102477 
 0.041 -0.0115067 -0.0102027 
0.0583339 -0.0506806 0.13375 
 0.077 -0.0424843 0.00584042 
0.07466399999999999 0.0185155 -0.0484137 
0.0759597 -0.0295339 0.0732679 
 0.059 0.0361654 0.00260454 
 0.041 -0.0296139 -0.00815811 
0.0620667 -0.0184706 -0.0740334 
 0.064 -0.0245129 -0.00807808 
0.0731426 -0.0271827 -0.0131214 
0.0674589 0.049135 -0.0712419 
0.070594 -0.0323623 -0.0859258 
 0.065 0.0106853 -0.0477163 
0.06850580000000001 -0.0199955 0.146317 
0.0743823 -0.0325876 0.0849087 
0.0412512 0.011737 -0.0650454 
0.06524000000000001 0.0529277 0.0955401 
0.06900000000000001 -0.0482334 -0.0361019 
 0.065 -0.0430679 0.0139175 
0.06900000000000001 -0.023954 0.0163585 
 0.067 0.0142306 0.0482499 
0.06900000000000001 -0.00712464 0.033658 
0.0352462 -0.021399 -0.0707049 
0.06900000000000001 0.052811 0.0209399 
0.0572404 0.0154817 0.138665 
0.00398453 -0.0323062 -0.0658946 
0.06900000000000001 0.040672 -0.00689651 
 0.077 0.0270616 0.0256358 
0.062573 -0.0292091 -0.0192298 
0.061648 0.0123188 -0.00132532 
-0.015542 -0.0120055 0.0313161 
0.0620052 -0.0018272 0.125282 
0.0292924 -0.0159141 -0.075 
 0.067 0.0443134 0.0610916 
0.0367778 -0.0367626 -0.0523207 
 0.073 -0.0520301 0.0930155 
0.06900000000000001 -0.0302898 -0.0513473 
 0.065 -0.0201542 -0.0587504 
0.0676595 0.0174146 0.14216 
0.0669117 -0.0183618 0.102433 
 0.077 0.0355919 -0.0213189 
0.073353 0.00133244 0.0418256 
0.0476824 -0.0156751 0.150383 
0.0725877 -0.0528658 0.019401 
0.0582698 -0.00553929 -0.08719689999999999 
0.054715 0.0265191 0.0226512 
0.0609957 0.0410594 -0.0767722 
0.000207973 0.03989 -0.0843662 
0.0535126 -0.0328411 0.119602 
0.0551967 -0.0006969329999999999 0.131387 
0.062944 -0.043362 -0.076781 
0.07641729999999999 0.0424931 0.0467825 
0.06900000000000001 0.00494642 0.0133479 
 0.065 0.0508235 -0.0345954 
0.0688352 0.0479688 0.10142 
 0.067 -0.0366802 -0.0464454 
0.0717184 -0.000479541 0.118892 
0.0641058 -0.00547086 -0.0666424 
 0.065 -0.0439558 0.0650553 
 0.037 -0.008735039999999999 -0.0178748 
0.06846919999999999 -0.0266342 -0.06588049999999999 
0.0528628 0.021145 0.13797 
0.0385697 -0.0110906 -0.0148827 
0.0685563 0.0384938 -0.02781 
0.06836200000000001 -0.0508604 -0.0514464 
 0.067 0.0154691 0.0945801 
0.06900000000000001 0.0398253 -0.0170945 
0.0258227 0.0139504 0.0301882 
0.06900000000000001 0.0158877 -0.0015159 
0.019892 0.0262297 -0.0821196 
 0.077 -0.0417755 -0.0198147 
0.0160605 0.0365678 -0.0538978 
0.0553953 -0.0310553 0.0149359 
 0.077 0.0126007 0.0575359 
0.07326439999999999 -0.0418617 0.130715 
0.0732535 0.0510998 0.0394608 
 0.065 -0.0300097 0.0588746 
0.0356363 0.0257351 -0.0533444 
0.0430503 -0.00596304 -0.0543689 
0.0594756 -0.0426747 0.131307 
0.038949 0.0348093 -0.0212074 
0.0397528 0.0327619 -0.0495392 
 0.064 0.0125146 -0.0281558 
0.06812699999999999 0.0250837 0.13431 
0.06900000000000001 0.00168263 0.0435488 
0.0553581 -0.00384776 0.0342828 
0.0668829 -0.0149277 -0.0181448 
0.06900000000000001 -0.000766413 0.0623648 
0.06900000000000001 0.0480295 -0.0190215 
0.060655 -0.0155529 0.146637 
 0.073 -0.0492154 0.0972575 
0.0476046 -0.00627326 -0.0447961 
0.0424987 -0.0118369 0.035151 
0.0657046 0.0274733 0.12002 
 0.077 -0.000553418 0.0480949 
0.0768566 0.0089155 -0.0367835 
0.06362420000000001 0.0165248 -0.0305198 
0.06800879999999999 0.0223264 0.101347 
0.00547222 0.0149479 0.0339979 
 0.064 -0.0168505 -0.00355307 
0.0258408 0.0205109 -0.0846291 
0.06900000000000001 0.0456973 -0.0251782 
 0.067 -0.0285533 0.0456752 
 0.067 0.0418227 0.00608981 
0.0547214 -0.00154868 0.0431552 
0.07101010000000001 -0.0522923 0.101551 
0.0768938 -0.0210882 -0.0175109 
 0.036 -0.0364788 0.00753477 
0.06900000000000001 0.0385601 -0.0235566 
 0.077 0.0404906 0.0598685 
 0.077 -0.0399993 0.0199188 
0.0611951 0.0347532 0.00384631 
 0.073 0.036636 0.0220143 
0.0759266 0.0474837 0.09002110000000001 
 0.067 -0.010729 0.0398603 
0.0618154 -0.00414579 0.125778 
0.0391918 0.015118 -0.0245912 
0.0253444 0.0210312 -0.0808371 
0.0252155 0.0332065 -0.06887600000000001 
0.057793 0.0303249 0.0166168 
0.0731325 -0.0243553 -0.076167 
0.06900000000000001 -0.0208283 0.04982 
 0.065 -0.046754 0.00357641 
0.0587204 -0.0228949 0.0777809 
0.06361509999999999 -0.0147201 -0.0116726 
 0.064 0.0015568 -0.0237841 
0.06900000000000001 -0.0381625 -0.00822998 
0.0614766 0.00225377 0.139255 
0.06900000000000001 -0.0494002 0.0202244 
 0.064 -0.00845397 0.0314964 
0.06900000000000001 -0.0493631 0.0335649 
 0.067 -0.0108305 0.0733916 
0.06852220000000001 -0.0144928 0.106487 
0.0404664 0.0321305 0.0211753 
 0.064 0.00526444 -0.00887548 
0.0733123 0.025194 0.0660328 
0.0584812 -0.0230937 0.07890850000000001 
  0.06 -0.00357593 0.00630287 
0.0685475 0.0241749 0.104647 
0.0533621 0.01807 0.0366489 
0.0638169 0.00353837 0.109137 
-0.0209239 -0.0212428 -0.0758614 
0.0710701 0.00547099 -0.08586770000000001 
0.00625857 0.0305784 -0.0746875 
0.06900000000000001 0.0210853 0.0369249 
 0.065 -0.00433284 0.0427523 
0.06557739999999999 0.0221241 0.120497 
 0.065 0.0418917 0.0147252 
0.0607313 -0.0349046 0.000608348 
0.0559885 -0.0288327 -0.0189302 
0.0682215 0.0271805 -0.0679778 
 0.067 0.008125520000000001 0.0427655 
0.0699689 0.0149293 -0.0753481 
 0.067 0.0359908 0.0621513 
0.06900000000000001 0.0471828 -0.0330939 
0.0658453 -0.0274907 -0.07535940000000001 
0.0573213 0.00379182 0.0398784 
0.0410627 -0.00357953 -0.0330153 
 0.041 0.011874 0.009033070000000001 
0.06900000000000001 -0.0415194 0.048541 
 0.064 0.0213314 0.0202431 
0.0448633 -0.0383815 0.00262779 
0.06900000000000001 -0.00525036 -0.020145 
0.0613834 -0.0417214 0.121482 
-0.0325922 0.0161228 -0.0825835 
0.0422414 -0.0132195 0.151183 
0.0380049 0.0324955 -0.0542318 
0.0633932 -0.0152769 0.123767 
0.0399104 -5.45354e-05 -0.0809428 
0.0501894 -0.0352548 0.134893 
 0.065 0.0432714 0.0251402 
0.0765001 0.0196879 0.0496419 
0.0656716 0.0529303 0.0284145 
0.0689897 0.0395826 -0.0608268 
0.06703530000000001 -0.0516268 -0.0688821 
0.0447587 0.0242535 -0.0259206 
 0.065 -0.0172741 -0.0441299 
 0.067 0.0447374 0.0424919 
0.0672386 0.0122669 -0.0718229 
0.0441657 -0.0237566 0.0261768 
0.06900000000000001 0.0141945 0.082956 
-0.0289383 -0.0227013 -0.07731970000000001 
 0.036 0.0005430949999999999 -0.0331993 
0.074159 0.0392035 0.0830009 
0.0731952 0.0478633 -0.0364841 
 0.064 0.0119354 -0.0171345 
0.0446825 0.000632112 0.0124209 
0.0453195 0.0118376 0.152396 
 0.036 -0.0230101 -0.00317276 
0.0648841 0.00778351 0.116101 
0.07361280000000001 0.0527735 -0.032633 
 0.041 0.000386883 0.0142294 
 0.077 0.009351770000000001 -0.0625665 
0.0722348 0.000855322 0.119943 
0.06900000000000001 -0.0298315 -0.00151321 
0.0745712 -0.0108862 -0.0241323 
0.07678020000000001 0.0104596 0.0800389 
 0.067 -0.0101408 0.0626487 
0.0565707 -0.01595 -0.08296000000000001 
0.0605909 -0.0221926 -0.04095 
0.06282069999999999 0.0287218 0.0828173 
 0.067 -0.0316153 -0.042137 
 0.077 -0.0250758 0.10148 
0.0746609 0.0530299 0.00409023 
 0.041 -0.00267717 -0.0299854 
 0.067 0.0478287 0.06402529999999999 
0.07498779999999999 -0.00507732 0.0747044 
0.071454 0.0527214 -0.0400925 
0.0757423 0.018577 0.130978 
0.0397561 -0.0382956 -0.00672632 
0.0319624 0.0354273 -0.0530552 
 0.065 0.00914416 0.0903296 
 0.064 0.000871328 0.0142307 
0.0658638 -0.002874 0.149109 
0.0711738 -0.0531829 -0.0260187 
0.0769367 0.0186969 0.00713251 
 0.077 -0.0258554 0.0861669 
 0.067 -0.029948 0.0808466 
 0.064 0.00527669 0.0245792 
0.0689864 0.0351324 -0.0812017 
 0.065 0.0411759 -0.0319806 
0.0374207 0.0384045 -0.00348645 
0.0327546 0.0105352 -0.0749701 
0.034389 -0.0180399 -0.0718332 
  0.06 0.00291523 0.00450061 
-0.033427 0.004247 -0.08699999999999999 
 0.067 0.0504068 0.0375005 
0.0385766 0.0178736 -0.0589068 
 0.037 0.00138 -0.0174644 
0.0417537 -0.0341923 0.009465960000000001 
 0.077 -0.00932351 0.0340948 
0.042592 -0.0231574 0.000805202 
0.06297319999999999 -0.0332361 0.0106376 
0.0466283 -0.0297652 -0.0183905 
0.06549489999999999 0.0526764 0.0133675 
 0.036 0.0123754 -0.0347765 
0.0296023 0.000586377  0.032 
0.0437075 -0.0139205 -0.0231642 
 0.077 0.0267066 -0.0484428 
 0.045 0.00769403 -0.00410093 
0.06900000000000001 -0.0243391 0.0614107 
0.0256497 -0.0301861 -0.08008750000000001 
0.0601769 0.0208087 -0.07808030000000001 
0.0609065 -0.049372 0.122985 
0.07327 -0.0300961 0.00987097 
 0.067 0.00365627 0.0792061 
0.0730963 -0.0147152 0.0288044 
 0.065 0.0166261 0.0704347 
0.06900000000000001 0.00188508 0.0302987 
 0.065 0.0455945 -0.0595877 
0.0664679 -0.0529898 0.00091368 
 0.077 -0.0387299 0.0332249 
 0.037 0.00222701 0.0201258 
 0.077 0.0261043 0.08534990000000001 
0.0594469 0.0323141 0.103191 
0.0441813 -0.0371388 -0.041132 
0.0546255 -0.0306867 0.110306 
 0.067 -0.0421842 0.0894283 
0.00671449 -0.0363486 -0.0646312 
0.0742736 0.0220305 0.117162 
 0.077 -0.0506627 0.0272365 
 0.077 0.0227379 -0.0620511 
0.0478319 -0.0123814 -0.0225391 
 0.065 -0.0370046 0.0232598 
 0.041 -0.0321384 -0.00127254 
0.0682281 0.012107 0.0984179 
0.07458679999999999 -0.00596776 -0.0236265 
0.06900000000000001 0.0408865 0.0526387 
 0.065 0.0477087 0.0283795 
0.06900000000000001 0.00930163 -0.0310458 
0.0691669 0.0530167 0.00221268 
0.0649146 0.0247853 0.0900764 
0.047923 0.0299746 0.0209539 
0.0689828 -0.00531222 0.0482523 
 0.073 -0.0051962 0.044305 
0.0423576 -0.0223616 -0.0273964 
 0.064 0.014836 0.0197087 
0.06900000000000001 -0.0451768 -0.0545747 
 0.077 0.026053 -0.0542134 
 0.067 0.0495119 0.00662153 
 0.067 0.00690172 0.0741469 
 0.036 -0.0103032 -0.0304207 
0.0416455 -0.0223597 0.0274949 
0.06900000000000001 -0.00758422 -0.00370042 
0.0585817 0.0116714 0.136628 
0.0638923 -0.00160809 0.0719472 
0.0675558 0.00644149 -0.07007389999999999 
0.0495842 0.0266535 0.145085 
0.0671585 0.0527852 -0.0309579 
-0.00550328 0.0192265 0.0354015 
0.06900000000000001 0.0205872 0.0467378 
-0.0128374 -0.0321933 -0.08699999999999999 
0.0610156 0.0269174 0.0928718 
0.06900000000000001 0.0249012 0.0647413 
0.04779 0.0303257 0.149862 
0.06545330000000001 -0.0164463 0.113862 
0.0434157 0.0321286 0.013877 
0.06900000000000001 -0.00303324 0.0116195 
3 317 628 141 
3 866 317 141 
3 628 627 732 
3 317 627 628 
3 866 991 317 
3 174 352 630 
3 962 90 1 
3 436 672 673 
3 672 634 673 
3 232 185 90 
3 170 232 90 
3 37 170 90 
3 962 37 90 
3 632 37 426 
3 37 632 170 
3 86 749 673 
3 921 86 673 
3 86 921 749 
3 119 712 749 
3 921 119 749 
3 119 921 712 
3 130 866 141 
3 130 436 673 
3 93 627 317 
3 93 317 619 
3 867 93 619 
3 93 867 732 
3 627 93 732 
3 991 40 317 
3 632 631 170 
3 232 631 876 
3 631 232 170 
3 892 909 712 
3 874 177 234 
3 909 521 712 
3 712 521 749 
3 634 844 673 
3 844 921 673 
3 120 844 426 
3 76 386 876 
3 386 952 185 
3 386 232 876 
3 232 386 185 
3 866 373 749 
3 130 373 866 
3 224 672 436 
3 661 174 630 
3 174 661 234 
3 874 661 749 
3 661 874 234 
3 631 50 876 
3 50 631 632 
3 50 76 876 
3 97 892 475 
3 990 177 874 
3 990 874 749 
3 521 990 749 
3 990 521 909 
3 892 990 909 
3 844 662 921 
3 662 844 120 
3 921 662 712 
3 24 662 120 
3 844 713 426 
3 713 844 634 
3 713 632 426 
3 632 713 288 
3 24 550 37 
3 37 550 426 
3 550 120 426 
3 550 24 120 
3 703 216 732 
3 386 703 952 
3 352 910 630 
3 883 628 732 
3 216 883 732 
3 373 927 749 
3 927 373 130 
3 749 927 673 
3 927 130 673 
3 317 435 619 
3 40 435 317 
3 138 176 435 
3 177 309 234 
3 905 97 174 
3 905 174 234 
3 97 905 892 
3 309 905 234 
3 905 990 892 
3 990 905 177 
3 905 309 177 
3 892 77 475 
3 77 892 712 
3 662 77 712 
3 278 807 90 
3 952 807 185 
3 539 703 386 
3 703 539 216 
3 539 386 76 
3 611 593 1 
3 287 593 611 
3 287 95 352 
3 95 287 611 
3 95 910 352 
3 910 95 611 
3 117 883 216 
3 566 867 619 
3 435 566 619 
3 176 566 435 
3 461 40 991 
3 661 461 749 
3 461 866 749 
3 461 991 866 
3 185 509 90 
3 509 278 90 
3 807 509 185 
3 509 807 278 
3 77 963 475 
3 963 662 24 
3 963 77 662 
3 507 359 703 
3 867 507 732 
3 507 703 732 
3 587 359 611 
3 359 587 703 
3 737 611 1 
3 737 807 611 
3 539 993 216 
3 993 117 216 
3 993 539 76 
3 50 993 76 
3 993 713 634 
3 713 993 288 
3 672 993 634 
3 993 632 288 
3 993 50 632 
3 224 993 672 
3 117 993 130 
3 130 993 436 
3 993 224 436 
3 117 183 883 
3 628 183 141 
3 883 183 628 
3 183 130 141 
3 183 117 130 
3 294 461 661 
3 294 492 138 
3 294 661 630 
3 492 294 630 
3 587 390 703 
3 703 390 952 
3 390 807 952 
3 807 390 611 
3 390 587 611 
3 138 527 176 
3 527 915 176 
3 492 527 138 
3 615 566 176 
3 915 615 176 
3 566 615 867 
3 715 615 915 
3 715 527 492 
3 527 715 915 
3 807 89 90 
3 737 89 807 
3 90 89 1 
3 89 737 1 
3 294 210 461 
3 210 435 40 
3 461 210 40 
3 210 138 435 
3 210 294 138 
3 744 715 359 
3 744 507 867 
3 507 744 359 
3 615 744 867 
3 359 301 611 
3 301 715 611 
3 715 301 359 
3 715 118 611 
3 118 715 492 
3 910 118 630 
3 118 910 611 
3 118 492 630 
3 715 331 615 
3 331 744 615 
3 744 331 715 
3 963 352 174 
3 963 37 962 
3 963 593 287 
3 963 97 475 
3 963 24 37 
3 963 962 1 
3 97 963 174 
3 963 287 352 
3 593 963 1 
Vertices and facets:
- p317(v18): -0.019 0.0055 0.032
  neighbors: f63 f129 f132 f138 f223 f224 f239 f415 f416
- p628(v17): -0.035 -0.0096 -0.077
  neighbors: f63 f131 f132 f395 f556 f557
- p141(v0): -0.037 -0.0043 -0.084
  neighbors: f63 f129 f216 f556 f558
- p866(v31): -0.033 0.016 -0.083
  neighbors: f129 f138 f216 f316 f318 f513 f514
- p627(v32): -0.018 -0.0029 0.031
  neighbors: f131 f132 f223 f227
- p732(v9): -0.016 -0.012 0.031
  neighbors: f131 f226 f227 f383 f395 f396 f525 f526
- p991(v33): -0.0055 0.019 0.035
  neighbors: f138 f239 f509 f514
- p352(v34): 0.077 0.035  0.12
  neighbors: f143 f392 f479 f481 f612 f619
- p174(v19): 0.077  0.05  0.11
  neighbors: f143 f327 f330 f443 f444 f612 f618
- p630(v10): 0.075 0.045  0.13
  neighbors: f143 f327 f392 f564 f565 f606 f608
- p962(v37): 0.077 -0.051 0.027
  neighbors: f154 f169 f613 f617
- p90(v12): 0.077 -0.053 -0.019
  neighbors: f154 f162 f163 f167 f169 f467 f515 f516 f587 f589
- p1(v1): 0.077 -0.051 0.077
  neighbors: f154 f477 f538 f589 f590 f617 f620
- p672(v38): 0.062 -0.014 -0.088
  neighbors: f158 f159 f319 f548 f551
- p436(v20): 0.057 0.0026 -0.088
  neighbors: f158 f220 f319 f553 f554
- p673(v3): 0.062 0.006 -0.088
  neighbors: f158 f159 f187 f188 f220 f269 f270 f411 f412
- p634(v23): 0.066 -0.022 -0.088
  neighbors: f159 f269 f372 f546 f548
- p232(v39): 0.073 -0.053 -0.044
  neighbors: f162 f163 f252 f253 f295 f296
- p185(v21): 0.069 -0.053 -0.045
  neighbors: f162 f293 f296 f470 f515 f517
- p170(v24): 0.076 -0.049 -0.063
  neighbors: f163 f167 f171 f251 f253
- p37(v40): 0.077 -0.044 -0.064
  neighbors: f167 f169 f170 f171 f377 f378 f613 f616
- p632(v41): 0.072 -0.046 -0.078
  neighbors: f170 f171 f251 f341 f373 f374 f549 f550
- p426(v13): 0.074 -0.036 -0.081
  neighbors: f170 f273 f371 f373 f378 f379
- p86(v44): 0.058 0.011 -0.087
  neighbors: f187 f188 f189
- p749(v7): 0.00021  0.04 -0.084
  neighbors: f187 f189 f190 f191 f265 f316 f331 f359 f360 f409 f411 f512 f513
- p921(v27): 0.069 0.035 -0.081
  neighbors: f188 f189 f191 f192 f270 f364 f366
- p119(v45): 0.065 0.043 -0.078
  neighbors: f190 f191 f192
- p712(v15): 0.067 0.049 -0.071
  neighbors: f190 f192 f255 f264 f265 f366 f453 f454
- p130(v49): -0.034 0.0033 -0.087
  neighbors: f216 f220 f318 f410 f412 f552 f553 f558 f559
- p93(v50): -0.015 -0.0055 0.037
  neighbors: f223 f224 f225 f226 f227
- p619(v5): 0.041 0.00075  0.15
  neighbors: f224 f225 f415 f497 f498
- p867(v29): 0.042 -0.013  0.15
  neighbors: f225 f226 f497 f525 f577 f597 f599
- p40(v53): 0.043 0.036  0.15
  neighbors: f239 f416 f509 f592 f593
- p631(v55): 0.072 -0.051 -0.068
  neighbors: f251 f252 f253 f340 f341
- p876(v6): 0.067 -0.052 -0.069
  neighbors: f252 f292 f295 f340 f342
- p892(v56): 0.074 0.053 -0.033
  neighbors: f255 f348 f363 f445 f447 f452 f453
- p909(v43): 0.071 0.053 -0.04
  neighbors: f255 f264 f362 f363
- p177(v57): 0.068 0.053 0.0043
  neighbors: f259 f358 f441 f448 f449
- p874(v26): 0.066 0.053 0.028
  neighbors: f259 f331 f334 f358 f359
- p234(v2): 0.069 0.053  0.08
  neighbors: f259 f330 f334 f441 f444 f446
- p521(v58): 0.066 0.052 -0.056
  neighbors: f264 f265 f360 f362
- p844(v59): 0.071 0.0055 -0.086
  neighbors: f269 f270 f273 f364 f365 f371 f372
- p120(v46): 0.074  0.02 -0.081
  neighbors: f273 f365 f370 f379 f380
- p386(v63): 0.066 -0.053 -0.053
  neighbors: f292 f293 f295 f296 f387 f471 f473
- p76(v30): 0.065 -0.051 -0.07
  neighbors: f292 f342 f473 f544 f545
- p952(v54): 0.066 -0.053 0.00091
  neighbors: f293 f387 f470 f567 f568
- p373(v66): -0.03 0.014 -0.086
  neighbors: f316 f318 f409 f410
- p224(v67): 0.058 -0.0036 -0.088
  neighbors: f319 f551 f554
- p661(v69): 0.065 0.053  0.13
  neighbors: f327 f330 f331 f334 f512 f560 f564
- p50(v71): 0.071 -0.048 -0.075
  neighbors: f340 f341 f342 f545 f550
- p97(v72): 0.077 0.051 -0.0022
  neighbors: f348 f443 f445 f615 f618
- p475(v35): 0.077 0.047 -0.028
  neighbors: f348 f452 f520 f615
- p990(v75): 0.067 0.053 -0.031
  neighbors: f358 f359 f360 f362 f363 f447 f448
- p662(v76): 0.074  0.03 -0.08
  neighbors: f364 f365 f366 f370 f454 f521 f522
- p24(v60): 0.077 0.018 -0.067
  neighbors: f370 f377 f380 f521 f616
- p713(v77): 0.071 -0.032 -0.086
  neighbors: f371 f372 f373 f374 f546 f547
- p288(v25): 0.069 -0.044 -0.079
  neighbors: f374 f547 f549
- p550(v78): 0.076 -0.011 -0.076
  neighbors: f377 f378 f379 f380
- p703(v79): 0.058 -0.051  0.13
  neighbors: f383 f387 f471 f472 f524 f526 f528 f566 f567
- p216(v64): -0.023 -0.029 -0.078
  neighbors: f383 f396 f472 f483 f542 f543
- p910(v81): 0.076 0.019  0.13
  neighbors: f392 f481 f482 f606 f607
- p883(v82): -0.029 -0.023 -0.077
  neighbors: f395 f396 f483 f555 f557
- p927(v84): -0.033 0.0042 -0.087
  neighbors: f409 f410 f411 f412
- p435(v85):  0.04 0.028  0.16
  neighbors: f415 f416 f432 f498 f499 f592 f594
- p138(v88): 0.056 0.037  0.15
  neighbors: f432 f561 f571 f573 f594 f595
- p176(v87): 0.046 0.028  0.16
  neighbors: f432 f499 f571 f572 f575 f576
- p309(v90):  0.07 0.053 0.019
  neighbors: f441 f446 f449
- p905(v91): 0.075 0.053 0.0041
  neighbors: f443 f444 f445 f446 f447 f448 f449
- p77(v92): 0.075 0.037 -0.061
  neighbors: f452 f453 f454 f520 f522
- p807(v95): 0.071 -0.052   0.1
  neighbors: f467 f470 f517 f518 f539 f568 f569 f587 f588
- p278(v89): 0.073 -0.053 0.018
  neighbors: f467 f516 f518
- p539(v96): -0.012 -0.034 -0.074
  neighbors: f471 f472 f473 f542 f544
- p593(v97): 0.077 -0.048 0.086
  neighbors: f477 f478 f614 f620
- p611(v62): 0.075 -0.048  0.13
  neighbors: f477 f478 f480 f482 f527 f538 f539 f569 f570 f601 f602 f604 f607
- p287(v80): 0.077 -0.0082  0.12
  neighbors: f478 f479 f480 f614 f619
- p95(v98): 0.077  0.02  0.12
  neighbors: f479 f480 f481 f482
- p117(v99): -0.025 -0.026 -0.087
  neighbors: f483 f543 f552 f555 f559
- p566(v101): 0.041 0.0098  0.15
  neighbors: f497 f498 f499 f575 f577
- p461(v103): 0.055 0.049  0.14
  neighbors: f509 f512 f513 f514 f560 f591 f593
- p509(v104): 0.072 -0.053 -0.00054
  neighbors: f515 f516 f517 f518
- p963(v105): 0.077 0.023 -0.062
  neighbors: f520 f521 f522 f612 f613 f614 f615 f616 f617 f618 f619 f620
- p507(v106): 0.047 -0.033  0.15
  neighbors: f524 f525 f526 f597 f598
- p359(v93): 0.066 -0.046  0.14
  neighbors: f524 f527 f528 f596 f598 f601 f603
- p587(v107): 0.063 -0.05  0.14
  neighbors: f527 f528 f566 f570
- p737(v109): 0.073 -0.052 0.093
  neighbors: f538 f539 f588 f590
- p993(v110): -0.013 -0.032 -0.087
  neighbors: f542 f543 f544 f545 f546 f547 f548 f549 f550 f551 f552 f553 f554
- p183(v111): -0.034 -0.012 -0.086
  neighbors: f555 f556 f557 f558 f559
- p294(v112):  0.06 0.046  0.15
  neighbors: f560 f561 f564 f565 f591 f595
- p492(v102): 0.069 0.037  0.14
  neighbors: f561 f565 f573 f585 f605 f608
- p390(v113): 0.064 -0.051  0.13
  neighbors: f566 f567 f568 f569 f570
- p527(v114): 0.066 0.018  0.15
  neighbors: f571 f572 f573 f585 f586
- p915(v108): 0.066 -0.0029  0.15
  neighbors: f572 f576 f581 f586
- p615(v115): 0.047 0.0098  0.15
  neighbors: f575 f576 f577 f581 f599 f609 f610
- p715(v116): 0.069 -0.02  0.15
  neighbors: f581 f585 f586 f596 f602 f603 f604 f605 f609 f611
- p89(v117): 0.076 -0.053 0.051
  neighbors: f587 f588 f589 f590
- p210(v118):  0.05 0.042  0.15
  neighbors: f591 f592 f593 f594 f595
- p744(v119): 0.048 -0.016  0.15
  neighbors: f596 f597 f598 f599 f610 f611
- p301(v120): 0.067 -0.043  0.14
  neighbors: f601 f602 f603
- p118(v121): 0.074 -0.033  0.14
  neighbors: f604 f605 f606 f607 f608
- p331(v122): 0.053 -0.011  0.15
  neighbors: f609 f610 f611
- f63
    - flags: top simplicial
    - normal:   -0.9864 -0.05949   0.1532
    - offset: -0.02339779
    - vertices: p317(v18) p628(v17) p141(v0)
    - neighboring facets: f556 f129 f132
- f129
    - flags: top simplicial
    - normal:   -0.9753   0.1776   0.1314
    - offset: -0.0237982
    - vertices: p866(v31) p317(v18) p141(v0)
    - neighboring facets: f63 f216 f138
- f131
    - flags: bottom simplicial
    - normal:   -0.9581   -0.232   0.1678
    - offset: -0.02293309
    - vertices: p627(v32) p628(v17) p732(v9)
    - neighboring facets: f395 f227 f132
- f132
    - flags: bottom simplicial
    - normal:   -0.9717  -0.1678   0.1661
    - offset: -0.0229315
    - vertices: p627(v32) p317(v18) p628(v17)
    - neighboring facets: f63 f131 f223
- f138
    - flags: bottom simplicial
    - normal:   -0.7217   0.6762   0.1479
    - offset: -0.02220918
    - vertices: p991(v33) p866(v31) p317(v18)
    - neighboring facets: f129 f239 f514
- f143
    - flags: bottom simplicial tested seen
    - normal:    0.9924  0.07028   0.1009
    - offset: -0.09096073
    - center: 0.07632496666666666 0.0433393 0.120587 
    - vertices: p352(v34) p174(v19) p630(v10)
    - neighboring facets: f327 f392 f612
    - ridges:
- f154
    - flags: top simplicial tested seen
    - normal:    0.9916  -0.1291 -0.001008
    - offset: -0.08286804
    - center: 0.0768774 -0.0516155 0.02864223333333333 
    - vertices: p962(v37) p90(v12) p1(v1)
    - neighboring facets: f589 f617 f169
    - ridges:
- f158
    - flags: bottom simplicial
    - normal:  1.243e-05 -0.00698       -1
    - offset: -0.08800073
    - vertices: p672(v38) p436(v20) p673(v3)
    - neighboring facets: f220 f159 f319
- f159
    - flags: top simplicial
    - normal:  0.008067 -0.006767  -0.9999
    - offset: -0.08849706
    - center: 0.06331589999999999 -0.009958163333333332 -0.0879238 
    - vertices: p672(v38) p634(v23) p673(v3)
    - neighboring facets: f269 f158 f548
- f162
    - flags: top simplicial
    - normal:  6.019e-06       -1  0.00698
    - offset: -0.05300049
    - vertices: p232(v39) p185(v21) p90(v12)
    - neighboring facets: f515 f163 f296
- f163
    - flags: bottom simplicial
    - normal:     0.638  -0.7659 -0.07939
    - offset: -0.09105787
    - center: 0.0751643 -0.05193783333333333 -0.04183800000000001 
    - vertices: p232(v39) p170(v24) p90(v12)
    - neighboring facets: f167 f162 f253
- f167
    - flags: top simplicial tested
    - normal:    0.9672  -0.2505 -0.04277
    - offset: -0.08821908
    - center: 0.07642906666666667 -0.04879736666666667 -0.04850930000000001 
    - vertices: p37(v40) p170(v24) p90(v12)
    - neighboring facets: f163 f169 f171
- f169
    - flags: bottom simplicial tested seen
    - normal:     0.998 -0.06271 -0.004638
    - offset: -0.07989852
    - center: 0.07687740000000001 -0.0492276 -0.01854800000000001 
    - vertices: p37(v40) p962(v37) p90(v12)
    - neighboring facets: f154 f167 f613
    - ridges:
- f170
    - flags: top simplicial
    - normal:    0.9214  -0.2664  -0.2829
    - offset:  -0.100845
    - center: 0.07453353333333333 -0.04182083333333333 -0.07432636666666666 
    - vertices: p632(v41) p37(v40) p426(v13)
    - neighboring facets: f378 f373 f171
- f171
    - flags: bottom simplicial
    - normal:    0.9113  -0.3082  -0.2731
    - offset: -0.1012696
    - vertices: p632(v41) p37(v40) p170(v24)
    - neighboring facets: f167 f251 f170
- f187
    - flags: top simplicial
    - normal:   0.02821   0.1584   -0.987
    - offset: -0.08959105
    - vertices: p86(v44) p749(v7) p673(v3)
    - neighboring facets: f411 f188 f189
- f188
    - flags: bottom simplicial
    - normal:   0.09398   0.2056  -0.9741
    - offset: -0.0928065
    - center: 0.06300136666666666 0.01731697 -0.08553989999999999 
    - vertices: p86(v44) p921(v27) p673(v3)
    - neighboring facets: f270 f187 f189
- f189
    - flags: top simplicial
    - normal:   0.06005   0.2205  -0.9735
    - offset: -0.09094222
    - vertices: p86(v44) p921(v27) p749(v7)
    - neighboring facets: f191 f187 f188
- f190
    - flags: top simplicial
    - normal:   0.02298   0.7581  -0.6517
    - offset: -0.08523018
    - vertices: p119(v45) p712(v15) p749(v7)
    - neighboring facets: f265 f191 f192
- f191
    - flags: bottom simplicial
    - normal:   0.06837   0.3729  -0.9253
    - offset: -0.09295757
    - vertices: p119(v45) p921(v27) p749(v7)
    - neighboring facets: f189 f190 f192
- f192
    - flags: top simplicial
    - normal:    0.5412   0.5258  -0.6562
    - offset: -0.1090948
    - center: 0.06705633333333333 0.04247883333333333 -0.07690709999999999 
    - vertices: p119(v45) p921(v27) p712(v15)
    - neighboring facets: f366 f190 f191
- f216
    - flags: top simplicial
    - normal:   -0.9477   0.2061  -0.2436
    - offset: -0.05433116
    - vertices: p130(v49) p866(v31) p141(v0)
    - neighboring facets: f129 f558 f318
- f220
    - flags: top simplicial
    - normal:   -0.0111 0.008312  -0.9999
    - offset: -0.08739937
    - vertices: p130(v49) p436(v20) p673(v3)
    - neighboring facets: f158 f412 f553
- f223
    - flags: top simplicial
    - normal:   -0.9152  -0.1751    0.363
    - offset: -0.02805079
    - vertices: p93(v50) p627(v32) p317(v18)
    - neighboring facets: f132 f224 f227
- f224
    - flags: top simplicial
    - normal:   -0.8913  -0.1319   0.4338
    - offset: -0.03007697
    - vertices: p93(v50) p317(v18) p619(v5)
    - neighboring facets: f415 f225 f223
- f225
    - flags: bottom simplicial
    - normal:    -0.887  -0.1598   0.4333
    - offset: -0.03014675
    - center: 0.02267943333333333 -0.006002076333333333 0.1137969333333333 
    - vertices: p93(v50) p867(v29) p619(v5)
    - neighboring facets: f497 f224 f226
- f226
    - flags: top simplicial
    - normal:   -0.8657  -0.2806   0.4145
    - offset: -0.02980366
    - vertices: p93(v50) p867(v29) p732(v9)
    - neighboring facets: f525 f227 f225
- f227
    - flags: bottom simplicial
    - normal:   -0.9137  -0.2148    0.345
    - offset: -0.02758414
    - vertices: p93(v50) p627(v32) p732(v9)
    - neighboring facets: f131 f226 f223
- f239
    - flags: bottom simplicial
    - normal:   -0.7217    0.659   0.2119
    - offset: -0.02414158
    - vertices: p40(v53) p991(v33) p317(v18)
    - neighboring facets: f138 f416 f509
- f251
    - flags: bottom simplicial
    - normal:    0.7636  -0.5705  -0.3024
    - offset: -0.1048801
    - vertices: p631(v55) p632(v41) p170(v24)
    - neighboring facets: f171 f253 f341
- f252
    - flags: bottom simplicial
    - normal:   0.09921  -0.9907  -0.0929
    - offset: -0.06419738
    - vertices: p631(v55) p232(v39) p876(v6)
    - neighboring facets: f295 f340 f253
- f253
    - flags: top simplicial
    - normal:    0.5694  -0.8161 -0.09936
    - offset: -0.08958996
    - vertices: p631(v55) p232(v39) p170(v24)
    - neighboring facets: f163 f251 f252
- f255
    - flags: top simplicial tested
    - normal:    0.5496    0.819  -0.1648
    - offset: -0.08905922
    - center: 0.07084190000000001 0.05154330000000001 -0.04798913333333333 
    - vertices: p892(v56) p909(v43) p712(v15)
    - neighboring facets: f264 f453 f363
- f259
    - flags: bottom simplicial
    - normal:  -0.08103   0.9967 -0.003297
    - offset: -0.04734083
    - center: 0.06748703333333333 0.0531085 0.03766732 
    - vertices: p177(v57) p874(v26) p234(v2)
    - neighboring facets: f334 f441 f358
- f264
    - flags: bottom simplicial
    - normal:    0.3417   0.9277  -0.1506
    - offset: -0.07936142
    - vertices: p521(v58) p909(v43) p712(v15)
    - neighboring facets: f255 f265 f362
- f265
    - flags: bottom simplicial
    - normal:  -0.09221   0.9727  -0.2127
    - offset: -0.05673206
    - vertices: p521(v58) p712(v15) p749(v7)
    - neighboring facets: f190 f360 f264
- f269
    - flags: bottom simplicial
    - normal:    0.2299  0.02547  -0.9729
    - offset: -0.1000199
    - vertices: p844(v59) p634(v23) p673(v3)
    - neighboring facets: f159 f270 f372
- f270
    - flags: top simplicial
    - normal:    0.2345   0.1671  -0.9576
    - offset: -0.09981046
    - center: 0.06728676666666666 0.01553513333333333 -0.0850378 
    - vertices: p844(v59) p921(v27) p673(v3)
    - neighboring facets: f188 f269 f364
- f273
    - flags: bottom simplicial
    - normal:    0.8305 -0.001209   -0.557
    - offset: -0.1068464
    - center: 0.07317253333333333 -0.003509736666666668 -0.08271343333333334 
    - vertices: p844(v59) p120(v46) p426(v13)
    - neighboring facets: f379 f371 f365
- f292
    - flags: bottom simplicial
    - normal:   -0.1512  -0.9824  -0.1099
    - offset: -0.04815104
    - vertices: p386(v63) p76(v30) p876(v6)
    - neighboring facets: f342 f295 f473
- f293
    - flags: top simplicial
    - normal:  -0.03907  -0.9992 0.004543
    - offset: -0.0503562
    - vertices: p386(v63) p952(v54) p185(v21)
    - neighboring facets: f470 f296 f387
- f295
    - flags: top simplicial
    - normal:    0.0959  -0.9911 -0.09209
    - offset: -0.06394031
    - vertices: p386(v63) p232(v39) p876(v6)
    - neighboring facets: f252 f292 f296
- f296
    - flags: bottom simplicial
    - normal:  0.004701  -0.9999  -0.0154
    - offset: -0.05433068
    - vertices: p386(v63) p232(v39) p185(v21)
    - neighboring facets: f162 f293 f295
- f316
    - flags: bottom simplicial
    - normal:   -0.4411   0.5559  -0.7046
    - offset: -0.08152397
    - vertices: p373(v66) p866(v31) p749(v7)
    - neighboring facets: f513 f409 f318
- f318
    - flags: bottom simplicial
    - normal:    -0.637   0.3235  -0.6997
    - offset: -0.08376211
    - vertices: p373(v66) p130(v49) p866(v31)
    - neighboring facets: f216 f316 f410
- f319
    - flags: top simplicial
    - normal:  1.017e-05 -0.006981       -1
    - offset: -0.0880006
    - vertices: p224(v67) p672(v38) p436(v20)
    - neighboring facets: f158 f554 f551
- f327
    - flags: top simplicial
    - normal:    0.6215    0.753   0.2162
    - offset:  -0.109038
    - vertices: p661(v69) p174(v19) p630(v10)
    - neighboring facets: f143 f564 f330
- f330
    - flags: bottom simplicial
    - normal:    0.3125   0.9495   0.0282
    - offset: -0.07446132
    - center: 0.0703003 0.05209430000000001 0.1074111666666667 
    - vertices: p661(v69) p174(v19) p234(v2)
    - neighboring facets: f444 f334 f327
- f331
    - flags: bottom simplicial
    - normal:   -0.1908   0.9816 -0.002721
    - offset: -0.03934651
    - vertices: p661(v69) p874(v26) p749(v7)
    - neighboring facets: f359 f512 f334
- f334
    - flags: top simplicial
    - normal:  -0.09916   0.9951 -0.002157
    - offset: -0.04609632
    - vertices: p661(v69) p874(v26) p234(v2)
    - neighboring facets: f259 f330 f331
- f340
    - flags: bottom simplicial
    - normal:    0.1314  -0.9011  -0.4132
    - offset: -0.08379129
    - vertices: p50(v71) p631(v55) p876(v6)
    - neighboring facets: f252 f342 f341
- f341
    - flags: top simplicial
    - normal:    0.6686  -0.6544  -0.3532
    - offset:  -0.105793
    - vertices: p50(v71) p631(v55) p632(v41)
    - neighboring facets: f251 f550 f340
- f342
    - flags: top simplicial
    - normal:  -0.004554  -0.8673  -0.4977
    - offset: -0.07875714
    - vertices: p50(v71) p76(v30) p876(v6)
    - neighboring facets: f292 f340 f545
- f348
    - flags: top simplicial tested seen
    - normal:    0.8783    0.473 -0.06948
    - offset: -0.09188476
    - center: 0.07587093333333333 0.0503143 -0.02082913666666667 
    - vertices: p97(v72) p892(v56) p475(v35)
    - neighboring facets: f452 f615 f445
    - ridges:
- f358
    - flags: top simplicial
    - normal:  -0.09823   0.9952 -0.004892
    - offset: -0.04608373
    - center: 0.06690886666666666 0.05291566666666667 0.0005941866666666663 
    - vertices: p990(v75) p177(v57) p874(v26)
    - neighboring facets: f259 f359 f448
- f359
    - flags: top simplicial
    - normal:   -0.1837    0.983 -0.007004
    - offset: -0.03976256
    - vertices: p990(v75) p874(v26) p749(v7)
    - neighboring facets: f331 f360 f358
- f360
    - flags: bottom simplicial
    - normal:   -0.1833    0.983 -0.00758
    - offset: -0.03981438
    - vertices: p990(v75) p521(v58) p749(v7)
    - neighboring facets: f265 f359 f362
- f362
    - flags: top simplicial
    - normal:  -0.02318   0.9996 -0.01788
    - offset: -0.05175923
    - vertices: p990(v75) p521(v58) p909(v43)
    - neighboring facets: f264 f363 f360
- f363
    - flags: bottom simplicial
    - normal:  6.646e-08        1 -0.006984
    - offset: -0.05300013
    - center: 0.07074176666666666 0.05276003333333333 -0.03456113333333333 
    - vertices: p990(v75) p892(v56) p909(v43)
    - neighboring facets: f255 f362 f447
- f364
    - flags: bottom simplicial tested
    - normal:    0.3456   0.1695   -0.923
    - offset: -0.1047394
    - center: 0.07136679999999999 0.02342446333333333 -0.08246016666666667 
    - vertices: p662(v76) p844(v59) p921(v27)
    - neighboring facets: f270 f366 f365
- f365
    - flags: top simplicial tested
    - normal:    0.7037  0.07573  -0.7064
    - offset: -0.1110871
    - center: 0.07311053333333332 0.01828419666666667 -0.08246146666666666 
    - vertices: p662(v76) p844(v59) p120(v46)
    - neighboring facets: f273 f370 f364
- f366
    - flags: bottom simplicial tested
    - normal:    0.6361   0.4921  -0.5943
    - offset:   -0.10943
    - center: 0.07016306666666668 0.03797913333333334 -0.07758490000000001 
    - vertices: p662(v76) p921(v27) p712(v15)
    - neighboring facets: f192 f454 f364
- f370
    - flags: bottom simplicial tested
    - normal:    0.9826  0.03354  -0.1826
    - offset: -0.08841867
    - center: 0.07508716666666666 0.02238436666666667 -0.07603613333333333 
    - vertices: p662(v76) p24(v60) p120(v46)
    - neighboring facets: f380 f365 f521
- f371
    - flags: bottom simplicial
    - normal:    0.7976 -0.009111  -0.6031
    - offset: -0.1084244
    - vertices: p713(v77) p844(v59) p426(v13)
    - neighboring facets: f273 f373 f372
- f372
    - flags: top simplicial
    - normal:    0.3626 -0.003132  -0.9319
    - offset: -0.1057757
    - vertices: p713(v77) p844(v59) p634(v23)
    - neighboring facets: f269 f546 f371
- f373
    - flags: top simplicial
    - normal:    0.6141  -0.3555  -0.7046
    - offset: -0.1154019
    - vertices: p713(v77) p632(v41) p426(v13)
    - neighboring facets: f170 f371 f374
- f374
    - flags: bottom simplicial
    - normal:    0.0716  -0.5183  -0.8522
    - offset: -0.09505289
    - vertices: p713(v77) p632(v41) p288(v25)
    - neighboring facets: f549 f547 f373
- f377
    - flags: bottom simplicial tested seen
    - normal:    0.9909 -0.004893  -0.1344
    - offset: -0.08516137
    - center: 0.07651586666666667 -0.01231386666666667 -0.06906653333333335 
    - vertices: p550(v78) p24(v60) p37(v40)
    - neighboring facets: f616 f378 f380
    - ridges:
- f378
    - flags: bottom simplicial tested
    - normal:    0.9848 -0.01886  -0.1724
    - offset: -0.08775329
    - center: 0.07559250000000001 -0.03014163333333333 -0.07389163333333333 
    - vertices: p550(v78) p37(v40) p426(v13)
    - neighboring facets: f170 f379 f377
- f379
    - flags: top simplicial tested
    - normal:     0.965 -0.0004419  -0.2623
    - offset: -0.09291208
    - center: 0.07466503333333332 -0.008941300000000001 -0.07951143333333334 
    - vertices: p550(v78) p120(v46) p426(v13)
    - neighboring facets: f273 f378 f380
- f380
    - flags: top simplicial tested
    - normal:    0.9826  0.01278  -0.1854
    - offset: -0.08823095
    - center: 0.0755884 0.008886466666666667 -0.07468633333333334 
    - vertices: p550(v78) p24(v60) p120(v46)
    - neighboring facets: f370 f379 f377
- f383
    - flags: top simplicial
    - normal:   -0.6249  -0.7637   0.1623
    - offset: -0.02396284
    - vertices: p703(v79) p216(v64) p732(v9)
    - neighboring facets: f396 f526 f472
- f387
    - flags: bottom simplicial
    - normal:   -0.1794  -0.9838 0.006116
    - offset: -0.04020967
    - vertices: p703(v79) p386(v63) p952(v54)
    - neighboring facets: f293 f567 f471
- f392
    - flags: bottom simplicial
    - normal:    0.9905  0.01919   0.1363
    - offset: -0.09322719
    - center: 0.07590573333333334 0.03292186666666667 0.12777 
    - vertices: p910(v81) p352(v34) p630(v10)
    - neighboring facets: f143 f606 f481
- f395
    - flags: top simplicial
    - normal:   -0.8931  -0.4234   0.1518
    - offset: -0.02371889
    - vertices: p883(v82) p628(v17) p732(v9)
    - neighboring facets: f131 f396 f557
- f396
    - flags: bottom simplicial
    - normal:   -0.7224  -0.6737   0.1554
    - offset: -0.02418392
    - vertices: p883(v82) p216(v64) p732(v9)
    - neighboring facets: f383 f395 f483
- f409
    - flags: bottom simplicial
    - normal:  -0.03572   0.1071  -0.9936
    - offset: -0.08809252
    - vertices: p927(v84) p373(v66) p749(v7)
    - neighboring facets: f316 f411 f410
- f410
    - flags: top simplicial
    - normal:   -0.1782   0.1574  -0.9713
    - offset: -0.09112966
    - vertices: p927(v84) p373(v66) p130(v49)
    - neighboring facets: f318 f412 f409
- f411
    - flags: bottom simplicial
    - normal:   -0.0125  0.08541  -0.9963
    - offset: -0.08745571
    - vertices: p927(v84) p749(v7) p673(v3)
    - neighboring facets: f187 f412 f409
- f412
    - flags: top simplicial
    - normal:  -0.01114 0.009845  -0.9999
    - offset: -0.08740467
    - vertices: p927(v84) p130(v49) p673(v3)
    - neighboring facets: f220 f411 f410
- f415
    - flags: bottom simplicial
    - normal:   -0.8968 -0.04877   0.4398
    - offset: -0.03082707
    - vertices: p435(v85) p317(v18) p619(v5)
    - neighboring facets: f224 f498 f416
- f416
    - flags: bottom simplicial
    - normal:   -0.8008   0.5246   0.2889
    - offset: -0.02735771
    - vertices: p435(v85) p40(v53) p317(v18)
    - neighboring facets: f239 f415 f592
- f432
    - flags: top simplicial
    - normal:   0.01284   0.3807   0.9246
    - offset: -0.1548999
    - vertices: p138(v88) p176(v87) p435(v85)
    - neighboring facets: f499 f594 f571
- f441
    - flags: bottom simplicial
    - normal:  -0.01605   0.9999 -0.004164
    - offset: -0.05191654
    - center: 0.0690926 0.0531766 0.03456072 
    - vertices: p309(v90) p177(v57) p234(v2)
    - neighboring facets: f259 f446 f449
- f443
    - flags: top simplicial tested seen
    - normal:    0.6757   0.7372 0.007394
    - offset: -0.08956858
    - center: 0.0762203 0.0512695 0.03709510666666666 
    - vertices: p905(v91) p97(v72) p174(v19)
    - neighboring facets: f618 f444 f445
    - ridges:
- f444
    - flags: top simplicial tested
    - normal:    0.3345   0.9422   0.0212
    - offset: -0.07502234
    - center: 0.07351796666666666 0.0520743 0.06459357666666667 
    - vertices: p905(v91) p174(v19) p234(v2)
    - neighboring facets: f330 f446 f443
- f445
    - flags: bottom simplicial tested
    - normal:    0.6284   0.7775 -0.02336
    - offset: -0.08805497
    - center: 0.07509123333333334 0.0522509 -0.01025889333333333 
    - vertices: p905(v91) p97(v72) p892(v56)
    - neighboring facets: f348 f447 f443
- f446
    - flags: bottom simplicial tested
    - normal:   0.01283   0.9999 -0.003411
    - offset: -0.05396884
    - center: 0.07134740000000001 0.05317606666666667 0.03448214333333333 
    - vertices: p905(v91) p309(v90) p234(v2)
    - neighboring facets: f441 f444 f449
- f447
    - flags: top simplicial tested
    - normal:  6.958e-07        1 -0.006982
    - offset: -0.0530001
    - center: 0.07181073333333333 0.05286286666666666 -0.01983355666666667 
    - vertices: p905(v91) p990(v75) p892(v56)
    - neighboring facets: f363 f445 f448
- f448
    - flags: bottom simplicial tested
    - normal:  -6.724e-06        1 -0.00698
    - offset: -0.05299956
    - center: 0.06990529999999999 0.05294886666666666 -0.007513903333333333 
    - vertices: p905(v91) p990(v75) p177(v57)
    - neighboring facets: f358 f449 f447
- f449
    - flags: top simplicial tested
    - normal:  -6.703e-06        1 -0.00698
    - offset: -0.05299956
    - center: 0.07101523333333333 0.05306533333333333 0.009170296666666666 
    - vertices: p905(v91) p309(v90) p177(v57)
    - neighboring facets: f441 f448 f446
- f452
    - flags: bottom simplicial tested
    - normal:    0.9011   0.4013  -0.1643
    - offset: -0.0928715
    - center: 0.07536526666666667 0.04562473333333333 -0.04048296666666667 
    - vertices: p77(v92) p892(v56) p475(v35)
    - neighboring facets: f348 f520 f453
- f453
    - flags: top simplicial tested
    - normal:    0.8843   0.4302  -0.1815
    - offset: -0.09372222
    - center: 0.0721849 0.04626303333333334 -0.05502343333333334 
    - vertices: p77(v92) p892(v56) p712(v15)
    - neighboring facets: f255 f454 f452
- f454
    - flags: bottom simplicial tested
    - normal:    0.8888   0.4026  -0.2188
    - offset: -0.09532978
    - center: 0.07232859999999999 0.03856186666666666 -0.07091613333333333 
    - vertices: p77(v92) p662(v76) p712(v15)
    - neighboring facets: f366 f453 f522
- f467
    - flags: bottom simplicial
    - normal:  9.584e-06       -1 0.006982
    - offset: -0.05300073
    - vertices: p807(v95) p278(v89) p90(v12)
    - neighboring facets: f516 f587 f518
- f470
    - flags: bottom simplicial
    - normal:  -0.001472       -1 0.006997
    - offset: -0.05289702
    - vertices: p807(v95) p952(v54) p185(v21)
    - neighboring facets: f293 f517 f568
- f471
    - flags: top simplicial
    - normal:   -0.2388  -0.9711 0.003556
    - offset: -0.03575691
    - vertices: p539(v96) p703(v79) p386(v63)
    - neighboring facets: f387 f473 f472
- f472
    - flags: bottom simplicial
    - normal:   -0.4383  -0.8955   0.0768
    - offset: -0.03008886
    - vertices: p539(v96) p703(v79) p216(v64)
    - neighboring facets: f383 f542 f471
- f473
    - flags: top simplicial
    - normal:     -0.21  -0.9721  -0.1048
    - offset: -0.0434593
    - vertices: p539(v96) p386(v63) p76(v30)
    - neighboring facets: f292 f544 f471
- f477
    - flags: bottom simplicial tested seen
    - normal:    0.9918  -0.1221  0.03734
    - offset: -0.0854876
    - center: 0.07643913333333333 -0.04907853333333333 0.09858116666666668 
    - vertices: p593(v97) p611(v62) p1(v1)
    - neighboring facets: f538 f620 f478
    - ridges:
- f478
    - flags: bottom simplicial tested seen
    - normal:     0.999 -0.02671  0.03604
    - offset: -0.08130473
    - center: 0.07643913333333334 -0.03480231333333333 0.111335 
    - vertices: p593(v97) p287(v80) p611(v62)
    - neighboring facets: f480 f477 f614
    - ridges:
- f479
    - flags: bottom simplicial tested seen
    - normal:         1 -0.0002947 0.003232
    - offset: -0.07737528
    - center: 0.07699666666666667 0.01558052 0.1186876666666667 
    - vertices: p95(v98) p287(v80) p352(v34)
    - neighboring facets: f619 f481 f480
    - ridges:
- f480
    - flags: top simplicial tested
    - normal:    0.9977 -0.01316  0.06672
    - offset: -0.08463505
    - center: 0.0764358 -0.01212824666666667 0.123153 
    - vertices: p95(v98) p287(v80) p611(v62)
    - neighboring facets: f478 f482 f479
- f481
    - flags: top simplicial tested
    - normal:    0.9919  0.01252   0.1267
    - offset: -0.09194949
    - center: 0.07657743333333333 0.02451433333333333 0.1238516666666667 
    - vertices: p95(v98) p910(v81) p352(v34)
    - neighboring facets: f392 f479 f482
- f482
    - flags: bottom simplicial tested
    - normal:    0.9921 -0.002803   0.1252
    - offset: -0.09149159
    - center: 0.07601656666666667 -0.003194433333333334 0.128317 
    - vertices: p95(v98) p910(v81) p611(v62)
    - neighboring facets: f607 f480 f481
- f483
    - flags: top simplicial
    - normal:   -0.7434  -0.6595  -0.1117
    - offset: -0.04511761
    - vertices: p117(v99) p883(v82) p216(v64)
    - neighboring facets: f396 f543 f555
- f497
    - flags: top simplicial
    - normal:  -0.07796  -0.1511   0.9854
    - offset: -0.1476858
    - vertices: p566(v101) p867(v29) p619(v5)
    - neighboring facets: f225 f498 f577
- f498
    - flags: bottom simplicial
    - normal:   -0.6705 -0.06941   0.7387
    - offset: -0.08581803
    - vertices: p566(v101) p435(v85) p619(v5)
    - neighboring facets: f415 f497 f499
- f499
    - flags: bottom simplicial
    - normal:  -0.006711 -0.04207   0.9991
    - offset: -0.1538084
    - vertices: p566(v101) p176(v87) p435(v85)
    - neighboring facets: f432 f498 f575
- f509
    - flags: top simplicial
    - normal:   -0.6687   0.7214   0.1799
    - offset: -0.0239195
    - vertices: p461(v103) p40(v53) p991(v33)
    - neighboring facets: f239 f514 f593
- f512
    - flags: bottom simplicial
    - normal:   -0.3664    0.929  0.05292
    - offset: -0.03251508
    - vertices: p461(v103) p661(v69) p749(v7)
    - neighboring facets: f331 f513 f560
- f513
    - flags: top simplicial
    - normal:   -0.5794   0.8078   0.1089
    - offset: -0.02291548
    - vertices: p461(v103) p866(v31) p749(v7)
    - neighboring facets: f316 f512 f514
- f514
    - flags: top simplicial
    - normal:   -0.5908   0.7986   0.1146
    - offset: -0.02266454
    - vertices: p461(v103) p991(v33) p866(v31)
    - neighboring facets: f138 f513 f509
- f515
    - flags: bottom simplicial
    - normal:  3.318e-06       -1 0.006981
    - offset: -0.05300027
    - vertices: p509(v104) p185(v21) p90(v12)
    - neighboring facets: f162 f516 f517
- f516
    - flags: top simplicial
    - normal:  6.357e-06       -1 0.006982
    - offset: -0.05300049
    - vertices: p509(v104) p278(v89) p90(v12)
    - neighboring facets: f467 f515 f518
- f517
    - flags: bottom simplicial
    - normal:  -8.832e-06       -1 0.006982
    - offset: -0.05299939
    - vertices: p509(v104) p807(v95) p185(v21)
    - neighboring facets: f470 f515 f518
- f518
    - flags: top simplicial
    - normal:  2.374e-06       -1 0.006982
    - offset: -0.0530002
    - vertices: p509(v104) p807(v95) p278(v89)
    - neighboring facets: f467 f516 f517
- f520
    - flags: bottom simplicial tested seen
    - normal:    0.9907    0.111 -0.07896
    - offset: -0.08370611
    - center: 0.07649433333333333 0.03561286666666667 -0.050289 
    - vertices: p963(v105) p77(v92) p475(v35)
    - neighboring facets: f452 f615 f522
    - ridges:
- f521
    - flags: top simplicial tested seen
    - normal:     0.987   0.1084  -0.1186
    - offset: -0.08582507
    - center: 0.07601463333333333 0.02339313333333333 -0.0696513 
    - vertices: p963(v105) p662(v76) p24(v60)
    - neighboring facets: f370 f616 f522
    - ridges:
- f522
    - flags: top simplicial tested
    - normal:    0.9867   0.1129  -0.1169
    - offset: -0.08579594
    - center: 0.07550896666666666 0.02976283333333333 -0.06785253333333334 
    - vertices: p963(v105) p77(v92) p662(v76)
    - neighboring facets: f454 f521 f520
- f524
    - flags: top simplicial
    - normal:   -0.2815  -0.6438   0.7116
    - offset: -0.1113748
    - vertices: p507(v106) p359(v93) p703(v79)
    - neighboring facets: f528 f526 f598
- f525
    - flags: bottom simplicial
    - normal:   -0.8481  -0.3411   0.4054
    - offset: -0.02997189
    - vertices: p507(v106) p867(v29) p732(v9)
    - neighboring facets: f226 f526 f597
- f526
    - flags: top simplicial
    - normal:   -0.7194  -0.6363   0.2786
    - offset: -0.02754371
    - vertices: p507(v106) p703(v79) p732(v9)
    - neighboring facets: f383 f525 f524
- f527
    - flags: top simplicial
    - normal:    0.2361   -0.864   0.4448
    - offset: -0.1180947
    - vertices: p587(v107) p359(v93) p611(v62)
    - neighboring facets: f601 f570 f528
- f528
    - flags: bottom simplicial
    - normal:  -0.05697  -0.8136   0.5787
    - offset: -0.1153041
    - vertices: p587(v107) p359(v93) p703(v79)
    - neighboring facets: f524 f566 f527
- f538
    - flags: top simplicial
    - normal:    0.4788  -0.8754  0.06711
    - offset: -0.08673757
    - vertices: p737(v109) p611(v62) p1(v1)
    - neighboring facets: f477 f590 f539
- f539
    - flags: top simplicial
    - normal:      0.43  -0.8999  0.07261
    - offset: -0.08496626
    - vertices: p737(v109) p807(v95) p611(v62)
    - neighboring facets: f569 f538 f588
- f542
    - flags: bottom simplicial
    - normal:   -0.3818  -0.9179  -0.1077
    - offset: -0.04382347
    - vertices: p993(v110) p539(v96) p216(v64)
    - neighboring facets: f472 f543 f544
- f543
    - flags: top simplicial
    - normal:   -0.4584  -0.8613  -0.2192
    - offset: -0.05268368
    - vertices: p993(v110) p117(v99) p216(v64)
    - neighboring facets: f483 f542 f552
- f544
    - flags: top simplicial
    - normal:    -0.208  -0.9693  -0.1312
    - offset: -0.0452893
    - vertices: p993(v110) p539(v96) p76(v30)
    - neighboring facets: f473 f545 f542
- f545
    - flags: bottom simplicial
    - normal:  -0.07474  -0.8219  -0.5647
    - offset: -0.07654846
    - vertices: p993(v110) p50(v71) p76(v30)
    - neighboring facets: f342 f544 f550
- f546
    - flags: top simplicial
    - normal:   0.01234  -0.1705  -0.9853
    - offset: -0.0910492
    - vertices: p993(v110) p713(v77) p634(v23)
    - neighboring facets: f372 f548 f547
- f547
    - flags: bottom simplicial
    - normal:   0.01002  -0.5124  -0.8587
    - offset: -0.09107401
    - vertices: p993(v110) p713(v77) p288(v25)
    - neighboring facets: f374 f549 f546
- f548
    - flags: bottom simplicial
    - normal:  -0.008566 -0.01436  -0.9999
    - offset: -0.08756018
    - vertices: p993(v110) p672(v38) p634(v23)
    - neighboring facets: f159 f546 f551
- f549
    - flags: top simplicial
    - normal:   -0.0283  -0.6813  -0.7315
    - offset: -0.08593342
    - vertices: p993(v110) p632(v41) p288(v25)
    - neighboring facets: f374 f547 f550
- f550
    - flags: top simplicial
    - normal:  -0.04767  -0.7514  -0.6581
    - offset: -0.08205764
    - vertices: p993(v110) p50(v71) p632(v41)
    - neighboring facets: f341 f549 f545
- f551
    - flags: bottom simplicial
    - normal:  -0.009403 -0.01088  -0.9999
    - offset: -0.08746197
    - vertices: p993(v110) p224(v67) p672(v38)
    - neighboring facets: f319 f548 f554
- f552
    - flags: bottom simplicial
    - normal:  -0.02402 -0.01447  -0.9996
    - offset: -0.08774005
    - vertices: p993(v110) p117(v99) p130(v49)
    - neighboring facets: f559 f553 f543
- f553
    - flags: bottom simplicial
    - normal:  -0.01122 -0.006759  -0.9999
    - offset: -0.08735416
    - vertices: p993(v110) p130(v49) p436(v20)
    - neighboring facets: f220 f554 f552
- f554
    - flags: top simplicial
    - normal:  -0.01041 -0.008395  -0.9999
    - offset: -0.08739605
    - vertices: p993(v110) p224(v67) p436(v20)
    - neighboring facets: f319 f553 f551
- f555
    - flags: bottom simplicial
    - normal:   -0.8146  -0.5508  -0.1818
    - offset: -0.05013195
    - vertices: p183(v111) p117(v99) p883(v82)
    - neighboring facets: f483 f557 f559
- f556
    - flags: bottom simplicial
    - normal:   -0.9588  -0.2841 -0.004876
    - offset: -0.03670395
    - vertices: p183(v111) p628(v17) p141(v0)
    - neighboring facets: f63 f558 f557
- f557
    - flags: bottom simplicial
    - normal:   -0.9054  -0.4235   0.0305
    - offset: -0.03345527
    - vertices: p183(v111) p883(v82) p628(v17)
    - neighboring facets: f395 f556 f555
- f558
    - flags: top simplicial
    - normal:    -0.692 -0.03179  -0.7212
    - offset: -0.08633099
    - vertices: p183(v111) p130(v49) p141(v0)
    - neighboring facets: f216 f556 f559
- f559
    - flags: top simplicial
    - normal:   -0.1336 -0.05043  -0.9898
    - offset: -0.0905146
    - vertices: p183(v111) p117(v99) p130(v49)
    - neighboring facets: f552 f558 f555
- f560
    - flags: top simplicial
    - normal:   0.07458   0.8623   0.5009
    - offset: -0.1170207
    - vertices: p294(v112) p461(v103) p661(v69)
    - neighboring facets: f512 f564 f591
- f561
    - flags: top simplicial
    - normal:    0.4582   0.3483   0.8178
    - offset: -0.1625663
    - vertices: p294(v112) p492(v102) p138(v88)
    - neighboring facets: f573 f595 f565
- f564
    - flags: top simplicial
    - normal:    0.5221   0.6471   0.5555
    - offset:  -0.141929
    - vertices: p294(v112) p661(v69) p630(v10)
    - neighboring facets: f327 f565 f560
- f565
    - flags: bottom simplicial
    - normal:    0.5829   0.5004   0.6402
    - offset: -0.1511625
    - vertices: p294(v112) p492(v102) p630(v10)
    - neighboring facets: f608 f564 f561
- f566
    - flags: bottom simplicial
    - normal:    0.1017  -0.9792   0.1755
    - offset: -0.07903286
    - vertices: p390(v113) p587(v107) p703(v79)
    - neighboring facets: f528 f567 f570
- f567
    - flags: bottom simplicial
    - normal:   -0.1237  -0.9923 0.009672
    - offset: -0.04436398
    - vertices: p390(v113) p703(v79) p952(v54)
    - neighboring facets: f387 f568 f566
- f568
    - flags: top simplicial
    - normal:  -0.08002  -0.9967  0.01052
    - offset: -0.04750776
    - vertices: p390(v113) p807(v95) p952(v54)
    - neighboring facets: f470 f567 f569
- f569
    - flags: bottom simplicial
    - normal:    0.2603  -0.9598   0.1047
    - offset: -0.07931021
    - vertices: p390(v113) p807(v95) p611(v62)
    - neighboring facets: f539 f570 f568
- f570
    - flags: top simplicial
    - normal:    0.2067  -0.9599   0.1895
    - offset: -0.08654149
    - vertices: p390(v113) p587(v107) p611(v62)
    - neighboring facets: f527 f569 f566
- f571
    - flags: bottom simplicial
    - normal:     0.332  0.03906   0.9425
    - offset:  -0.162751
    - vertices: p527(v114) p138(v88) p176(v87)
    - neighboring facets: f432 f572 f573
- f572
    - flags: top simplicial
    - normal:    0.3226  0.01692   0.9464
    - offset: -0.1623133
    - vertices: p527(v114) p915(v108) p176(v87)
    - neighboring facets: f576 f571 f586
- f573
    - flags: bottom simplicial
    - normal:    0.4726   0.1195   0.8731
    - offset: -0.1631802
    - vertices: p527(v114) p492(v102) p138(v88)
    - neighboring facets: f561 f571 f585
- f575
    - flags: top simplicial
    - normal:  9.606e-05 -0.04371    0.999
    - offset: -0.1540665
    - vertices: p615(v115) p566(v101) p176(v87)
    - neighboring facets: f499 f576 f577
- f576
    - flags: bottom simplicial
    - normal:    0.2577  -0.0296   0.9658
    - offset: -0.1610643
    - vertices: p615(v115) p915(v108) p176(v87)
    - neighboring facets: f572 f575 f581
- f577
    - flags: bottom simplicial
    - normal:  -0.0001325  -0.1486   0.9889
    - offset:  -0.151463
    - vertices: p615(v115) p566(v101) p867(v29)
    - neighboring facets: f497 f599 f575
- f581
    - flags: top simplicial
    - normal:    0.1948  -0.1285   0.9724
    - offset: -0.1581915
    - vertices: p715(v116) p615(v115) p915(v108)
    - neighboring facets: f576 f586 f609
- f585
    - flags: top simplicial
    - normal:    0.7724  0.01009   0.6351
    - offset: -0.1456343
    - vertices: p715(v116) p527(v114) p492(v102)
    - neighboring facets: f573 f605 f586
- f586
    - flags: bottom simplicial
    - normal:    0.7459 0.006491    0.666
    - offset: -0.1484195
    - vertices: p715(v116) p527(v114) p915(v108)
    - neighboring facets: f572 f581 f585
- f587
    - flags: bottom simplicial
    - normal:  1.107e-05       -1 0.006982
    - offset: -0.05300085
    - vertices: p89(v117) p807(v95) p90(v12)
    - neighboring facets: f467 f589 f588
- f588
    - flags: bottom simplicial
    - normal:    0.2864  -0.9574  0.03736
    - offset: -0.07419345
    - vertices: p89(v117) p737(v109) p807(v95)
    - neighboring facets: f539 f587 f590
- f589
    - flags: bottom simplicial
    - normal:    0.9165  -0.4001 0.005161
    - offset: -0.09139219
    - vertices: p89(v117) p90(v12) p1(v1)
    - neighboring facets: f154 f590 f587
- f590
    - flags: top simplicial
    - normal:    0.4065  -0.9125  0.04651
    - offset: -0.0814745
    - vertices: p89(v117) p737(v109) p1(v1)
    - neighboring facets: f538 f589 f588
- f591
    - flags: bottom simplicial
    - normal:   -0.1378   0.7078   0.6928
    - offset: -0.1251383
    - vertices: p210(v118) p294(v112) p461(v103)
    - neighboring facets: f560 f593 f595
- f592
    - flags: top simplicial
    - normal:   -0.4831   0.6546   0.5815
    - offset: -0.08928386
    - vertices: p210(v118) p435(v85) p40(v53)
    - neighboring facets: f416 f593 f594
- f593
    - flags: bottom simplicial
    - normal:   -0.5838   0.7342   0.3467
    - offset: -0.05286351
    - vertices: p210(v118) p461(v103) p40(v53)
    - neighboring facets: f509 f592 f591
- f594
    - flags: top simplicial
    - normal:  -0.09597     0.53   0.8426
    - offset: -0.1419586
    - vertices: p210(v118) p138(v88) p435(v85)
    - neighboring facets: f432 f592 f595
- f595
    - flags: top simplicial
    - normal:   -0.0546   0.5738   0.8172
    - offset: -0.1420846
    - vertices: p210(v118) p294(v112) p138(v88)
    - neighboring facets: f561 f594 f591
- f596
    - flags: top simplicial
    - normal:    0.1433  -0.2177   0.9654
    - offset: -0.1554319
    - vertices: p744(v119) p715(v116) p359(v93)
    - neighboring facets: f603 f598 f611
- f597
    - flags: top simplicial
    - normal:   0.01116  -0.2873   0.9578
    - offset: -0.1490689
    - vertices: p744(v119) p507(v106) p867(v29)
    - neighboring facets: f525 f599 f598
- f598
    - flags: bottom simplicial
    - normal:    0.0224  -0.2874   0.9576
    - offset: -0.1495726
    - vertices: p744(v119) p507(v106) p359(v93)
    - neighboring facets: f524 f596 f597
- f599
    - flags: bottom simplicial
    - normal:   0.07179  -0.1616   0.9842
    - offset: -0.1539694
    - vertices: p744(v119) p615(v115) p867(v29)
    - neighboring facets: f577 f597 f610
- f601
    - flags: bottom simplicial
    - normal:     0.605    -0.23   0.7623
    - offset: -0.1578169
    - vertices: p301(v120) p359(v93) p611(v62)
    - neighboring facets: f527 f602 f603
- f602
    - flags: top simplicial
    - normal:    0.6102  -0.2196   0.7612
    - offset: -0.1575702
    - vertices: p301(v120) p715(v116) p611(v62)
    - neighboring facets: f604 f601 f603
- f603
    - flags: bottom simplicial
    - normal:    0.5865  -0.2226   0.7788
    - offset: -0.1585756
    - vertices: p301(v120) p715(v116) p359(v93)
    - neighboring facets: f596 f601 f602
- f604
    - flags: bottom simplicial
    - normal:    0.7812  -0.1066   0.6151
    - offset: -0.1456476
    - vertices: p118(v121) p715(v116) p611(v62)
    - neighboring facets: f602 f607 f605
- f605
    - flags: top simplicial
    - normal:    0.8662 0.003764   0.4997
    - offset: -0.1323808
    - vertices: p118(v121) p715(v116) p492(v102)
    - neighboring facets: f585 f608 f604
- f606
    - flags: bottom simplicial
    - normal:    0.9444 0.003968   0.3287
    - offset: -0.1146542
    - vertices: p118(v121) p910(v81) p630(v10)
    - neighboring facets: f392 f608 f607
- f607
    - flags: top simplicial
    - normal:    0.9467 0.003081   0.3221
    - offset: -0.1139498
    - vertices: p118(v121) p910(v81) p611(v62)
    - neighboring facets: f482 f604 f606
- f608
    - flags: top simplicial
    - normal:    0.8963  0.01125   0.4433
    - offset: -0.1266021
    - vertices: p118(v121) p492(v102) p630(v10)
    - neighboring facets: f565 f606 f605
- f609
    - flags: bottom simplicial
    - normal:    0.1841  -0.1367   0.9734
    - offset: -0.1577626
    - vertices: p331(v122) p715(v116) p615(v115)
    - neighboring facets: f581 f610 f611
- f610
    - flags: top simplicial
    - normal:    0.1168   -0.159   0.9803
    - offset: -0.1554879
    - vertices: p331(v122) p744(v119) p615(v115)
    - neighboring facets: f599 f609 f611
- f611
    - flags: bottom simplicial
    - normal:     0.149  -0.1942   0.9696
    - offset: -0.1559582
    - vertices: p331(v122) p744(v119) p715(v116)
    - neighboring facets: f596 f609 f610
- f612
    - flags: top simplicial tricoplanar keepcentrum
    - owner of normal & centrum is facet f612
    - normal:         1        0        0
    - offset:     -0.077
    - center:  0.077 0.005262106666666666 0.03200541 
    - vertices: p963(v105) p352(v34) p174(v19)
    - neighboring facets: f143 f618 f619
- f613
    - flags: top simplicial tricoplanar
    - owner of normal & centrum is facet f612
    - normal:         1        0        0
    - offset:     -0.077
    - center:  0.077 0.005262106666666666 0.03200541 
    - vertices: p963(v105) p37(v40) p962(v37)
    - neighboring facets: f169 f617 f616
- f614
    - flags: top simplicial tricoplanar
    - owner of normal & centrum is facet f612
    - normal:         1        0        0
    - offset:     -0.077
    - center:  0.077 0.005262106666666666 0.03200541 
    - vertices: p963(v105) p593(v97) p287(v80)
    - neighboring facets: f478 f619 f620
- f615
    - flags: top simplicial tricoplanar
    - owner of normal & centrum is facet f612
    - normal:         1        0        0
    - offset:     -0.077
    - center:  0.077 0.005262106666666666 0.03200541 
    - vertices: p963(v105) p97(v72) p475(v35)
    - neighboring facets: f348 f520 f618
- f616
    - flags: top simplicial tricoplanar
    - owner of normal & centrum is facet f612
    - normal:         1        0        0
    - offset:     -0.077
    - center:  0.077 0.005262106666666666 0.03200541 
    - vertices: p963(v105) p24(v60) p37(v40)
    - neighboring facets: f377 f613 f521
- f617
    - flags: top simplicial tricoplanar
    - owner of normal & centrum is facet f612
    - normal:         1        0        0
    - offset:     -0.077
    - center:  0.077 0.005262106666666666 0.03200541 
    - vertices: p963(v105) p962(v37) p1(v1)
    - neighboring facets: f154 f620 f613
- f618
    - flags: bottom simplicial tricoplanar
    - owner of normal & centrum is facet f612
    - normal:         1        0        0
    - offset:     -0.077
    - center:  0.077 0.005262106666666666 0.03200541 
    - vertices: p963(v105) p97(v72) p174(v19)
    - neighboring facets: f443 f612 f615
- f619
    - flags: top simplicial tricoplanar
    - owner of normal & centrum is facet f612
    - normal:         1        0        0
    - offset:     -0.077
    - center:  0.077 0.005262106666666666 0.03200541 
    - vertices: p963(v105) p287(v80) p352(v34)
    - neighboring facets: f479 f612 f614
- f620
    - flags: bottom simplicial tricoplanar
    - owner of normal & centrum is facet f612
    - normal:         1        0        0
    - offset:     -0.077
    - center:  0.077 0.005262106666666666 0.03200541 
    - vertices: p963(v105) p593(v97) p1(v1)
    - neighboring facets: f477 f617 f614
