3
1000 130 195
0.0489373 -0.0402939 0.020325 
0.00946781 0.0144186 -0.0209008 
0.000349547 -0.0573397 0.0316927 
-0.0360947 0.008569749999999999 -0.119358 
0.008643949999999999 -0.0123019 -0.08535 
0.0408618 -0.0091369 0.00110016 
0.0352227 0.00123803 -0.056 
-0.0383432 -0.0408788 -0.0181726 
-0.0227507 0.0476686 0.0251045 
-0.0211597 -0.0611204 -0.0236591 
-0.0413146 -0.00149484 -0.152005 
0.0149562 0.00696904 -0.08835 
0.0189567 -0.0319017 -0.0378355 
0.045266 0.00730406 -0.118167 
-0.0249286 -0.00720447 -0.135957 
-0.0129778 0.0223331 -0.134481 
-0.0104081 -0.034812 -0.070868 
0.0203992 0.0045139 0.022019 
0.0162792 -0.0198353 -0.155213 
0.0307745 0.0377116 0.0277837 
-0.00336085 0.0152323 -0.16345 
0.0156872 -0.0181518 -0.155691 
0.0254465 0.0535 -0.0196486 
0.00325492 0.0249526 -0.108444 
0.002913 0.0317148 -0.008384890000000001 
-0.0163353 0.03565 0.0159204 
0.0293718 -0.0317154 -0.00725979 
0.0251241 0.009109570000000001 0.0437704 
-0.0187798 -0.00357587 -0.110938 
-0.0285567 0.0438234 -0.0210292 
-0.00551457 0.02365 -0.0235661 
-0.0120635 -0.0141925 -0.0150322 
-0.0148212 0.0344494 -0.00155732 
-0.0151066 0.0598086 0.0285407 
-0.0183215 0.0587912 -0.0249597 
-0.0278934 0.0129208 0.0056689 
-0.0015858 0.0361719 -0.06803910000000001 
0.026404 0.0411261 -0.0117414 
0.0389741 0.024612 -0.0713773 
-0.0234136 0.000847737 -0.15435 
0.0314038 0.0540566 0.0152727 
-0.0187914 0.0380437 -0.151025 
0.00965472 0.0412668 -0.136622 
0.0406832 -0.00877619 -0.154157 
0.00655717 -0.0235831 -0.105883 
0.0171101 -0.0502214 0.0140804 
-0.0265695 -0.0107621 -0.00426961 
-0.0116261 0.0251191 -0.102276 
0.0223876 -0.0189341 -0.101516 
-0.00544279 -0.00775 -0.0205795 
-0.0193823 0.02365 0.00221279 
0.0147417 -0.0575 0.0158865 
0.00341014 -0.05295 0.0178209 
-0.00125529 -0.0378288 -0.0602655 
-0.00075941 0.0286653 -0.00998741 
-0.0227634 0.00100589 -0.118145 
0.000391953 -0.0109465 -0.107676 
-0.0289088 0.00569486 -0.09669999999999999 
-0.0435331 -0.0463367 -0.022443 
-0.0338727 0.0104299 -0.0424843 
0.00992237 -0.04315 0.0277916 
0.0180984 0.0057045 0.00400719 
-0.0293779 0.00701999 -0.140411 
-0.0153466 -0.0424776 0.0266992 
0.0163946 -0.0147403 0.0152915 
0.00141512 -0.0458215 -0.154016 
0.00454496 -0.0384354 -0.156958 
0.0256406 0.02065 -0.0173209 
-0.015008 0.0535 -0.0335533 
0.0148248 -0.0224828 -0.0998714 
0.0134131 0.0120258 -0.0824968 
-0.00646026 0.0117622  0.053 
0.000193865 -0.00629995 -0.0250182 
0.0246554  0.047 0.0111157 
0.0221106 0.0327647 0.0100684 
0.00257985 -0.0134337 -0.08434999999999999 
0.00706872 -0.0559321 0.0179123 
-0.00532311 -0.0420434 -0.145766 
-0.0358974 -0.0286905 -0.130401 
-0.0291713 0.0190194 -0.08835 
0.009455659999999999 0.0268964 -0.00890868 
-0.0121231 -0.05093 -0.0227252 
0.00380959 0.00124768 -0.114449 
0.0217153 0.0440599 -0.0345986 
0.0134906 -0.00604832 0.0159408 
0.0114692 0.024908 -0.111225 
-0.0179529 -0.0456681 -0.0459377 
0.032033 0.0374364 0.0263667 
0.0456509 -0.0370519 0.0124181 
0.0109671 0.0429075 -0.0292641 
0.0284939 0.042825 -0.0190329 
0.0211016 -0.00725302 -0.0748617 
-0.0266531 -0.0555 -0.000261615 
0.0258945 -0.0214252 -0.0669727 
-0.0206984 0.0146999 -0.0917221 
0.0247909 -0.008200000000000001 0.005333 
-0.0336173 0.0186625 -0.105767 
0.0183177 0.0215431 0.000541347 
0.0334301 -0.0260291 -0.125534 
0.0351286 0.000839804 -0.0977648 
-0.0122071 -0.0229288 -0.143756 
0.0116574 0.0203293 -0.08434999999999999 
0.00502492 -0.0495862 -0.0234604 
0.0243099 -0.01475 0.015198 
0.017602 0.00202112 0.009967139999999999 
-0.0115441 0.0149068 -0.101136 
0.018304 -0.0443715 -0.155658 
0.00677559 0.0294309 -0.140188 
0.0275459 -0.0015643 -0.124108 
0.0122597  0.053 0.0310687 
0.0418961 -0.0332609 0.00618192 
-0.0195675 -0.0582755 -0.0326866 
0.0197773 0.0319166 0.0059875 
-0.0109199 0.0384573 -0.156958 
0.0312063 0.0218496 -0.07014430000000001 
0.0180977 -0.0232642 -0.106157 
-0.0513946 -0.0340597 0.00481114 
-0.0106802 -0.00306377 -0.17185 
-0.00502381 0.0386508 0.0359063 
-0.024769 -0.0111141 0.015002 
-0.00275318 0.0263536 0.0028781 
0.030847 0.00737927 -0.0984675 
-0.0262963 -0.0531801 -0.0345476 
0.0110341 -0.0193103 -0.049 
0.0307045 -0.0273847 -0.117844 
0.0284432 0.0488648 0.0144391 
0.0273141 -0.0122194 -0.157883 
0.0172298 0.00197314 -0.00509943 
0.0287204 0.0203625 -0.156958 
0.0201408 -0.0327689 -0.086683 
-0.00504804 -0.0431035 -0.0699476 
0.0163506  0.047 -0.0196587 
0.0116047 0.040717 -0.13042 
-0.019856 -0.0510738 -0.0197787 
-0.0186771 0.0187591 0.025648 
0.0122817 0.0162466 -0.0793422 
-0.0251802 -0.0396013 0.00642621 
0.00433545 -0.01475 0.0232792 
-0.00442126 -0.019445 -0.118936 
0.0294216 -0.0211897 0.00685116 
0.00920791 0.0471692 -0.0368616 
-0.00869297 0.016163 -0.165377 
0.0378664 -0.00234171 -0.0672659 
0.023997 0.00727125 0.00808386 
-0.0402653 0.0391444 -0.0231478 
-0.009066050000000001 0.00318534  0.051 
-0.0421741 -0.0403989 -0.00486527 
0.0389753 -0.0270789 -0.031986 
-0.00822149 -0.0416708 -0.133989 
-0.008919059999999999 -0.031261 -0.0775102 
-0.0231218 0.00505474 -0.156161 
0.025815 -0.0336433 -0.12709 
-0.00993495 -0.0525 0.0161329 
0.00118106 -0.0141925 -0.0131313 
-0.00983352 -0.0144059 0.0453756 
0.03779 -0.0231801 -0.0193549 
-0.0127227 -0.0639866 -0.0338474 
0.013183 -0.0223174 -0.130701 
0.0510678 -0.041 0.00231063 
0.0212051 -0.0145074 -0.0886123 
0.0196732 -0.00529128 0.0300842 
-0.00342472 -0.0171369 -0.0226358 
-0.0178344 -0.0253571 -0.0383944 
0.037262 -0.0639866 0.00712953 
-0.00728622 0.00105904 -0.0191649 
-0.0287729 0.0228211 0.0254235 
0.0118786 0.0410333 0.0342434 
0.00255939 0.0143 0.0296941 
0.0295761 0.0635 -0.0262528 
0.0364475 -0.016 0.0197614 
-0.0112429 0.0295871 -0.153299 
-0.0408291 -0.0229437 -0.155658 
0.0141288 -0.0288197 -0.07335 
-0.0240734 0.0042839 -0.07322090000000001 
-0.000556897 0.0266859 0.0166082 
-0.0230981 0.0227035 -0.157888 
-0.0033495 -0.0276419 -0.122607 
-0.0163497 -0.0281783 -0.0538909 
0.0303921 0.000687402 0.0166148 
0.002419 -0.0169772 0.0422758 
-0.00731206 0.0455 0.0366367 
-0.0186068 0.041985 -0.12881 
0.00400134 -0.0348786 -0.071675 
-0.0175213 0.0102094 -0.0770893 
-0.00492982 0.0313387 -0.102145 
0.0160677 0.0143 -0.0176705 
0.00388456 -0.00312147 0.0571371 
-0.0081657 -0.0272427 -0.124107 
-0.00401033 0.0326682 0.00896828 
0.0155194 -0.0218557 -0.122675 
0.0393491 -0.0156865 -0.145286 
-0.0222547 0.00898142 -0.158933 
-0.0126908 0.0501589 -0.0271781 
-0.0231289 0.0528435 0.0190756 
0.00513952 -0.00563184 -0.08074050000000001 
-0.0180985 0.0250292 -0.164388 
-0.0175098 0.0535 -0.0272581 
0.0301132 -0.0076 0.0153735 
-0.0440989 -0.020622 0.00876386 
-0.000920254 -0.0555 -0.0270357 
0.0471122 0.013467 -0.155162 
-0.0246525 0.0175088 -0.135337 
-0.00197192 -0.0307349 0.0301217 
0.0365318 0.0281111 0.0119979 
0.0115155 -0.0407992 -0.0209776 
0.0409675 0.0407986 0.029526 
-0.00357787 0.0223973 -0.134208 
-0.00828187 0.023602 -0.061 
0.0425756 -0.041 0.0288929 
0.0238047 -0.0215526 0.0100311 
-0.015975 0.03565 0.0209752 
0.0274559 -0.01106 0.0310483 
-0.0249876 -0.0215489 -0.0534955 
-0.00288152 -0.0399202 -0.074419 
-0.00764267 -0.056 -0.00515353 
0.0138176 0.0272486 -0.0301823 
0.0114833 -0.00697972 -0.16595 
0.0164898 0.0461185 0.0287287 
-0.0229923 -0.0355151 -0.06900000000000001 
0.0174929 0.02365 0.0158506 
-0.0456898 0.00422872 -0.161251 
0.0336285 -0.042 -0.0374939 
-0.0223508 0.0523686 -0.0389111 
-0.00516288 -0.0485 -0.0465385 
-0.0176448 0.0331813 -0.11605 
-0.00596942 0.0570138 0.0414105 
0.0162095 0.0207701 -0.0772828 
0.020899 0.032328 -0.0848149 
-0.0178531 -0.0387272 -0.0384012 
-0.00622915 -0.00304784 0.0184567 
-0.0227986 -0.000870844 -0.10405 
-0.00746911 0.0246908 -0.126776 
-0.0343694 0.036825 -0.00075187 
0.0366382 -0.00539946 -0.157028 
-0.0173006 -0.0548632 0.0412359 
0.0314732 -0.0318954 -0.0321366 
-0.0478193 0.0454577 0.014824 
-0.00637114 -0.00156708 -0.0169535 
0.0252959 -0.0321821 -0.124157 
0.0117785 -0.0366302 -0.0830321 
0.00237382 -0.0169995 -0.154177 
0.0185698 0.0515185 0.0235388 
0.0096951 -0.0181929 -0.118407 
0.00651058 -0.0487406 0.0397795 
-0.00249207 0.0133722 -0.118408 
-0.0221333 0.00156743 -0.119625 
-0.0289303 -0.0272211 -0.156958 
0.0296919 -0.0059745 -0.054 
-0.0088188 -0.0615 -0.0251321 
0.00338093 -0.0457999 -0.142094 
0.0248308 0.0314933 0.0294045 
-0.0282038 -0.0199991 -0.0120174 
-0.0246068 0.00296619 0.0420192 
0.0175078  0.055 0.0406081 
0.0213782 0.0324326 -0.157888 
-0.0195548 0.0069148 -0.0883 
-0.008105920000000001 -0.0405563 -0.12324 
0.008357359999999999 0.0523084 0.0326349 
0.0283139 -0.033674 -0.15504 
0.00306421 -0.0244651 -0.0548525 
0.0037535 -0.00846995 0.0400221 
0.000319609 -0.0587707 -0.038053 
-0.0027522 -0.00112475 -0.164195 
-0.0312038 0.0311221 0.00858837 
0.0371316 0.003517 -0.164388 
0.0311827 0.0170864 -0.0421502 
-0.0279617 -0.0173182 -0.0727749 
-0.00921809 -0.0161838 -0.0413862 
-0.00166321 0.0418338 0.0438837 
0.0429776 -0.041 0.0230422 
0.0504268 -0.0315552 -0.000748707 
-0.0137237 0.02698 -0.0359433 
-0.0256311 0.0311328 -0.0197616 
-0.00406248 -0.0562534 -0.0170177 
-0.0216123 0.0161263 -0.157669 
-0.0079445 0.0247293 -0.143278 
-0.0222344 -0.016947 -0.0864225 
0.0238481 0.0171497 0.0265161 
0.0104351 0.0174427 -0.0231561 
-0.0249403 -0.016057 0.0179248 
-0.0197882 0.00210384 0.0106096 
0.0117237 -0.050955 0.0200401 
0.012812 -0.0555 0.0250511 
0.009782590000000001 -0.0266587 -0.0412149 
0.00736091 -0.0195887 -0.0996457 
-0.0115074 -0.0279235 -0.138635 
-0.0253515 0.0123 -0.017846 
-0.00389446 0.02065 -0.0262511 
0.0244495 0.018229 -0.10509 
0.029425 0.0455047 -0.00739345 
-0.0347238 -0.0128337 -0.157028 
-0.048007 -0.046 -0.0208475 
-0.0431746 -0.0422508 -0.0198029 
0.00555561 -0.0183324 -0.0663 
0.0203127 -0.023696 -0.11305 
-0.00803332 -0.00305 -0.0309117 
0.0143982 -0.0036 -0.0334433 
-0.0384632 0.013606 -0.0736967 
-0.00521834 0.0273469 -0.0319408 
0.0423277 0.00171503 -0.141151 
-0.0170048 -0.0113751 -0.058 
-0.0158842 0.0217078 -0.15161 
0.0288823 -0.00935734 0.0293223 
-0.0205368 -0.0575 0.0132206 
0.0135512 0.0585 0.0198391 
0.0246782 -0.0115011 -0.124107 
0.0417122 -0.0299069 0.0074172 
-0.00898478 0.009899689999999999 0.0255999 
-0.0395356 -0.04887 -0.00283115 
0.0249333 0.02365 0.009717959999999999 
-0.0161363 0.00701548 -0.159973 
-0.0345272 -0.00520429 -0.056 
0.0306415 0.0224516 -0.0582525 
-0.0024554 -0.051852 0.00167437 
0.0260581 -0.0024554 0.0146142 
-0.000526987 -0.0402794 0.0474777 
0.0148939 0.00875605 0.0130134 
-0.0315091 0.0066746 -0.0835825 
0.00309146 0.0137477 -0.0996634 
0.0340428 -0.0100656 -0.0408875 
-0.0031305 0.0422224 -0.129625 
-0.010074 0.019004 -0.0699224 
-0.0354397 0.0093668 -0.07235 
0.00451533 -0.0527479 0.00628725 
0.0128901 0.0239667 -0.07335 
-0.0229223 0.016334 -0.0491385 
-0.030993 0.00595 -0.00212091 
-0.013271 0.0582246 -0.021277 
0.00576937 -0.000559934 0.0579445 
0.0314816 0.00378993 -0.0929338 
0.0306025 0.00584669 -0.123155 
-0.0284633 -0.0313744 -0.133941 
0.0338862 -0.053 -0.00218811 
0.0272067 -0.00305 -0.0169384 
0.00544429   0.04 0.0430314 
-0.0275031 -0.0615 -0.00528673 
0.0303131 -0.0639866 -0.0195103 
-0.0358102 -0.0165576 -0.07149999999999999 
-0.0188748 -0.0176345 -0.133148 
-0.0236799 0.0675 -0.0331292 
0.00896486 0.0210965 -0.09089 
0.000983477 -0.00275024 -0.0109646 
-0.0412501 -0.00400981 -0.0706155 
-0.0076194 -0.0624009 -0.0174569 
0.0354107 -0.0083499 0.0189415 
0.030696 -0.041 -0.0367432 
0.00415047 -0.053 -0.00741016 
-0.036961 -0.019946 0.0206938 
-0.0218745 -0.0216448 -0.133074 
0.0444927 -0.0251871 0.00659465 
-0.0306082 -0.00332158 -0.140889 
0.00772006 -0.05295 -0.0154818 
0.00692619 0.0386031 0.0328995 
-0.00450302 0.03255 -0.0178936 
0.0307453 0.0223313 -0.066965 
-0.0154427 -0.0125998 0.0384729 
0.0317087 0.0108045 -0.0546051 
-0.0419399 0.0449473 0.0280914 
0.008961210000000001 -0.00621834 0.0416295 
-0.009715440000000001 -0.0370954 -0.112013 
-0.0043991 -0.00396062 -0.117073 
0.0286594 0.02465 0.0125384 
0.0132432 -0.0401718 -0.13428 
0.0107907 0.02465 0.0161076 
-0.0291804 -0.00780175 -0.141485 
-0.00230707 -0.0224062 -0.0300842 
-0.00627154 -0.0355185 0.0295555 
-0.0423187 -0.0234518 -0.00019602 
0.00589185 -0.0230215 -0.0300964 
-0.00224838 -0.0565498 -0.0190436 
-0.0304394 -0.0185401 -0.066675 
0.0312429 -0.0208186 -0.103914 
0.0358626 -0.04887 -0.0121309 
-0.0197768 -0.00212478 -0.112997 
-0.0327861 -0.032054 -0.132234 
-0.0001067 0.0205649 -0.0781326 
0.00542474 0.0272267 -0.0900372 
0.0105218 0.0236515 -0.07435 
0.0362095 0.0441681 -0.0230658 
-4.64569e-05 -0.0259405 -0.135774 
-0.00727892 -0.0226651 0.0499548 
-0.0353167 -0.0235964 -0.0360434 
-0.00109362 -0.00157306 -0.0349929 
0.00538643 -0.026374 -0.155456 
0.00945054 0.0259953 -0.0322181 
0.00874276 -0.0597466 -0.00202866 
0.0201046 -0.0525687 0.015393 
-0.0148847 -0.00137057 -0.155067 
-0.00693678 0.034296 0.0132512 
-0.0341423 -0.00740216 -0.08801 
-0.00500798 0.0152577 0.0528576 
-0.00421241 0.0340659 -0.0521636 
-0.0100176 0.0123 -0.0254695 
-0.00455491 0.00194175 0.009226939999999999 
-0.0360104 -0.0285683 -0.12519 
0.0125322  0.043 0.0382802 
-0.018945 -0.00358807 -0.10544 
-0.00426436 -0.00536334 -0.106143 
-0.0143852 0.0325856 -0.0508217 
0.0179538 0.0333175 -0.0629704 
-0.00201018 -0.0107001 0.0413137 
-0.0180448 -0.0312786 -0.0242843 
-0.0356793 -0.0639866 -0.0267101 
0.0319924 -0.00882844 -0.07435 
0.008992959999999999 -0.0225933 -0.072229 
-0.0375319 -0.0611418 0.0273835 
0.0126368 0.0143825 -0.112672 
0.0462683 -0.0485 -0.00355366 
-0.025119 0.00294738 -0.160351 
0.0148621 0.0535 -0.0274587 
0.0118026 -0.00579168 -0.11605 
-0.000740105 0.0642969 0.0339607 
0.0243506 -0.00190825 0.00499641 
-0.0303119 0.007842999999999999 -0.122935 
-0.0312094 0.00562612 -0.11205 
-0.00611307 -0.0109983 -0.118408 
-0.0127635 0.009727380000000001 -0.10624 
0.0131488 0.0248709 0.0222452 
0.0204926 0.00848584 0.0241766 
-0.0224059 0.0356169 -0.124157 
-0.0175001 0.0675 0.0351205 
-0.0235391 0.03565 0.00219915 
0.0262223 -0.0405541 0.0160168 
0.00667844 -0.0152804 -0.15335 
-0.0317747 0.0187844 -0.156958 
0.0141411 0.0166972 -0.032272 
-0.014096 -0.0312141 -0.0753805 
-0.0178935 0.058574 0.0242262 
0.0236503 0.0249779 -0.000295957 
0.00860552 0.0278718 -0.0308507 
0.015758 -0.0285973 -0.07235 
-0.0368062 0.0513985 -0.008609159999999999 
0.0171623 0.051234 0.0245598 
-0.00396764 -0.00607741 -0.021748 
0.00738144 -0.0244918 -0.0834254 
0.0378623 -0.0513749 0.0254727 
-0.0209063 -0.0537983 -0.040544 
-0.00625535 -0.0589 0.0139477 
0.0415126 -0.0639866 0.00596836 
0.0115268 0.0228854 -0.0366445 
0.00713291 -0.064 0.00419545 
0.035193 -0.00463914 -0.0385477 
-0.00726575 0.0161172 -0.170567 
-0.0181506 0.00595 0.0140311 
0.0334595 0.0178822 -0.0676587 
-0.00274914 0.0109497 0.0292507 
-0.0191212 0.0302466 0.0139403 
0.0397023 -0.0230834 -0.135839 
0.00206506 0.0301886 -0.110106 
-0.0326947 0.0106796 0.0131746 
0.034375 0.0299642 -0.00289609 
0.0369679 0.0471801 0.00784822 
-0.017441 -0.0253853 -0.147588 
-0.0163289 -0.0382533 -0.0174516 
0.00222969 0.0251713 -0.117217 
0.0120688 0.0222266 -0.0906228 
0.0310894 -0.00812445 0.00400241 
-0.0175904 -0.0209319 0.0384335 
-0.0108643 -0.0369951 -0.07589419999999999 
-0.00538637 -0.0420596 -0.141134 
0.0306211 0.0404451 0.00833561 
-0.0246585 -0.0129147 -0.0524675 
0.0219044 -0.0300262 -0.157028 
-0.0301163 -0.0131735 -0.08098370000000001 
-0.0219602 -0.0486003 -0.008414039999999999 
-0.00537581 -0.0127467 0.00733801 
0.0176254 0.00346245 -0.161669 
-0.0303021 -0.04887 -0.0277795 
0.0293059 0.00839989 0.00569771 
0.0194917 0.0590688 -0.0246001 
-0.000300138 -0.0505 -0.00479086 
-0.013562 -0.00219688 0.00544517 
-0.0250342 -0.0494287 0.0100568 
-0.0267882 0.009484360000000001 0.0227635 
0.00387538 -0.0493925 -0.0104687 
-0.0120026 0.02065 -0.0106293 
0.009593529999999999 -0.0292842 -0.07335 
0.0180756 -0.0266277 -0.0603215 
-0.012946 -0.059 0.0177633 
-0.0208764 -0.0117327 -0.09634470000000001 
0.0216266 0.00200201 0.0455137 
-0.0109376 0.0376946 -0.0751777 
0.034056 -0.00332773 -0.157957 
0.00759693  0.046 -0.0325003 
0.0257489 -0.0448591 -0.0327335 
0.0103237 -0.039268 0.041061 
0.0104483 -0.0270699 -0.15523 
0.0371589 -0.0100538 -0.08581850000000001 
-0.0140645 0.0316912 -0.157888 
-0.020744 0.0409249 -0.123186 
0.0468773 -0.046 0.00299057 
-0.00103355 -0.00327113 -0.036575 
0.00597836 0.03665 0.0322973 
-0.00429724 -0.0230499 -0.0299469 
0.00620269 -0.0145256 0.046042 
0.0182888 -0.0338786 -0.0903119 
0.000306337 0.0262357 0.0323629 
-0.0143946 -0.046 0.0430457 
-0.0112198 0.0121173 -0.08835 
-0.00728545 -0.0455439 0.030783 
0.00531635 -0.0575 0.0198795 
0.0326152 -0.0488 0.0124607 
0.0163528 -0.0470711 0.0383501 
0.00160702 -0.038459 -0.0874746 
-0.0456748 -0.0133277 -0.153885 
0.0210816 -0.0223938 -0.126507 
0.0189494 -0.0167279 -0.113986 
0.0288584 -0.0290826 -0.0362409 
-0.0299213 -0.0105801 -0.154907 
-0.0237589 0.0200045 0.00869518 
0.0360042 -0.0117785 -0.0575785 
-0.0295907 -0.0101483 -0.0885817 
0.0150388 0.0384954 -0.157888 
0.0291628  0.043 0.0231986 
-0.0201285 -0.0181616 0.0224917 
-0.0384643 0.0553773 0.0180761 
-0.0108997 0.00279978 -0.11026 
0.00582745 -0.065 -0.00806989 
-0.0423559 0.000351988 -0.146867 
-0.0171136 -0.0505 0.00167706 
0.0034429 -0.01505 -0.00454119 
0.023829 -0.05093 -0.00966594 
-0.0196439 -0.0162052 -0.0170247 
0.0219221 -0.0487389 -0.0244445 
0.023384 0.03565 -0.0178567 
0.00880741 -0.024968 -0.078624 
-0.0150524 -0.0565 0.028836 
-0.000839097 0.0269345 -0.151555 
0.008913539999999999 -0.0117254 -0.07435 
-0.0069392 -0.05936 -0.0130067 
-0.0421248 0.0533597 0.0125395 
0.00678899 0.02465 -0.0261129 
0.000434891 0.02465 -0.024861 
-0.011451 -0.00575902 0.0450349 
-0.0237724 0.0195333 -0.129206 
-0.0243768 0.0191233 0.0163222 
-0.0285726 -0.0339004 -0.073 
0.0199202 0.0408904 0.0361931 
-0.0155407 -0.0431998 -0.129454 
0.0133713 0.021575 -0.1014 
-0.0377434 0.00491055 -0.0334692 
0.0350697 0.0408465 0.0209548 
0.0156851 -0.009016619999999999 -0.161592 
-0.0332451 -0.0611366 -0.0203954 
-0.0160799 0.0169999 -0.050109 
0.00156041 -0.0365756 -0.0529215 
0.0166126 -0.0258748 -0.129432 
0.00554985 0.0147841 -0.111816 
-0.00782271 0.0112725 0.0307333 
-0.0104465 0.023749 -0.134743 
0.0320793 0.0115209 -0.108272 
0.0301873 -0.0414716 -0.000928426 
0.0342368 -0.040953 -0.0335205 
-0.014796 0.0535 -0.0262022 
0.0140369 -0.0215314 -0.119677 
-0.014989 0.0564856 0.0332339 
-0.00226744 -0.0169961 -0.158028 
0.00571146 -0.00986107 -0.00147089 
0.0133805 0.019299 -0.0856051 
0.0235709 -0.030777 -0.0109551 
0.0292319 -0.00776528 -0.103928 
0.0182931 -0.052417 0.0198643 
-0.016769 0.0123 -0.0215681 
0.0139693 -0.0113786 -0.0870322 
0.0368414 0.0180424 -0.117622 
-0.0384296  0.043 -0.000860806 
0.044159 -0.0511761 -0.0117361 
0.0112214 -0.0350359 -0.109902 
-0.009629749999999999 0.0517808 0.0318911 
-0.018338 -0.0328549 -0.0426249 
0.0458247 -0.000949242 -0.151899 
-0.0251029 0.00991447 -0.00340806 
-0.017208 0.00591517 -0.0263173 
-0.0159244 -0.032672 -0.07235 
-0.0156776 0.0169992 0.0199325 
-0.000594485 -0.0414374 -0.0696797 
0.0470022 0.0535399 0.00287484 
-0.00218676 -0.0127906 -0.0721821 
0.0233118 0.00310399 -0.0305913 
0.007978910000000001 -0.0593813 -0.00643648 
0.0230869 0.0217703 -0.0982093 
-0.0381627 -0.00491358 -0.106247 
0.000778354 0.0026095 -0.00391216 
-0.000669289 0.03665 0.0358852 
-0.0161594 0.0298625 -0.066175 
-0.0259013 0.013478 -0.164388 
0.0135207 0.018202 -0.130018 
-0.0282926 0.0230012 -0.112607 
-0.0177302 -0.0369582 -0.0161742 
-0.034285 0.0555619 0.026485 
0.00296369 -0.0368586 -0.0528669 
0.0155999 0.0556125 0.0403178 
0.00680077 0.0247246 -0.118635 
0.00453974 0.0180763 0.0224481 
-0.0113665 -0.0211858 -0.0284707 
-0.0387414 -0.0139887 -0.156237 
0.008602790000000001 -0.028492 -0.08835 
0.0379437 0.00710503 -0.026875 
-0.0191358 -0.0219239 -0.07335 
-0.00587951  0.043 0.034885 
-0.0116089   0.04 0.0412881 
-0.0378191 -0.04973 0.00731781 
-0.0174483 -0.0585864 0.00309228 
0.00471828 -0.02606 -0.0514115 
0.0213554 0.024449 -0.11205 
0.0364161 0.0106808 -0.0596846 
-0.00214349 -0.00308232 -0.155502 
0.0125262 -0.0281099 -0.130682 
0.0229448 -0.0405902 0.0204937 
-0.00417697 -0.0493925 -0.00388544 
-0.04013 -0.04973 0.00314659 
-0.0345428  0.043 -0.0110022 
0.00960545 0.022003 -0.0681771 
-0.00250436 -0.0132833 -0.0268441 
-0.0266351 0.00281622 -0.08835 
0.0339191 0.0175785 -0.11205 
0.0199395 -0.0431691 -0.152209 
0.0110974 0.0444755 -0.118229 
0.0159601 -0.0346467 -0.07149999999999999 
0.0242811 -0.0446817 0.0372458 
-0.00590379 -0.014659 -0.0267336 
-0.0373215 0.0241691 -0.0276924 
0.0222905 0.0085615 -0.054 
-0.0263199 -0.0270623 0.0363862 
0.0152846 0.0161309 -0.107012 
0.0207657 0.0374758 0.0403203 
0.0134546 -0.0326646 -0.0221889 
0.0151276 0.0328991 -0.0708376 
-0.0204575 0.00781981 -0.075904 
-0.0266185 0.0184093 -0.0785288 
-0.0335548 0.0428328 0.0167837 
0.0250832 0.0341774 -0.139817 
-0.0160591 0.0260952 -0.00333702 
0.0109603 0.0058285 -0.0221666 
0.00597525 0.0238171 0.0142786 
-0.0254145 -0.0076 -0.0196069 
-0.0165482 0.00403054 -0.10405 
0.0117887 0.0257473 -0.054 
-0.028784 0.0311527 -0.124848 
-0.0144491 -0.00045107 -0.00763152 
0.009806509999999999 0.0366084 -0.06341280000000001 
0.01572 -0.053 -0.0356813 
0.0286658 -0.0305673 -0.0094127 
-0.0151202 -0.00626646 0.0198982 
-0.0290736 -0.0330154 -0.155027 
0.0337309 -0.0256111 -0.145688 
-0.0326135 0.0510341 0.00265686 
-0.0189912 -0.00305 -0.0273302 
-0.0269521 0.0341111 0.000811428 
0.0141658 -0.0141925 -0.000949606 
0.0185195 -0.0196149 -0.054 
0.0290226 0.0157375 0.00414233 
0.02351 0.00685251 -0.0546486 
0.0116724 -0.0231031 -0.146022 
0.0116305 -0.0224348 -0.07435 
0.0119294 0.00650868 -0.1784 
0.008560720000000001 0.00394069 -0.0375056 
0.0146738 -0.0532947 0.0125047 
-0.0414396 -0.0171053 0.0174848 
-0.0164152 -0.05267 -0.0162676 
0.026745 -0.0125962 -0.00327534 
0.000186409 0.0299538 -0.120519 
0.0284677 -0.0189476 -0.0794314 
-0.008788870000000001 0.047447 -0.036881 
0.0276147 -0.0200097 0.0321762 
0.0157414 -0.05295 0.00787713 
0.00459656 -0.0334504 -0.119358 
0.0152845 -0.0277281 -0.101806 
0.0300628 0.00136663 -0.00226824 
0.0189114 0.0260148 -0.164388 
0.0236692 0.00595 -0.00292666 
0.0379599 -0.0445201 0.0330835 
-0.0346367 -0.0189245 -0.116051 
0.0142789 0.0366291 -0.11605 
0.0153183 0.00473188 -0.049 
-0.0244346 0.00595 0.0200962 
0.0322272 0.0161198 -0.0397565 
-0.0140755 -0.000147803 0.000310501 
-0.0395234 0.0129195 -0.159453 
0.0203391 0.0346325 -0.0343951 
0.0257904 0.06548 0.0351509 
0.0287662 -0.00247035 0.00977606 
0.0191886 -0.00470535 0.031143 
-0.0280647  0.043 -0.00728623 
-0.0282506 -0.0335407 0.0316959 
4.58022e-05  0.043 0.0396764 
-0.0180554 -0.0127488 0.0427892 
0.0398592 -0.019083 0.0208415 
0.0451876  0.055 -0.00129956 
0.010715  0.043 -0.0346225 
0.0351199 -0.00494636 -0.071675 
0.00622101 -0.027022 -0.0885804 
0.0376004 -0.0303831 0.0246728 
-0.0227349 -0.0157891 -0.0974474 
0.00605787 -0.0367832 -0.157027 
0.00837602 -0.00328629 -0.15935 
-0.0160229 0.00473437 0.0492665 
-0.0237391 -0.0141721 0.00323931 
0.00457259 -0.0526172 0.0186214 
0.0147401 -0.06285 0.0302709 
-0.0178991 0.00611408 -0.0808957 
0.0301745 -0.0327826 -3.46405e-06 
-0.00664403 -0.00167792 -0.0212679 
0.0226554 -0.0568968 0.0101704 
-0.00135207 0.0253976 -0.153807 
0.030556 0.00386268 -0.125548 
-0.0279348 -0.0290056 -0.156895 
-0.0223183 -0.0436543 0.0474194 
0.0213631 0.0135642 -0.0919536 
0.0234932 0.0472628 -0.0185917 
-0.0191442 -0.0271442 0.0461631 
-0.0303528 0.00471586 -0.148445 
-0.0194229 -0.0076 -0.0323514 
-0.000372974 0.0247912 0.0279175 
0.0188286  0.056 0.0204369 
-0.0261757 0.0400171 -0.0178819 
0.000411412 -0.0459286 -0.140279 
-0.0165837 0.00327042 -0.09665 
-0.0234542 -0.0492319 -0.0131112 
0.00439262 0.0474336 -0.033028 
0.00339103 0.0427186 0.050355 
0.0251847 0.0441918 0.00957359 
-0.00970413 -0.0112 -0.0360743 
0.0387913 0.008252880000000001 -0.06900000000000001 
0.010338 0.0195434 -0.111659 
0.0369761 -0.0319261 -0.0255855 
0.0133637 0.0319792 0.012964 
-0.0113605 -0.00762688 -0.08814180000000001 
0.0437401 -0.0175895 0.0104878 
0.00646109 -0.0230926 -0.154746 
0.042962 0.0511695 0.009794499999999999 
0.022644 0.0123 0.0141359 
-0.0318243 0.00469747 -0.0835637 
0.00202226 -0.0391304 -0.0258407 
0.000350326 -0.023596 -0.108781 
-0.0160264 -0.0476534 -0.0381721 
-0.0359064 0.0138476 -0.0780941 
-0.00663041 0.0294343 -0.124371 
0.0352226 -0.029093 -0.0235013 
0.0179137 0.0616142 -0.0285985 
-0.00430059 0.0202901 -0.151218 
-0.0153313 -0.0466269 -0.0083949 
-0.00463849 0.0252637 -0.157637 
0.0420502 0.0185822 -0.118376 
0.0272188 0.00608793 -0.049 
0.0203922 0.0174768 -0.0149794 
-0.0210276 0.0549162 0.0392287 
-0.0208086 -0.00506453 -0.00844813 
0.0464345 -0.0350512 -0.00132637 
0.0039857 -0.0169874 -0.168643 
0.0071194 0.0283901 0.0317762 
0.0150259 0.042547 -0.034847 
0.0308153 -0.008636390000000001 0.0189996 
-0.0136714 -0.0423038 -0.113669 
-0.0108954 -0.0214253 -0.054 
0.0334644 0.0635 -0.0247788 
-0.0148581 0.0269263 0.0219859 
0.0226994 -0.0446528 0.0346583 
0.0391603 0.00310316 -0.157958 
0.0141181 0.0464167 0.0299591 
0.000897534 0.0450243 -0.0504703 
0.0103788 0.0178707 -0.0787118 
0.0297139 0.0572138 0.0220993 
0.008662889999999999 -0.011043 0.0456232 
-0.00383624 -0.0170489 -0.08434999999999999 
-0.0123544 -0.0575 -0.0204433 
0.0416634 -0.043 0.00230086 
0.0316014 -0.0457769 -0.00280911 
0.0352414 -0.0155162 0.0279759 
-0.0235358 0.016339 -0.09470000000000001 
0.044988 -0.0378884 0.00690181 
0.00831026 -0.000466593 -0.104239 
-0.00255886 -0.0241936 -0.123407 
-0.0119533 8.03256e-05 -0.1784 
-0.00253328 0.00723926 -0.0292366 
0.0342788 0.0179089 -0.164387 
0.00394748 -0.0256292 -0.150895 
-0.0435157 -0.00999362 -0.113857 
0.0356771 -0.0247049 -0.0356889 
0.00569153 -0.00488296 -0.101745 
-0.0157637 -0.0242979 -0.067343 
-0.0195963 -0.0484238 -0.0170516 
0.00958673 0.00207778 -0.158081 
-0.0405482 0.0107639 -0.06900000000000001 
-0.00497643 -0.053 -0.0314201 
0.00601385 0.0251884 -0.14358 
0.0340813 -0.0167478 -0.0591425 
-0.0246669 0.0123 0.0160935 
0.0302139 -0.0511244 -0.0285735 
0.00154792 -0.0575 -0.0202203 
0.0382971 -0.0340968 0.0236023 
0.0222784 0.00448706 -0.142924 
-0.00590425 0.0296012 -0.14015 
0.0168281 0.0175577 -0.111263 
0.00936828 -0.0149944 -0.170814 
0.00632102 0.0252565 -0.0317471 
0.0219751 -0.00530229 -0.118145 
0.0390949 -0.0165219 -0.148926 
0.0356424 0.00425593 -0.0363882 
0.0007358 -0.0129822 -0.0236831 
0.0283409 -0.0143096 -0.0712358 
0.0112485 0.0123 0.020872 
0.00526639 -0.00379774 -0.10405 
0.0411114 -0.031083 -0.0182413 
0.0151933 -0.0282554 0.0395827 
0.0152639 -0.0210263 -0.0267462 
0.0127782 0.00111613 -0.0281888 
0.0351422 0.042505 -0.00703659 
-0.020364 -0.0230621 -0.130458 
0.008556859999999999 0.0370416 -0.0666471 
-0.00675378 -0.0236246 0.044463 
0.0109406 0.0401426 -0.164388 
-0.0168594 -0.0202673 -0.153392 
0.00674941 -0.00400799 -0.012433 
-0.00440712 -0.0255702 -0.136645 
-0.0218744 -0.0231257 -0.157888 
0.00124663 -0.0351855 -0.0301919 
-0.00593377 -0.0404969 -0.0252069 
0.0094752 0.0181829 -0.0746887 
0.00319363 0.0023591 -0.105375 
-0.0106604 0.00759984 -0.158613 
-0.00869004 -0.00408044 -0.0154796 
0.021482 0.0226925 -0.10877 
-0.00546127 0.0242861 -0.117843 
-0.0195096 -0.0136346 0.0421798 
-0.0319494 0.0535 -0.000663525 
0.0111995 0.0123826 0.029547 
0.0221426 0.0179788 0.0154364 
0.0370079 -0.00506272 0.00906685 
-0.0389702 -0.0162678 -0.14186 
-0.00622463 0.0504433 -0.0374819 
-0.02663 0.02065 -0.014458 
-0.0130699 0.0456608 -0.0241419 
-0.0247026 -0.0353249 -0.00804033 
0.0500611 -0.041 -0.0111249 
-0.0201109 -0.0244746 -0.0892337 
-0.0208454 -0.053 0.023073 
-0.0124431 -0.0441966 -0.146243 
0.0108142 0.0535 -0.030209 
-0.0208718 0.008428369999999999 -0.017251 
-0.009957000000000001 0.03465 0.0108789 
0.021596 -0.0555 0.0213924 
-0.0123414 0.0426798 0.036015 
0.012901 -0.0149877 -0.10405 
-0.00442357 0.0340865 -4.25587e-05 
0.0167722 -0.000176863 -0.16345 
-0.000876842 -0.0589 -0.0148494 
-0.0309578 0.0406012 -0.0266441 
0.00544599 0.0333511 -0.0325473 
-0.0371424 0.062367 0.008327599999999999 
0.0441183 0.0510434 -0.00553591 
-0.0286288 0.0059635 -0.00633271 
-0.0344993 0.0556343 0.00853833 
-0.00417614 -0.0112 -0.034992 
0.0103631 -0.0345228 -0.108789 
0.0401017 -0.0480483 -0.009386480000000001 
0.0423636 -0.0156074 0.014996 
0.0272089 -0.0121599 -0.00957475 
0.0350132 0.00177753 -0.0159291 
-0.0042203 -0.00705 0.0125725 
-0.0323531 -0.0200164 -0.071587 
0.00240533 -0.0618555 -0.0116546 
0.0192444 0.011647 -0.0125775 
0.0245514 0.0200828 -0.100855 
0.0217455 0.0120563 -0.058 
0.044718 0.0529245 -0.00486944 
-0.0190486 0.00849514 -0.07583280000000001 
-0.0274027 -0.043 -0.0323631 
-0.0350293 0.0216204 -0.06900000000000001 
-0.0195469 -0.047446 0.0105107 
0.000664052 -0.0157966 -0.172046 
-5.4444e-05 0.027738 0.0325737 
-0.0187068 0.0599927 0.0331849 
-0.0248232 -0.0242441 -0.156958 
-0.0186334 -0.0472555 0.0194448 
0.0394999 0.0210318 -0.024932 
-0.00501346 -0.0530329 -0.0453444 
-0.009215340000000001 0.0235521 -0.111007 
-0.0108947 0.0597594 0.030295 
0.0352225 -0.0488 0.0163676 
0.0264101 -0.0076 0.0185384 
-0.00262931 -0.0239074 -0.103073 
0.00232894 -0.0575 0.0211229 
0.0157627 0.00506716 -0.16655 
0.00625822 0.0378561 -0.066 
-0.0160139 0.0381984 -0.153296 
-0.0435163 0.0205201 -0.155658 
-0.00706285 0.0139009 0.00223377 
0.022502 0.00339718 0.00507365 
-0.0247672 0.03565 0.0199004 
0.0261087 -0.022159 -0.11205 
0.00880569 -0.04565 0.023569 
0.0128969 0.03696 0.0176642 
-0.00416316 0.000999998 -0.029969 
-2.46241e-05 0.0209769 -0.0244782 
-0.00294073 0.0328161 -0.158745 
0.0299587 0.043028 -0.01368 
-0.0279555 -0.0127976 -0.126814 
0.00359574 -0.0457712 -0.117703 
-0.0157589 -0.0195364 0.0257626 
-0.0274363 0.0477278 -0.0121041 
-0.008052760000000001  0.043 -0.0373985 
-0.0150012 -0.0573266 -0.0140765 
-0.0336032 -0.0460307 -0.0243267 
0.000521265 -0.0194666 -0.16545 
-0.0185623 0.0394038 0.00716391 
0.0161509 0.0259108 -0.066 
-0.0317304 -0.048108 -0.0262538 
-0.0132945 -0.0385666 -0.156651 
0.00595005 0.0397785 -0.0252764 
0.008333220000000001 -0.009990000000000001 -0.0248342 
-0.033233 -0.0194061 -0.07762810000000001 
0.00604954 -0.007692 -0.15935 
0.035471 -0.000223443 -0.0473824 
0.00373419 0.00941561 0.00643792 
0.00417517 -0.0217382 -0.156085 
-0.0174815 0.0197961 0.0182993 
-0.0388199 -0.0169065 -0.138285 
-0.00969389 -0.031537 -0.164388 
0.0259137 -0.0370804 -0.00200517 
0.0330562 -0.0555 -0.00567752 
-0.0408711 0.0240473 -0.155513 
-0.0363345 0.0675 -0.0132289 
0.0208028 0.0207278 -0.09796489999999999 
0.00704595 -0.0126165 -0.07335 
0.0219479 0.0226286 -0.07335 
0.0289174 0.0110536 -0.0130645 
-0.00486543 -0.0428219 -0.06907050000000001 
-0.00712138 -0.04973 0.0374436 
0.0183687 -0.0174929 -0.0909896 
0.00722903 0.0185071 -0.0816146 
0.00821011 -0.00730487 -0.10305 
-0.0228334 -0.0120508 -0.12113 
0.00691765 -0.00280752 0.00420387 
-0.0106856 0.0136223 0.00230858 
-0.0443468 0.0379541 0.000571784 
-0.0247639 -0.0472639 -0.0103917 
0.0362406 -0.0182071 -0.066 
-0.0176271 0.0144103 -0.0756686 
0.0128362 -0.00168027 0.00236696 
0.00873354 -0.0407301 -0.156008 
-0.000283927 0.0026114 -0.0175501 
0.026804 -0.00119312 -0.119702 
-0.00286868 -0.0151906 -0.16595 
-0.00659925 0.0481282 -0.0292374 
-0.0347836 0.0521466 -0.027205 
0.0184359 -0.0266114 -0.156648 
0.0290849 -0.0429465 -0.009751370000000001 
0.0335721 0.00356 -0.156958 
-0.0367065 0.0531741 0.0090782 
4.63066e-05 -0.0577735 0.0177068 
-0.00173077 0.0590095 0.0312405 
-0.0228386 -0.05093 0.0112813 
-0.008734550000000001 -0.0450879 -0.158358 
0.008169589999999999 -0.0307672 -0.0833363 
0.0454038 0.00819202 -0.161016 
-0.00775415 -0.0555 -0.0322542 
-0.0248624 0.0293587 -0.0814004 
-0.0276464 -0.0567758 0.0154129 
0.00273938 -0.0357678 0.0258281 
-0.00630115 -0.0379452 -0.0833945 
-0.0189802 -0.0451327 -0.15417 
0.0049123 0.0392981 0.0313402 
0.0333345 -0.0249959 -0.156979 
-0.0162313 0.00375247 0.009267920000000001 
0.0374301 0.0444342 -0.033794 
0.00337389 0.00495 0.00429358 
0.0313593 -0.0133272 0.00477165 
0.0423119 -0.00238673 -0.137618 
-0.0423003 -0.0154378 -0.0152306 
0.0294729 0.0511464 -0.00550273 
-0.00477899 0.0361961 -0.0711141 
0.015355 0.0240021 -0.0195714 
0.0270793 0.0130378 0.0165565 
-0.0242155 0.0166249 -0.0936891 
-0.0301743 -0.0397556 0.00227316 
0.0143844 -0.0216291 -0.143652 
0.0122504 0.00951778 -0.100488 
-0.0359433 -0.0555 -0.0143017 
-0.0396674 -0.0296214 0.0147545 
0.0367079 -0.0196843 -0.154901 
0.00213168 -0.0397504 -0.0306024 
0.0290906 -0.01728 0.0100423 
-0.0270952 -0.0237831 -0.102404 
-0.00477617 -0.0208071 -0.108087 
-0.0100735 0.0182567 -0.0504487 
0.0141791 0.03465 0.00656216 
0.0371198 0.00479993 0.00745039 
-0.00497648 0.0552376 -0.0348105 
0.0157331 -0.035263 -0.0179948 
-0.0202721 -0.0259756 -0.0535481 
0.00397113 -0.000390305 -0.0796366 
0.00923127 -0.0450178 0.0130559 
0.0434491 0.0154803 -0.07299319999999999 
0.0349567 -0.0530018 -0.0203662 
-0.00887284 -0.0611366 -0.0428033 
0.0213491 0.00473436 -0.049 
0.000947607 -0.0454996 0.0174527 
-0.008379609999999999 0.0275385 -0.0375671 
0.0214055 -0.0273153 -0.055811 
3 220 236 116 
3 106 963 655 
3 0 576 158 
3 438 0 158 
3 0 438 671 
3 420 922 339 
3 811 755 339 
3 438 435 671 
3 699 405 234 
3 699 435 438 
3 435 699 671 
3 794 106 655 
3 106 258 963 
3 258 106 438 
3 258 447 963 
3 447 258 438 
3 315 328 671 
3 315 699 234 
3 699 315 671 
3 746 420 720 
3 0 205 576 
3 922 849 236 
3 849 922 420 
3 504 220 116 
3 504 171 220 
3 171 773 220 
3 811 773 655 
3 922 41 339 
3 961 402 953 
3 402 961 171 
3 961 773 171 
3 402 156 953 
3 517 156 402 
3 517 402 405 
3 699 517 405 
3 447 980 963 
3 980 955 963 
3 834 438 158 
3 834 447 438 
3 707 315 234 
3 315 707 328 
3 405 707 234 
3 328 27 671 
3 27 205 671 
3 205 27 328 
3 208 0 671 
3 205 208 671 
3 208 205 0 
3 680 328 720 
3 680 205 328 
3 205 680 576 
3 420 680 720 
3 680 688 576 
3 688 680 755 
3 680 420 339 
3 755 680 339 
3 589 849 420 
3 291 504 116 
3 405 291 116 
3 402 291 405 
3 291 402 171 
3 504 291 171 
3 773 921 220 
3 921 41 922 
3 870 794 655 
3 773 870 655 
3 106 870 953 
3 794 870 106 
3 775 811 655 
3 955 775 655 
3 963 264 655 
3 264 955 655 
3 955 264 963 
3 688 200 576 
3 576 200 158 
3 200 688 755 
3 200 775 955 
3 811 200 755 
3 775 200 811 
3 918 961 953 
3 961 918 773 
3 870 918 953 
3 918 870 773 
3 65 106 953 
3 156 65 953 
3 106 336 438 
3 336 517 438 
3 517 336 156 
3 65 336 106 
3 336 65 156 
3 163 699 438 
3 517 163 438 
3 163 517 699 
3 570 980 447 
3 980 570 955 
3 834 570 447 
3 570 200 955 
3 570 834 158 
3 200 570 158 
3 707 71 328 
3 357 707 405 
3 236 357 116 
3 357 405 116 
3 746 357 420 
3 357 589 420 
3 849 515 236 
3 589 515 849 
3 515 357 236 
3 357 515 589 
3 195 773 811 
3 195 921 773 
3 113 811 339 
3 113 195 811 
3 195 113 921 
3 220 886 236 
3 921 886 220 
3 886 922 236 
3 886 921 922 
3 390 746 720 
3 390 71 746 
3 328 390 720 
3 71 390 328 
3 696 71 707 
3 357 696 707 
3 71 696 746 
3 696 357 746 
3 921 885 41 
3 113 885 921 
3 41 885 339 
3 885 113 339 
Vertices and facets:
- p220(v14): -0.046 0.0042 -0.16
- p236(v8): -0.048 0.045 0.015
- p116(v0): -0.051 -0.034 0.0048
- p106(v17): 0.018 -0.044 -0.16
- p963(v10): 0.033 -0.025 -0.16
- p655(v3): 0.012 0.0065 -0.18
- p0(v20): 0.049 -0.04  0.02
- p576(v9): 0.047 0.054 0.0029
- p158(v1): 0.051 -0.041 0.0023
- p438(v16): 0.042 -0.064 0.006
- p671(v11): 0.038 -0.045 0.033
- p922(v21): -0.036 0.068 -0.013
- p420(v13): -0.018 0.068 0.035
- p339(v2): -0.024 0.068 -0.033
- p811(v26): 0.011  0.04 -0.16
- p755(v24): 0.033 0.064 -0.025
- p435(v28): 0.038 -0.051 0.025
- p699(v29): 0.015 -0.063  0.03
- p405(v12): -0.038 -0.061 0.027
- p234(v7): -0.017 -0.055 0.041
- p794(v30): 0.0094 -0.015 -0.17
- p258(v31): 0.028 -0.034 -0.16
- p447(v32):  0.04 -0.023 -0.14
- p315(v33): -0.00053 -0.04 0.047
- p328(v19): 0.0058 -0.00056 0.058
- p746(v34): -0.021 0.055 0.039
- p720(v5): 0.0034 0.043  0.05
- p205(v35): 0.041 0.041  0.03
- p849(v37): -0.037 0.062 0.0083
- p504(v39): -0.046 -0.013 -0.15
- p171(v23): -0.041 -0.023 -0.16
- p773(v40): -0.012 8e-05 -0.18
- p41(v43): -0.019 0.038 -0.15
- p961(v44): -0.019 -0.045 -0.15
- p402(v27): -0.036 -0.064 -0.027
- p953(v6): -0.0087 -0.045 -0.16
- p156(v45): -0.013 -0.064 -0.034
- p517(v46): 0.0058 -0.065 -0.0081
- p980(v47): 0.037 -0.02 -0.15
- p955(v42): 0.045 0.0082 -0.16
- p834(v48):  0.05 -0.041 -0.011
- p707(v49): -0.022 -0.044 0.047
- p27(v50): 0.025 0.0091 0.044
- p208(v51): 0.043 -0.041 0.029
- p680(v52): 0.026 0.065 0.035
- p688(v41): 0.045 0.055 -0.0013
- p589(v53): -0.034 0.056 0.026
- p291(v54): -0.048 -0.046 -0.021
- p921(v55): -0.041 0.024 -0.16
- p870(v56): 0.00066 -0.016 -0.17
- p775(v57): 0.034 0.018 -0.16
- p264(v58): 0.037 0.0035 -0.16
- p200(v59): 0.047 0.013 -0.16
- p918(v60): -0.0097 -0.032 -0.16
- p65(v61): 0.0014 -0.046 -0.15
- p336(v62):  0.03 -0.064 -0.02
- p163(v63): 0.037 -0.064 0.0071
- p570(v64): 0.046 -0.00095 -0.15
- p71(v65): -0.0065 0.012 0.053
- p357(v66): -0.042 0.045 0.028
- p515(v67): -0.038 0.055 0.018
- p195(v68): -0.018 0.025 -0.16
- p113(v69): -0.011 0.038 -0.16
- p886(v70): -0.044 0.021 -0.16
- p390(v71): -0.005 0.015 0.053
- p696(v72): -0.016 0.0047 0.049
- p885(v73): -0.016 0.038 -0.15
- f47
    - flags: top simplicial
    - normal:   -0.9986  0.04783 -0.02328
    - offset: -0.04958078
    - vertices: p220(v14) p236(v8) p116(v0)
    - neighboring facets: f295 f166 f314
- f65
    - flags: top simplicial
    - normal:    0.3642  -0.3416  -0.8664
    - offset: -0.1566856
    - vertices: p106(v17) p963(v10) p655(v3)
    - neighboring facets: f258 f130 f133
- f80
    - flags: top simplicial
    - normal:    0.9924  0.04199   0.1157
    - offset: -0.04922532
    - vertices: p0(v20) p576(v9) p158(v1)
    - neighboring facets: f262 f82 f150
- f82
    - flags: bottom simplicial
    - normal:    0.9231  -0.3641   0.1234
    - offset: -0.06235607
    - vertices: p0(v20) p438(v16) p158(v1)
    - neighboring facets: f210 f80 f83
- f83
    - flags: top simplicial
    - normal:    0.7293   -0.507   0.4595
    - offset: -0.06545571
    - vertices: p0(v20) p438(v16) p671(v11)
    - neighboring facets: f122 f223 f82
- f84
    - flags: bottom simplicial
    - normal:        -0        1       -0
    - offset:    -0.0675
    - vertices: p922(v21) p420(v13) p339(v2)
    - neighboring facets: f232 f193 f162
- f111
    - flags: top simplicial
    - normal:   0.09472   0.9793  -0.1791
    - offset: -0.06979091
    - vertices: p811(v26) p755(v24) p339(v2)
    - neighboring facets: f233 f310 f267
- f122
    - flags: bottom simplicial
    - normal:    0.6894  -0.5426   0.4799
    - offset: -0.06620366
    - vertices: p435(v28) p438(v16) p671(v11)
    - neighboring facets: f83 f128 f124
- f123
    - flags: top simplicial
    - normal:  -0.05504  -0.8768   0.4778
    - offset: -0.06875545
    - vertices: p699(v29) p405(v12) p234(v7)
    - neighboring facets: f216 f142 f206
- f124
    - flags: top simplicial
    - normal:    0.4613  -0.7032    0.541
    - offset: -0.06737394
    - vertices: p699(v29) p435(v28) p438(v16)
    - neighboring facets: f122 f281 f128
- f128
    - flags: bottom simplicial
    - normal:    0.4533  -0.6652   0.5933
    - offset: -0.06645071
    - vertices: p699(v29) p435(v28) p671(v11)
    - neighboring facets: f122 f143 f124
- f130
    - flags: top simplicial
    - normal:     0.337  -0.3487  -0.8745
    - offset: -0.1577705
    - vertices: p794(v30) p106(v17) p655(v3)
    - neighboring facets: f65 f249 f253
- f133
    - flags: bottom simplicial
    - normal:    0.5458  -0.4707  -0.6933
    - offset: -0.1387843
    - vertices: p258(v31) p106(v17) p963(v10)
    - neighboring facets: f65 f138 f134
- f134
    - flags: top simplicial
    - normal:    0.7229  -0.6658  -0.1846
    - offset: -0.07151118
    - vertices: p258(v31) p106(v17) p438(v16)
    - neighboring facets: f276 f139 f133
- f138
    - flags: bottom simplicial
    - normal:    0.8275  -0.5239  -0.2019
    - offset: -0.07237029
    - vertices: p447(v32) p258(v31) p963(v10)
    - neighboring facets: f133 f207 f139
- f139
    - flags: top simplicial
    - normal:    0.8105    -0.56  -0.1719
    - offset: -0.06845015
    - vertices: p447(v32) p258(v31) p438(v16)
    - neighboring facets: f134 f211 f138
- f141
    - flags: top simplicial
    - normal:    0.3075  -0.2878    0.907
    - offset: -0.05449044
    - vertices: p315(v33) p328(v19) p671(v11)
    - neighboring facets: f220 f143 f215
- f142
    - flags: top simplicial
    - normal:    0.1525  -0.5319    0.833
    - offset: -0.06089142
    - vertices: p315(v33) p699(v29) p234(v7)
    - neighboring facets: f123 f214 f143
- f143
    - flags: bottom simplicial
    - normal:    0.2647   -0.465   0.8448
    - offset: -0.0586995
    - vertices: p315(v33) p699(v29) p671(v11)
    - neighboring facets: f128 f141 f142
- f144
    - flags: top simplicial
    - normal:   -0.2319     0.36   0.9037
    - offset: -0.06009708
    - vertices: p746(v34) p420(v13) p720(v5)
    - neighboring facets: f229 f318 f300
- f150
    - flags: bottom simplicial
    - normal:    0.9658   0.0665   0.2505
    - offset: -0.04967684
    - vertices: p205(v35) p0(v20) p576(v9)
    - neighboring facets: f80 f228 f225
- f161
    - flags: bottom simplicial
    - normal:   -0.8229   0.5589   0.1022
    - offset: -0.06627264
    - vertices: p849(v37) p922(v21) p236(v8)
    - neighboring facets: f316 f302 f162
- f162
    - flags: top simplicial
    - normal:   -0.4785   0.8581   0.1864
    - offset: -0.07284047
    - vertices: p849(v37) p922(v21) p420(v13)
    - neighboring facets: f84 f235 f161
- f166
    - flags: top simplicial
    - normal:   -0.9991 -0.01689 -0.03822
    - offset: -0.05174106
    - vertices: p504(v39) p220(v14) p116(v0)
    - neighboring facets: f47 f238 f167
- f167
    - flags: top simplicial
    - normal:   -0.7419  -0.2599   -0.618
    - offset: -0.1324567
    - vertices: p504(v39) p171(v23) p220(v14)
    - neighboring facets: f170 f166 f242
- f170
    - flags: bottom simplicial
    - normal:   -0.4628  -0.2574  -0.8483
    - offset:   -0.15684
    - vertices: p773(v40) p171(v23) p220(v14)
    - neighboring facets: f167 f243 f197
- f171
    - flags: bottom simplicial
    - normal:   -0.1023     0.38  -0.9193
    - offset: -0.1652599
    - vertices: p773(v40) p811(v26) p655(v3)
    - neighboring facets: f254 f250 f306
- f193
    - flags: bottom simplicial
    - normal:   -0.3762   0.8951  -0.2392
    - offset: -0.07725465
    - vertices: p41(v43) p922(v21) p339(v2)
    - neighboring facets: f84 f328 f246
- f194
    - flags: top simplicial
    - normal:  -0.05846  -0.9864  -0.1536
    - offset: -0.06930447
    - vertices: p961(v44) p402(v27) p953(v6)
    - neighboring facets: f199 f269 f195
- f195
    - flags: bottom simplicial
    - normal:   -0.6926  -0.6949  -0.1935
    - offset: -0.07434459
    - vertices: p961(v44) p402(v27) p171(v23)
    - neighboring facets: f241 f197 f194
- f197
    - flags: top simplicial
    - normal:   -0.3486  -0.4001  -0.8476
    - offset: -0.1553483
    - vertices: p961(v44) p773(v40) p171(v23)
    - neighboring facets: f170 f195 f270
- f199
    - flags: bottom simplicial
    - normal:  -0.04706  -0.9874  -0.1514
    - offset: -0.06889986
    - vertices: p156(v45) p402(v27) p953(v6)
    - neighboring facets: f194 f274 f204
- f204
    - flags: top simplicial
    - normal:  -0.009982  -0.9994 -0.03211
    - offset: -0.06516418
    - vertices: p517(v46) p156(v45) p402(v27)
    - neighboring facets: f199 f205 f278
- f205
    - flags: top simplicial
    - normal:  -0.04719  -0.9976  0.05085
    - offset: -0.06415807
    - vertices: p517(v46) p402(v27) p405(v12)
    - neighboring facets: f240 f206 f204
- f206
    - flags: bottom simplicial
    - normal:  -0.03614  -0.9973  0.06432
    - offset: -0.06409311
    - vertices: p517(v46) p699(v29) p405(v12)
    - neighboring facets: f123 f205 f283
- f207
    - flags: bottom simplicial
    - normal:    0.8602  -0.4613  -0.2174
    - offset: -0.0743294
    - vertices: p980(v47) p447(v32) p963(v10)
    - neighboring facets: f138 f208 f284
- f208
    - flags: top simplicial
    - normal:    0.8267  -0.3538  -0.4375
    - offset: -0.1050821
    - vertices: p980(v47) p955(v42) p963(v10)
    - neighboring facets: f260 f207 f285
- f210
    - flags: top simplicial
    - normal:    0.9173  -0.3922 -0.06873
    - offset: -0.06276712
    - vertices: p834(v48) p438(v16) p158(v1)
    - neighboring facets: f82 f288 f211
- f211
    - flags: top simplicial
    - normal:    0.8912  -0.4327  -0.1362
    - offset: -0.06386977
    - vertices: p834(v48) p447(v32) p438(v16)
    - neighboring facets: f139 f210 f286
- f214
    - flags: top simplicial
    - normal:   0.06859  -0.4582   0.8862
    - offset: -0.06049426
    - vertices: p707(v49) p315(v33) p234(v7)
    - neighboring facets: f142 f216 f215
- f215
    - flags: bottom simplicial
    - normal:   0.03772  -0.2602   0.9648
    - offset: -0.05626882
    - vertices: p707(v49) p315(v33) p328(v19)
    - neighboring facets: f141 f290 f214
- f216
    - flags: bottom simplicial
    - normal:   -0.3388  -0.5662   0.7514
    - offset: -0.06791034
    - vertices: p707(v49) p405(v12) p234(v7)
    - neighboring facets: f123 f214 f294
- f220
    - flags: bottom simplicial
    - normal:    0.5963  -0.0172   0.8026
    - offset: -0.04995372
    - vertices: p27(v50) p328(v19) p671(v11)
    - neighboring facets: f141 f221 f222
- f221
    - flags: top simplicial
    - normal:    0.6596 0.008089   0.7516
    - offset: -0.04954263
    - vertices: p27(v50) p205(v35) p671(v11)
    - neighboring facets: f224 f220 f222
- f222
    - flags: bottom simplicial
    - normal:    0.5581  0.09164   0.8247
    - offset: -0.05095369
    - vertices: p27(v50) p205(v35) p328(v19)
    - neighboring facets: f227 f220 f221
- f223
    - flags: top simplicial
    - normal:    0.7626  -0.3613   0.5365
    - offset: -0.06278517
    - vertices: p208(v51) p0(v20) p671(v11)
    - neighboring facets: f83 f224 f225
- f224
    - flags: bottom simplicial
    - normal:    0.6691 0.007402   0.7432
    - offset: -0.04965474
    - vertices: p208(v51) p205(v35) p671(v11)
    - neighboring facets: f221 f223 f225
- f225
    - flags: top simplicial
    - normal:    0.8024  0.01116   0.5967
    - offset: -0.0509451
    - vertices: p208(v51) p205(v35) p0(v20)
    - neighboring facets: f150 f223 f224
- f226
    - flags: top simplicial
    - normal:    0.4215   0.1791    0.889
    - offset: -0.05384337
    - vertices: p680(v52) p328(v19) p720(v5)
    - neighboring facets: f320 f229 f227
- f227
    - flags: top simplicial
    - normal:    0.5249   0.1311    0.841
    - offset: -0.05168564
    - vertices: p680(v52) p205(v35) p328(v19)
    - neighboring facets: f222 f226 f228
- f228
    - flags: bottom simplicial
    - normal:    0.8225   0.4178    0.386
    - offset: -0.06213663
    - vertices: p680(v52) p205(v35) p576(v9)
    - neighboring facets: f150 f230 f227
- f229
    - flags: bottom simplicial
    - normal:   0.02453   0.5385   0.8423
    - offset: -0.06549937
    - vertices: p680(v52) p420(v13) p720(v5)
    - neighboring facets: f144 f226 f232
- f230
    - flags: top simplicial
    - normal:    0.5496   0.8338  0.05274
    - offset: -0.07062325
    - vertices: p680(v52) p688(v41) p576(v9)
    - neighboring facets: f261 f228 f231
- f231
    - flags: bottom simplicial
    - normal:    0.5324   0.8455  0.04024
    - offset: -0.07051048
    - vertices: p680(v52) p688(v41) p755(v24)
    - neighboring facets: f263 f233 f230
- f232
    - flags: top simplicial
    - normal:   0.04661   0.9989 -0.004221
    - offset: -0.06646206
    - vertices: p680(v52) p420(v13) p339(v2)
    - neighboring facets: f84 f233 f229
- f233
    - flags: bottom simplicial
    - normal:   0.07323    0.997 -0.02356
    - offset: -0.06634641
    - vertices: p680(v52) p755(v24) p339(v2)
    - neighboring facets: f111 f232 f231
- f235
    - flags: top simplicial
    - normal:   -0.6561   0.6669   0.3532
    - offset: -0.06890476
    - vertices: p589(v53) p849(v37) p420(v13)
    - neighboring facets: f162 f301 f303
- f238
    - flags: top simplicial
    - normal:   -0.9857  -0.1587 -0.05627
    - offset: -0.05579659
    - vertices: p291(v54) p504(v39) p116(v0)
    - neighboring facets: f166 f239 f242
- f239
    - flags: bottom simplicial
    - normal:   -0.9103  -0.4079  0.06965
    - offset: -0.06101637
    - vertices: p291(v54) p405(v12) p116(v0)
    - neighboring facets: f296 f238 f240
- f240
    - flags: bottom simplicial
    - normal:   -0.8246  -0.5657 0.001507
    - offset: -0.0655775
    - vertices: p291(v54) p402(v27) p405(v12)
    - neighboring facets: f205 f239 f241
- f241
    - flags: top simplicial
    - normal:   -0.8373  -0.5298  -0.1352
    - offset: -0.06738432
    - vertices: p291(v54) p402(v27) p171(v23)
    - neighboring facets: f195 f242 f240
- f242
    - flags: bottom simplicial
    - normal:   -0.8952  -0.4288   -0.121
    - offset: -0.06522669
    - vertices: p291(v54) p504(v39) p171(v23)
    - neighboring facets: f167 f241 f238
- f243
    - flags: bottom simplicial
    - normal:   -0.3919   0.3425  -0.8539
    - offset: -0.1570418
    - vertices: p921(v55) p773(v40) p220(v14)
    - neighboring facets: f170 f315 f308
- f246
    - flags: top simplicial
    - normal:   -0.4841   0.8411  -0.2414
    - offset: -0.07755412
    - vertices: p921(v55) p41(v43) p922(v21)
    - neighboring facets: f193 f317 f326
- f249
    - flags: top simplicial
    - normal:    0.1627  -0.3454  -0.9242
    - offset: -0.1645765
    - vertices: p870(v56) p794(v30) p655(v3)
    - neighboring facets: f130 f250 f253
- f250
    - flags: bottom simplicial
    - normal:   0.08398   -0.312  -0.9464
    - offset: -0.1678023
    - vertices: p870(v56) p773(v40) p655(v3)
    - neighboring facets: f171 f249 f272
- f252
    - flags: bottom simplicial
    - normal:    0.1006  -0.4475  -0.8886
    - offset: -0.1600157
    - vertices: p870(v56) p106(v17) p953(v6)
    - neighboring facets: f273 f271 f253
- f253
    - flags: bottom simplicial
    - normal:    0.1648  -0.4122  -0.8961
    - offset: -0.1607869
    - vertices: p870(v56) p794(v30) p106(v17)
    - neighboring facets: f130 f252 f249
- f254
    - flags: top simplicial
    - normal:    0.3514   0.3688  -0.8605
    - offset: -0.1601082
    - vertices: p775(v57) p811(v26) p655(v3)
    - neighboring facets: f171 f255 f268
- f255
    - flags: bottom simplicial
    - normal:     0.443   0.2044  -0.8729
    - offset: -0.1623393
    - vertices: p775(v57) p955(v42) p655(v3)
    - neighboring facets: f259 f254 f266
- f258
    - flags: bottom simplicial
    - normal:    0.4408  -0.2803  -0.8527
    - offset: -0.1555584
    - vertices: p264(v58) p963(v10) p655(v3)
    - neighboring facets: f65 f259 f260
- f259
    - flags: top simplicial
    - normal:    0.4601  -0.1882  -0.8677
    - offset: -0.1590601
    - vertices: p264(v58) p955(v42) p655(v3)
    - neighboring facets: f255 f258 f260
- f260
    - flags: bottom simplicial
    - normal:    0.4937  -0.2797  -0.8234
    - offset: -0.1527073
    - vertices: p264(v58) p955(v42) p963(v10)
    - neighboring facets: f208 f258 f259
- f261
    - flags: bottom simplicial
    - normal:    0.8022   0.5789  -0.1462
    - offset: -0.06827783
    - vertices: p200(v59) p688(v41) p576(v9)
    - neighboring facets: f230 f262 f263
- f262
    - flags: bottom simplicial
    - normal:     0.999  0.04302 -0.01021
    - offset: -0.04923031
    - vertices: p200(v59) p576(v9) p158(v1)
    - neighboring facets: f80 f289 f261
- f263
    - flags: top simplicial
    - normal:    0.7673   0.6214  -0.1582
    - offset: -0.06905875
    - vertices: p200(v59) p688(v41) p755(v24)
    - neighboring facets: f231 f267 f261
- f266
    - flags: top simplicial
    - normal:    0.6144   0.4885  -0.6195
    - offset:  -0.131653
    - vertices: p200(v59) p775(v57) p955(v42)
    - neighboring facets: f255 f287 f268
- f267
    - flags: bottom simplicial
    - normal:    0.6148   0.7557  -0.2256
    - offset: -0.0741521
    - vertices: p200(v59) p811(v26) p755(v24)
    - neighboring facets: f111 f263 f268
- f268
    - flags: bottom simplicial
    - normal:    0.5886   0.6178  -0.5214
    - offset: -0.1169469
    - vertices: p200(v59) p775(v57) p811(v26)
    - neighboring facets: f254 f267 f266
- f269
    - flags: top simplicial
    - normal:    -0.345  -0.4019  -0.8482
    - offset:  -0.155457
    - vertices: p918(v60) p961(v44) p953(v6)
    - neighboring facets: f194 f271 f270
- f270
    - flags: bottom simplicial
    - normal:   -0.3467  -0.4006  -0.8481
    - offset: -0.1554171
    - vertices: p918(v60) p961(v44) p773(v40)
    - neighboring facets: f197 f272 f269
- f271
    - flags: bottom simplicial
    - normal:  -0.05191  -0.4091   -0.911
    - offset: -0.1631656
    - vertices: p918(v60) p870(v56) p953(v6)
    - neighboring facets: f252 f269 f272
- f272
    - flags: top simplicial
    - normal:  -0.05415  -0.4078  -0.9115
    - offset: -0.1632192
    - vertices: p918(v60) p870(v56) p773(v40)
    - neighboring facets: f250 f270 f271
- f273
    - flags: top simplicial
    - normal:   0.05409  -0.9561   -0.288
    - offset: -0.08823966
    - vertices: p65(v61) p106(v17) p953(v6)
    - neighboring facets: f252 f274 f279
- f274
    - flags: bottom simplicial
    - normal:  -0.007164  -0.9886  -0.1503
    - offset: -0.06843614
    - vertices: p65(v61) p156(v45) p953(v6)
    - neighboring facets: f199 f273 f280
- f276
    - flags: bottom simplicial
    - normal:    0.3742  -0.9126  -0.1645
    - offset: -0.07294945
    - vertices: p336(v62) p106(v17) p438(v16)
    - neighboring facets: f134 f277 f279
- f277
    - flags: top simplicial
    - normal:   0.03431  -0.9993 -0.01508
    - offset: -0.06527599
    - vertices: p336(v62) p517(v46) p438(v16)
    - neighboring facets: f282 f276 f278
- f278
    - flags: bottom simplicial
    - normal:    0.0172  -0.9985 -0.05163
    - offset: -0.06542058
    - vertices: p336(v62) p517(v46) p156(v45)
    - neighboring facets: f204 f280 f277
- f279
    - flags: bottom simplicial
    - normal:   0.07027  -0.9864  -0.1483
    - offset: -0.06814279
    - vertices: p336(v62) p65(v61) p106(v17)
    - neighboring facets: f273 f276 f280
- f280
    - flags: top simplicial
    - normal:    0.0479  -0.9884  -0.1438
    - offset: -0.06750475
    - vertices: p336(v62) p65(v61) p156(v45)
    - neighboring facets: f274 f278 f279
- f281
    - flags: top simplicial
    - normal:   0.01823  -0.9976  0.06674
    - offset: -0.06498849
    - vertices: p163(v63) p699(v29) p438(v16)
    - neighboring facets: f124 f282 f283
- f282
    - flags: bottom simplicial
    - normal:   0.01163   -0.999  0.04256
    - offset: -0.06466098
    - vertices: p163(v63) p517(v46) p438(v16)
    - neighboring facets: f277 f281 f283
- f283
    - flags: top simplicial
    - normal:  0.005764  -0.9985  0.05465
    - offset: -0.06449434
    - vertices: p163(v63) p517(v46) p699(v29)
    - neighboring facets: f206 f281 f282
- f284
    - flags: top simplicial
    - normal:    0.8918  -0.4001  -0.2114
    - offset: -0.07335979
    - vertices: p570(v64) p980(v47) p447(v32)
    - neighboring facets: f207 f286 f285
- f285
    - flags: bottom simplicial
    - normal:    0.8506  -0.3512  -0.3914
    - offset: -0.09876283
    - vertices: p570(v64) p980(v47) p955(v42)
    - neighboring facets: f208 f287 f284
- f286
    - flags: bottom simplicial
    - normal:    0.9284  -0.3491  -0.1273
    - offset: -0.06220671
    - vertices: p570(v64) p834(v48) p447(v32)
    - neighboring facets: f211 f284 f288
- f287
    - flags: top simplicial
    - normal:    0.9771  -0.1261  -0.1715
    - offset: -0.07094918
    - vertices: p570(v64) p200(v59) p955(v42)
    - neighboring facets: f266 f285 f289
- f288
    - flags: top simplicial
    - normal:    0.9851  -0.1552 -0.07381
    - offset: -0.05650206
    - vertices: p570(v64) p834(v48) p158(v1)
    - neighboring facets: f210 f289 f286
- f289
    - flags: bottom simplicial
    - normal:    0.9929  -0.1023 -0.06034
    - offset: -0.05476242
    - vertices: p570(v64) p200(v59) p158(v1)
    - neighboring facets: f262 f288 f287
- f290
    - flags: bottom simplicial
    - normal:   -0.3654  0.01083   0.9308
    - offset: -0.05181964
    - vertices: p71(v65) p707(v49) p328(v19)
    - neighboring facets: f215 f321 f322
- f294
    - flags: top simplicial
    - normal:   -0.7803 -0.03659   0.6244
    - offset: -0.04861938
    - vertices: p357(v66) p707(v49) p405(v12)
    - neighboring facets: f216 f296 f323
- f295
    - flags: bottom simplicial
    - normal:   -0.9143 -0.009863   0.4048
    - offset: -0.04927604
    - vertices: p357(v66) p236(v8) p116(v0)
    - neighboring facets: f47 f296 f304
- f296
    - flags: top simplicial
    - normal:   -0.8719 -0.03948   0.4881
    - offset: -0.04850385
    - vertices: p357(v66) p405(v12) p116(v0)
    - neighboring facets: f239 f295 f294
- f300
    - flags: bottom simplicial
    - normal:   -0.5714    0.395   0.7193
    - offset: -0.06192714
    - vertices: p357(v66) p746(v34) p420(v13)
    - neighboring facets: f144 f301 f325
- f301
    - flags: top simplicial
    - normal:   -0.6568   0.5515   0.5142
    - offset: -0.06678085
    - vertices: p357(v66) p589(v53) p420(v13)
    - neighboring facets: f235 f300 f305
- f302
    - flags: bottom simplicial
    - normal:    -0.739   0.5909   0.3235
    - offset: -0.06699733
    - vertices: p515(v67) p849(v37) p236(v8)
    - neighboring facets: f161 f304 f303
- f303
    - flags: bottom simplicial
    - normal:    -0.714   0.6112   0.3414
    - offset: -0.06748456
    - vertices: p515(v67) p589(v53) p849(v37)
    - neighboring facets: f235 f302 f305
- f304
    - flags: top simplicial
    - normal:   -0.7362     0.58   0.3486
    - offset: -0.06674112
    - vertices: p515(v67) p357(v66) p236(v8)
    - neighboring facets: f295 f302 f305
- f305
    - flags: bottom simplicial
    - normal:   -0.7332    0.582   0.3516
    - offset: -0.06678897
    - vertices: p515(v67) p357(v66) p589(v53)
    - neighboring facets: f301 f303 f304
- f306
    - flags: top simplicial
    - normal:   -0.2259   0.4341  -0.8721
    - offset: -0.1583111
    - vertices: p195(v68) p773(v40) p811(v26)
    - neighboring facets: f171 f312 f308
- f308
    - flags: top simplicial
    - normal:   -0.3487   0.3922  -0.8512
    - offset: -0.1560608
    - vertices: p195(v68) p921(v55) p773(v40)
    - neighboring facets: f243 f306 f313
- f310
    - flags: top simplicial
    - normal:   -0.1557    0.958  -0.2407
    - offset: -0.07632849
    - vertices: p113(v69) p811(v26) p339(v2)
    - neighboring facets: f111 f329 f312
- f312
    - flags: top simplicial
    - normal:   -0.3019     0.58  -0.7566
    - offset: -0.1443574
    - vertices: p113(v69) p195(v68) p811(v26)
    - neighboring facets: f306 f310 f313
- f313
    - flags: bottom simplicial
    - normal:   -0.3167   0.5832  -0.7481
    - offset: -0.1432996
    - vertices: p113(v69) p195(v68) p921(v55)
    - neighboring facets: f308 f327 f312
- f314
    - flags: bottom simplicial
    - normal:   -0.9879   0.1478 -0.04655
    - offset: -0.05326967
    - vertices: p886(v70) p220(v14) p236(v8)
    - neighboring facets: f47 f316 f315
- f315
    - flags: bottom simplicial
    - normal:   -0.4132   0.3445   -0.843
    - offset: -0.1562634
    - vertices: p886(v70) p921(v55) p220(v14)
    - neighboring facets: f243 f314 f317
- f316
    - flags: top simplicial
    - normal:   -0.9217   0.3799 -0.07883
    - offset: -0.06017379
    - vertices: p886(v70) p922(v21) p236(v8)
    - neighboring facets: f161 f314 f317
- f317
    - flags: top simplicial
    - normal:    -0.787   0.5966  -0.1571
    - offset: -0.07094637
    - vertices: p886(v70) p921(v55) p922(v21)
    - neighboring facets: f246 f316 f315
- f318
    - flags: top simplicial
    - normal:   -0.3294   0.1851   0.9259
    - offset: -0.05341322
    - vertices: p390(v71) p746(v34) p720(v5)
    - neighboring facets: f144 f320 f319
- f319
    - flags: top simplicial
    - normal:   -0.3411   0.1793   0.9228
    - offset: -0.05321903
    - vertices: p390(v71) p71(v65) p746(v34)
    - neighboring facets: f324 f318 f321
- f320
    - flags: bottom simplicial
    - normal:   -0.2245   0.1563   0.9618
    - offset: -0.05435046
    - vertices: p390(v71) p328(v19) p720(v5)
    - neighboring facets: f226 f318 f321
- f321
    - flags: bottom simplicial
    - normal:   -0.2456   0.1411   0.9591
    - offset: -0.05407593
    - vertices: p390(v71) p71(v65) p328(v19)
    - neighboring facets: f290 f320 f319
- f322
    - flags: top simplicial
    - normal:   -0.3719  0.01295   0.9282
    - offset: -0.05174852
    - vertices: p696(v72) p71(v65) p707(v49)
    - neighboring facets: f290 f323 f324
- f323
    - flags: bottom simplicial
    - normal:   -0.5885  0.04575   0.8072
    - offset: -0.04941383
    - vertices: p696(v72) p357(v66) p707(v49)
    - neighboring facets: f294 f322 f325
- f324
    - flags: bottom simplicial
    - normal:   -0.4438    0.133   0.8862
    - offset:  -0.051401
    - vertices: p696(v72) p71(v65) p746(v34)
    - neighboring facets: f319 f325 f322
- f325
    - flags: top simplicial
    - normal:   -0.5105   0.1194   0.8516
    - offset: -0.05069829
    - vertices: p696(v72) p357(v66) p746(v34)
    - neighboring facets: f300 f324 f323
- f326
    - flags: bottom simplicial
    - normal:   -0.4114   0.7931  -0.4492
    - offset: -0.1057389
    - vertices: p885(v73) p921(v55) p41(v43)
    - neighboring facets: f246 f328 f327
- f327
    - flags: bottom simplicial
    - normal:   -0.3958   0.7729  -0.4959
    - offset: -0.1118851
    - vertices: p885(v73) p113(v69) p921(v55)
    - neighboring facets: f313 f326 f329
- f328
    - flags: bottom simplicial
    - normal:    -0.252   0.9364  -0.2444
    - offset: -0.07726811
    - vertices: p885(v73) p41(v43) p339(v2)
    - neighboring facets: f193 f329 f326
- f329
    - flags: top simplicial
    - normal:   -0.2236   0.9436  -0.2443
    - offset: -0.07707987
    - vertices: p885(v73) p113(v69) p339(v2)
    - neighboring facets: f310 f328 f327
