3
1000 136 204
0.0369303 -0.0521944 0.00855612 
-0.0194499 -0.00176528 0.0117999 
-0.0414727 0.0181422 -0.117407 
-0.0363091 0.009815010000000001 -0.0675978 
-0.0115609 -0.000558741 0.059966 
-0.0119028 -0.0142028 -0.0800329 
-0.0162676 0.0280436 -0.0391889 
0.0246865 0.0555552 0.0142904 
-0.0125613 0.0583599 0.0360022 
-0.0118527 0.00748751 0.0331815 
0.0311547 -0.0268967 -0.0666108 
-0.0184419 -0.00210796 -0.0109802 
-0.0217383 0.0554521 0.0230604 
-0.0260168 0.0186406 -0.0820502 
0.00388136 0.0190006 -0.0733302 
-0.0187187 -0.0144018 -0.0581013 
0.0449369 0.0119039 -0.00147051 
-0.0183178 0.062008 0.0426365 
0.0283901 -0.0137584 -0.0538484 
0.0209617 0.056547 0.0249074 
-0.00836638 0.0224388 -0.0750297 
0.0322277 -0.0156217 -0.0558279 
0.00660995 -0.00582567 -0.104016 
0.0137227 0.0530306 -0.00349385 
-0.0286264 -0.0306865 -0.124876 
0.0160355 0.0395394 0.026068 
-0.0332659 0.0237525 -0.158053 
0.0171973 -0.0260146 -0.0946091 
-0.0212279 0.0405167 0.0151091 
0.0255571 0.00669744 -0.0345682 
0.0246169 0.0226235 -0.0343306 
0.00285775 -0.0436106 0.0327891 
-0.0298834 0.015913 0.0272771 
0.0403788 -0.0411562 0.0304457 
0.0159351 -0.0252065 -0.107079 
0.00493878 0.00106078 -0.0171159 
0.0118395 -0.0238276 -0.09463779999999999 
0.0176162 -0.00584921 -0.172967 
0.0129731 0.0258725 0.0430345 
-0.0196707 0.0261694 -0.0610905 
-0.0511128 0.0331481 0.0013717 
-0.00823724 0.0407481 -0.0698309 
0.0107004 -0.0107503 -0.09664399999999999 
-0.0260682 -0.0573973 0.0251487 
-0.0172015 0.00771193 0.011595 
0.0143584 -0.037436 0.0282437 
0.0167425 -0.00655551 -0.154393 
-0.0310508 -0.0108932 0.0062485 
0.0224241 -0.0205999 0.0242503 
0.0266061 0.0167111 -0.149205 
-0.00100009 0.00249724 -0.178408 
0.00660202 0.0327633 -0.112016 
0.00721782 -0.00920381 -0.11837 
-0.0412152 0.0272751 -0.0100847 
0.0190133 0.0416894 -0.0378329 
0.0417682 -0.00375612 -0.0687769 
0.0277992 -0.019424 0.009510289999999999 
0.00403601 -0.0228122 -0.0346789 
0.0184591 0.0423286 -0.134076 
-0.0360153 -0.0495985 0.0117252 
-0.00587199 0.0411456 -0.159421 
0.00459906 0.0304948 -0.135282 
0.00594794 -0.00843288 -0.171821 
0.0168908 0.0400162 -0.0195926 
-0.0220732 -0.0455489 0.0211046 
0.0270771 0.0146857 -0.110733 
0.0383398 0.00577416 -0.104346 
0.009212669999999999 0.000629377 -0.172903 
0.0458591 0.0436856 -0.0200456 
-0.022864 -0.0064098 0.0219681 
-0.0265905 -0.0428845 -0.0211381 
-0.0405769 -0.0199217 -0.0252181 
-0.0256402 -0.0455574 -0.0271829 
0.00512318 0.0254313 -0.134878 
0.00748772 0.0112171 0.0359991 
0.0247418 -0.00706347 -0.0569161 
0.0384982 0.019307 -0.150288 
0.008263029999999999 -0.018739 -0.0966571 
-0.0346833 0.0487929 -0.0100904 
-0.00696521 0.0101833 -0.16739 
-0.0150243 0.0180702 0.0268564 
-0.000363064 -0.0423684 -0.138792 
-0.0149307 0.0429868 -0.0215165 
-0.0184223 0.0189206 -0.0495611 
0.010474 -0.0429764 0.0395003 
0.0108437 0.0546783 -0.0109123 
-0.0368318 -0.0553155 0.0177208 
0.0207276 0.0565465 0.0240165 
-0.0331599 0.00326276 -0.052958 
-0.0361714 -0.00172907 -0.0725451 
-0.0119577 0.0596091 0.008721980000000001 
0.00923995 0.00505731 -0.0152758 
0.0262856 -0.0380542 -0.128639 
-0.0176113 0.0220224 -0.0246015 
0.0367111 -0.0044868 0.0102441 
-0.0170788 0.0252729 -0.0387322 
0.00313722 -0.0250131 0.0277671 
0.0131526 -0.00521813 -0.176832 
-0.00647077 -0.00439123 -0.103086 
0.023211 -0.0392099 0.0014033 
-0.00551754 0.0117706 -0.172707 
-0.00756571 -0.029039 -0.149459 
-0.0058287 -0.0448092 -0.161881 
-0.0113652 0.00296062 -0.155269 
-0.00156701 0.0305789 -0.147005 
-0.0359809 -0.0299445 -0.0134227 
0.0309099 -0.0636601 0.0282958 
0.021237 -0.0499078 -0.00200497 
0.00261935 0.0119937 -0.171988 
-0.0135764 0.00759004 -0.0239867 
0.0118477 0.0575267 0.0172979 
-0.0125588 0.0379687 0.0441801 
0.0336702 0.0488751 0.0147478 
-0.0359703 0.00509269 -0.103375 
-0.0258849 -0.0133576 -0.00464476 
0.0138479 -0.0177293 0.0266072 
-0.018877 0.0119924 -0.049102 
-0.00691233 -0.036665 0.0358433 
0.0183049 0.0383855 -0.130068 
-0.0102455 0.0100417 -0.155618 
-0.027206 -0.0318345 -0.143111 
0.0239334 -0.0429471 -0.0179435 
-0.0170734 0.0424321 -0.115991 
0.0226918 0.0433831 -0.0459705 
-0.00169187 -0.0220857 -0.120286 
0.0072985 -0.0274492 0.0106179 
-0.0201183 -0.0536051 -0.0253509 
0.0106249 -0.0291473 -0.146658 
-0.00985343 -0.0366209 -0.0708053 
0.0164464 -0.0312001 -0.0283335 
0.0127923 -0.0356219 -0.0203058 
0.0162271 0.046351 0.0210522 
0.00454079 0.021788 -0.096677 
0.0397237 0.0240826 -0.123875 
-0.0218358 -0.0246985 0.00692178 
0.0153171 -0.0265149 -0.147732 
-0.0198177 0.00641405 -0.160959 
0.0300139 -0.028289 -0.161229 
-0.0296816 -0.0528726 0.014516 
0.0224229 -0.0439477 -0.158012 
0.0151769 0.0623842 0.0308821 
0.0118751 -0.00602426 -0.08674179999999999 
0.0239779 -0.0297413 -0.0044353 
0.0268702 -0.0168721 0.00327959 
0.020541 0.0296091 -0.111941 
0.0216761 -0.046586 0.0447555 
0.018035 0.0110387 -0.00765296 
-0.00270887 -0.0372618 -0.0462476 
-0.0162561 0.0188926 -0.105357 
0.0145915 -0.028445 -0.0981918 
-0.016616 0.0324243 -0.05609 
0.0105383 -0.00440265 -0.0981634 
0.0233651 0.0142052 0.0106301 
0.0279008 -0.0443064 -0.0177149 
-0.0111627 0.0383779 -0.051705 
0.0251403 0.0555563 0.0233466 
0.00661378 0.00695974 -0.120503 
-0.0156559 0.00178303 -0.163536 
0.0407963 -0.0553007 0.00305245 
-0.0237699 -0.00442276 -0.0300588 
0.00527979 0.0528691 -0.0297122 
-0.0160666 0.00385795 -0.104138 
0.017091 0.0555378 -0.030052 
-0.008891929999999999 -0.00438038 -0.120216 
0.0406743 0.000386616 -0.119574 
0.0273585 0.0584949 -0.00570263 
-0.0328962 -0.0483689 -0.009847180000000001 
0.0150345 -0.00189076 -0.172728 
0.0148349 -0.0343157 0.0139288 
0.00895031 0.0159125 0.00404114 
0.0387983 0.00443418 -0.109802 
-0.0360396 -0.0638657 0.0182542 
0.00659433 -0.0253204 -0.149015 
0.0259167 0.00636078 -0.134081 
0.009626900000000001 0.0224099 -0.0754259 
0.0108851 -0.0322466 -0.08362550000000001 
-0.00122371 0.0524976 0.0190165 
0.0302663 -0.0554749 -0.0187287 
-0.00145612 0.0509522 0.0237312 
0.0175998 -0.0140999 -0.0587641 
-0.0302485 0.0419324 -0.0368046 
-0.0294842 0.0511399 -0.0161764 
0.00740562 -0.009893839999999999 -0.00120741 
0.0091854 -0.0261342 -0.0855399 
0.0315644 -0.00774144 -0.0033586 
0.00780092 -0.0365671 -0.06595910000000001 
0.0249453 0.0139718 0.0144855 
-0.0152806 -0.00129297 -0.167314 
0.00458546 -0.042308 -0.126629 
0.009689410000000001 -0.0367606 -0.0620793 
-0.0153135 -0.0349849 -0.08418680000000001 
0.0290012 0.0181315 -0.0549505 
0.00524743 0.0565114 -0.0324265 
0.00787625 -0.02537 -0.0557468 
-0.0270863 0.0430899 0.0006745740000000001 
-0.0399688 -0.0103647 -0.0717155 
0.0359244 0.0595388 0.0121692 
-0.00596323 -0.00488973 -0.160884 
-0.0442218 0.0508423 0.0118612 
0.0172501 -0.0427479 -0.117247 
-0.0198783 -0.00348357 -0.102694 
-0.00257776 -9.76726e-05 -0.171866 
0.0138335 -0.0282951 -0.161108 
-0.008893119999999999 0.0612783 0.0231958 
0.0132056 -0.00627964 -0.0285163 
-0.0104685 0.0143255 0.0452517 
0.00797228 0.0288425 -0.104738 
-0.0449995 0.0139337 0.000607663 
-0.00585819 -0.0495689 -0.0443636 
-0.0171964 -0.017264 -0.0597396 
0.016371 0.0432544 0.0258551 
-0.0222914 -0.0154602 -0.0790294 
0.0266241 -0.0561442 0.0245217 
-0.0329079 -0.0267413 0.00497479 
-0.0110284 0.0194159 -0.145743 
-0.0394894 0.0610491 0.00465814 
-0.0339801 -0.0406487 0.0124941 
0.0129177 -0.0260858 0.0225525 
0.0289394 0.0109516 0.0295484 
-0.0342985 0.0487238 -0.00749607 
0.0228905 -0.0565895 -0.00202718 
0.0348531 0.0530774 -0.011307 
0.0291173 -0.00324045 -0.0538445 
-0.0132672 0.0390332 -0.120778 
0.00456313 0.0233155 -0.121048 
-0.0437928 -0.0400973 0.00896988 
-0.0160193 -0.025105 -0.139499 
0.00258803 -0.0250564 0.0336242 
-0.0173235 0.0476542 0.00662004 
0.00141747 -0.0330176 -0.119378 
-0.022423 0.0413832 0.0132757 
0.0202824 0.0100764 -0.057892 
-0.00165135 -0.00304409 -0.0228603 
-0.0302464 0.00785857 -0.0928886 
0.0424536 -0.0144635 -0.113254 
-0.0157399 0.0489652 0.0088202 
0.0166162 -0.0253708 -0.118634 
-0.0281075 0.0283531 -0.122659 
-0.00369615 0.0406429 -0.0682103 
0.0307327 0.000251343 0.0041473 
-0.00179677 -0.0247704 -0.0687957 
0.0175059 0.0484978 0.0191068 
0.0278325 0.0152145 -0.059361 
0.0199172 0.0346508 0.0131925 
-0.00603234 -0.0317379 -0.0604958 
-0.031695 0.0203271 -0.0581603 
0.00395086 0.0351724 -0.101751 
0.0284345 0.0366271 -0.0314713 
0.0393288 -0.0250237 -0.136151 
0.0317862 0.00469763 -0.107522 
-0.0182648 0.0614525 -0.0170634 
0.0105181 0.0168232 -0.0235977 
-0.0282886 0.009604110000000001 -0.0885031 
0.0131295 -0.0508993 -0.0421555 
0.0262485 -0.0226609 -0.0802638 
0.0303117 0.00627553 -0.147883 
-0.00464938 0.00289906 0.0117763 
-0.0349516 0.00352226 -0.00580686 
0.0158291 -0.0528439 -0.0255324 
0.0114073 0.014051 -0.0434801 
-0.009153959999999999 -0.00122962 -0.08411390000000001 
-0.0442089 0.0374023 -0.009283029999999999 
0.0196143 -0.0127528 -0.085246 
-0.0366278 0.0610556 0.0158687 
-0.0308659 0.00556081 -0.07044350000000001 
-0.00205648 -0.0261331 -0.116658 
0.0266089 0.00081028 -0.124562 
-0.0064823 0.0158782 0.00518295 
-0.0277604 -0.0141838 -0.0541497 
-0.00328978 -0.048019 -0.048163 
-0.0352005 0.00656764 -0.0302031 
0.0199281 0.0575446 0.0114991 
0.0259172 -0.0529423 0.0213995 
-0.0180794 0.0111157 -0.148743 
-0.00413141 -0.0182492 -0.0490229 
0.000703953 0.00831673 -0.0381924 
0.00841653 -0.00889933 0.0574385 
0.0222782 -0.00584891 -0.156856 
-0.00887976 0.0350241 -0.0675707 
0.0136066 0.0438948 -0.0231599 
-0.00044093 -0.0307526 -0.127552 
-0.0198997 0.0118735 -0.16549 
0.00816826 -0.0453858 -0.149114 
-0.0408977 0.0554092 -0.0092686 
0.00966961 -0.0155782 -0.0338262 
-0.0251526 -0.0492136 0.0204837 
-0.009463249999999999 -0.00414253 -0.0191175 
0.00579693 0.0224333 -0.08827019999999999 
-0.0288636 0.0119713 -0.0976457 
0.0134465 -0.032595 0.0156071 
-0.0159668 -0.0308345 -0.0883148 
0.0431644 -0.0113606 -0.153483 
0.0346058 -0.00855059 -0.0473362 
0.0209907 0.017073 -0.123997 
0.0138966 0.0608421 0.0108228 
-0.0164678 0.0264882 -0.0947906 
0.00746154 -0.00244088 -0.096207 
-0.005909 -0.0289282 -0.0330798 
0.0289794 0.0612007 -0.0359398 
0.00322188 0.0118931 -0.103034 
-0.0187322 0.0442961 -0.0403898 
0.000995042 0.0347792 -0.0694126 
-0.0114558 -0.0114713 -0.0792259 
0.00248321 -0.0459595 -0.133974 
0.040467 0.00415336 -0.0301963 
-0.00112235 0.00991031 -0.173129 
0.008458500000000001 -0.00132708 0.00197629 
-0.0196844 -0.035898 -0.157672 
0.0249332 0.0153054 -0.00312191 
-0.0175953 0.0460857 0.000312783 
0.0111193 -0.0129569 -0.0852916 
-0.0232444 0.035035 -0.0355169 
-0.0345528 0.0246286 0.0247014 
-0.0330504 -0.0535735 0.007985519999999999 
0.0306939 0.0612047 -0.0222634 
0.0237673 0.0530533 0.030147 
-0.0177834 -0.00320077 -0.06639639999999999 
-0.00856207 0.0210954 -0.0904986 
0.0212947 -0.0366854 0.0405531 
-0.0439135 0.0299027 0.0196877 
-0.00973419 -0.0141938 -0.115323 
-0.020738 0.00424711 0.00252437 
-0.00290571 -0.0363257 0.0228419 
-0.008079299999999999 0.0214364 -0.154396 
-0.0143315 -0.0237679 -0.124186 
-0.0217694 0.0406708 0.0424822 
0.0210622 0.0510018 -0.0101811 
0.043747 0.0350736 0.0155205 
0.0110922 0.013303 -0.0266606 
0.0279168 0.0020229 -0.0264945 
0.0159295 -0.0311914 -0.0727889 
0.00779978 0.0377637 -0.079322 
-0.0181966 -0.0427508 -0.154241 
-0.0272244 -0.0140203 -0.0968475 
0.0157767 0.0221485 -0.048916 
0.0390238 -0.0255804 -0.147981 
-0.0142714 -0.00435003 -0.122428 
0.0393358 0.00769347 -0.00273597 
0.0218881 -0.00103371 -0.0578834 
-0.0247932 -0.0143549 0.0170308 
8.10437e-05 -0.0107887 0.0109064 
-0.0216164 -0.0333156 -0.119939 
-0.0282981 -0.00174214 0.0105236 
-0.010988 0.0649757 -0.000520962 
-0.009564670000000001 0.0016631 -0.07758 
0.00986685 -0.0455373 0.0490048 
-0.016589 0.00747796 -0.158941 
-0.0383709 0.0554151 0.0188326 
0.0274875 0.0165901 -0.0903185 
-0.023208 0.0526186 0.00622551 
0.0237612 -0.0214599 -0.09329759999999999 
0.010748 -0.0192135 -0.118352 
0.0193646 -0.0380858 -0.139439 
0.0312802 0.0291587 0.0284019 
-0.0346239 0.0332205 0.0246164 
-0.0228352 0.00249348 -0.0786694 
-0.0046971 0.0258585 -0.042075 
0.03196 0.0297141 -0.0337017 
0.0255187 0.0470772 -0.014575 
0.0117553 0.0240979 -0.102988 
0.0158673 0.0179493 -0.0566315 
-0.00129073 0.0482295 -0.0320269 
0.0356457 -0.015459 -0.083228 
-0.0295238 0.0111341 -0.0240068 
0.00323352 -0.0111159 -0.168935 
-0.0443787 -0.00413378 -0.15597 
0.023653 0.019458 -0.1599 
0.013576 0.0555306 0.0259979 
0.0198302 0.025273 0.0164377 
0.0213351 0.012912 -0.0146248 
0.00162742 -0.0064254 0.0252523 
0.00299488 -0.0409931 0.0259021 
0.0239369 -0.0114802 -0.158986 
-0.0115633 0.0236164 -0.0233033 
0.00135101 -0.0291284 -0.0167899 
-0.0127442 0.000832279 0.0530808 
0.0319858 -0.0368356 0.0205971 
-0.0280336 0.008869749999999999 -0.150233 
-0.0141263 0.0271539 -0.0540766 
-0.00722411 0.00977888 -0.163491 
0.0445311 -0.0380618 -0.0130818 
0.0267445 -0.0285775 -0.0380291 
0.0216843 0.0486801 -0.00427322 
0.009519369999999999 0.0186916 -0.051544 
-0.00234011 0.0611311 -0.0411522 
0.0128196 -0.018653 -0.158003 
0.0166113 -0.0393886 -0.149855 
0.025647 0.0121111 -0.076061 
-0.0354713 0.01148 0.018346 
-0.0233546 -0.0194612 -0.00958663 
-0.0389538 -0.0467931 0.0294046 
-0.0490078 0.0297998 -0.0067284 
0.008861590000000001 -0.0404678 -0.156982 
-0.0307834 0.00205487 -0.155534 
-0.0376003 0.0487864 -0.0120105 
-0.0213261 0.00658749 -0.0373705 
-0.0204391 0.0402874 0.0161526 
0.0236554 0.0311392 -0.0106341 
-0.009431109999999999 0.0233308 -0.117281 
-0.0290692 0.019472 0.0310033 
-0.0274186 -0.0124185 -0.0844983 
-0.0400549 0.0208764 -0.155875 
0.0118911 -0.0167874 -0.11875 
-0.0064796 -0.0384108 0.0245035 
0.0264472 0.00276539 -0.125767 
0.0156232 -0.0172199 -0.143739 
-0.0151129 0.0510001 0.0105766 
0.009256260000000001 -0.0405135 -0.119273 
0.0306333 -0.0674324 -0.0222478 
0.00267626 -0.0161319 -0.110037 
-0.00410604 0.061294 -0.012611 
0.0259577 -0.0272682 0.043336 
0.0275849 -0.014824 -0.125468 
0.0297547 0.0188465 -0.07297720000000001 
0.0268552 -0.0234196 -0.00293258 
0.0242312 -0.0213665 -0.0600034 
0.00357226 0.0394926 0.025716 
-0.0181314 0.048414 -0.0267614 
-0.0296808 -0.009816480000000001 -0.158049 
0.0197018 0.0361065 -0.0660319 
0.0162426 -0.0142636 0.0248879 
0.0169234 0.0159482 0.025551 
0.00420635 0.0357413 0.0255452 
-0.00842556 0.0224655 -0.0799836 
0.0352053 -0.0119017 -0.102791 
-0.0184819 -0.0109295 -0.15634 
0.0179746 0.0265204 -0.101741 
0.00610911 -0.0261895 -0.107582 
0.0298496 0.0444943 0.00937558 
-0.037133 0.0228146 0.0202478 
0.00705236 0.00706592 0.0198793 
-0.0498307 0.0408893 -0.00701544 
0.0256251 0.0479524 0.00130691 
0.0352653 -0.0454216 0.0165222 
-0.00836638 -0.0222175 -0.09474630000000001 
0.00629437 0.0420504 -0.145271 
0.0446587 0.0114923 -0.15542 
-0.00874597 -0.0142614 -0.154708 
0.0103236 -0.00906056 -0.122296 
-0.0229762 0.0575063 -0.00218318 
-0.0258772 0.0117387 0.00757049 
0.023339 -0.0198575 0.0421258 
-0.00866752 -0.0054902 -0.0179482 
0.00791652 -0.0155445 -0.097216 
0.00393783 -0.0408741 0.0132391 
-0.0308203 0.0151762 -0.158517 
0.025096 0.0309588 -0.0175834 
0.00668387 0.0497446 -0.0312714 
0.00327209 0.00439654 -0.00225387 
-0.008259789999999999 -0.025342 0.00179381 
-0.0409648 0.0638957 -0.00710711 
-0.0176731 0.000154843 0.0477908 
0.0209487 0.0242657 -0.0991089 
0.0224936 0.0260298 -0.0720553 
-0.019213 0.0630732 0.00245874 
0.01305 -0.012271 0.00245662 
0.000845299 0.00121157 -0.160167 
-0.0202353 0.009464510000000001 0.0298777 
-0.0131208 -0.0331567 -0.0302639 
-0.0132021 0.0211911 -0.104348 
-0.0327506 -0.0187404 -0.0687286 
-0.0313619 -0.0203007 -0.0396162 
-0.0189605 0.0249776 -0.09240909999999999 
0.000507071 -0.0317438 -0.100023 
0.00365994 0.0448119 -0.162192 
0.00656534 -0.0429858 -0.0272087 
-0.0357408 -0.06357930000000001 0.0200197 
-0.0260725 0.0448816 0.00582437 
0.021692 -0.0220542 0.0109728 
0.0193634 -0.0221071 -0.106134 
-0.00439536 -0.0253772 -0.137856 
-0.0294465 0.009737330000000001 -0.122494 
0.0399705 0.0115342 -0.164175 
-0.008044829999999999 -0.0315239 0.00444681 
-0.0281899 -0.0494485 -0.0215971 
-0.0075892 -0.0154462 -0.176024 
-0.00742077 -0.0246608 -0.138547 
0.0201791 0.0316671 0.0401475 
-0.00699758 -0.0455153 0.034444 
-0.026561 -0.0126059 -0.0230728 
-0.0307462 -0.00419387 -0.0348483 
-0.0323474 -0.0253865 0.00208212 
0.0300325 0.0140208 -0.0761584 
0.00544645 0.00663301 -0.0279392 
-0.0408977 0.0046666 -0.124379 
0.008371689999999999 -0.0359342 -0.117342 
0.0349702 -0.0634227 -0.0221943 
-0.0111069 -0.00466561 -0.0281053 
-0.00583327 -0.0299279 -0.109918 
-0.00149658 0.050845 -0.0366969 
-0.0150088 0.0484673 0.0435321 
-0.00212386 -0.0280547 -0.0276331 
0.0401431 -0.0155552 -0.135694 
-0.0434548 -0.00410127 -0.160302 
0.0176021 0.0398075 -0.0499424 
-0.0168318 -0.0334228 0.0299575 
-0.0327225 0.0629477 0.0143979 
0.0462553 0.0486026 -0.0221614 
0.011787 -0.00842359 0.0195624 
0.0115448 0.0458534 -0.0205811 
-0.0259929 -0.0469903 0.0215363 
-0.0140045 0.0273172 -0.0194849 
0.0260044 -0.0394701 -0.15552 
0.0126185 -0.0273957 -0.0303781 
0.00612075 0.0134615 -0.103019 
0.0332386 -0.00291536 -0.07417269999999999 
0.000625813 -0.0180077 0.0378221 
0.0410455 -0.0522985 0.0179993 
0.0317407 0.0225891 -0.105431 
-0.0265673 -0.0241437 -0.06669659999999999 
-0.0423368 0.041378 0.00421425 
-0.0269208 -0.00361082 -0.0274923 
0.0113913 -0.0304444 -0.0766408 
-0.0370231 0.00740504 -0.0235513 
0.0371844 0.0200574 -0.159391 
-0.007983229999999999 0.0287286 -0.119855 
-0.015965 0.0198596 0.0204836 
-0.037837 -0.0495289 -0.00184465 
-0.041067 -0.00192651 -0.071475 
-0.00401394 -0.0255148 -0.148005 
0.0153952 0.0388375 -0.154997 
-0.00183844 -0.0422668 -0.126335 
-0.0315337 0.0262426 -0.158318 
-0.0175488 0.0503365 -0.0137001 
0.000464839 0.0383649 0.0306887 
-0.011576 0.0221587 -0.0943764 
-0.0212395 -0.0403748 -0.124137 
-0.0289198 -0.0479199 -0.0075504 
0.0339995 0.00469359 0.000210011 
0.0204133 0.0103114 -0.155168 
0.00931678 -0.045479 0.0382876 
0.0185271 0.0283943 0.0379393 
0.01393 0.0360874 -0.0398654 
-0.0198598 0.0372249 0.049126 
-0.017283 -0.0261867 -0.0915258 
-0.0199138 -0.0210075 0.00751239 
-0.0282236 -0.00391663 0.0136925 
-0.007764 -0.0228649 -0.0540424 
-0.00255158 0.048995 -0.0313242 
0.0290493 -0.0336337 0.0160809 
-0.0363147 -0.0285975 -0.0289084 
0.0134294 -0.0203577 -0.15428 
-0.0303646 -0.06356729999999999 0.0291913 
-0.0167598 -0.0144699 -0.142376 
0.021128 0.0290647 -0.0499166 
0.0144438 -0.00491778 0.0110116 
0.000129444 -0.0298902 -0.111566 
-0.00345079 0.0588923 -0.0147658 
0.000821465 0.0544019 -0.00330445 
-0.0354485 0.0139095 -0.0806438 
-0.0288172 0.00052356 -0.10172 
0.0272932 -0.0383947 -0.158684 
-0.008883729999999999 -0.0317223 -0.118304 
0.000709791 -0.0124415 -0.105125 
0.0163398 0.0343607 -0.0623122 
-0.0272093 -0.0110563 -0.0924422 
0.0163388 -0.00360608 0.009642919999999999 
0.0217491 -0.0357348 -0.153706 
-0.00776897 0.00568752 0.008399820000000001 
-0.033054 -0.0251303 -0.151337 
-0.0255464 -0.014945 -0.09683849999999999 
0.0435276 0.0168052 -0.139124 
-0.00584787 -0.0380979 -0.157061 
0.016153 0.00408604 0.0115635 
-0.0215067 0.00160575 -0.119577 
-0.027441 -0.0314253 0.0175596 
0.0020906 0.0423505 -0.136833 
0.0275979 0.0119163 -0.0986345 
0.0330963 0.00367352 -0.00285459 
-0.0478322 -0.0519721 -0.000797084 
-0.00618756 0.0316782 -0.0818677 
-0.00300345 -0.00495685 -0.0137085 
-0.0430948 0.0610411 0.008170409999999999 
-0.0107182 -0.0228856 -0.0942805 
-0.0408696 -0.0163976 -0.160807 
-0.0297529 0.00117824 0.00484218 
-0.0163329 -0.045536 0.0359583 
-0.0103072 0.0235268 -0.133509 
-0.00363859 -0.0236451 -0.00648016 
0.0157359 0.0140896 -0.118325 
0.0307479 -0.020072 0.00769042 
-0.0092657 -0.0240664 0.0263735 
-0.0357021 -0.0205309 -0.124351 
-0.0230384 0.00145976 -0.107589 
0.0201393 -0.0108243 0.0153538 
-0.0152139 0.0275801 -0.0712183 
0.00262906 0.00771335 -0.109176 
-0.0235915 -0.00916486 -0.103053 
-0.0100978 0.0330051 -0.07223019999999999 
0.0156493 -0.0399648 0.0446413 
-0.0170106 -0.0541222 0.0304014 
-0.0376122 -0.0400839 -0.0174067 
0.0335116 0.0182301 -0.0580856 
-0.0176101 0.00301099 0.00964217 
-0.00193354 0.0211897 -0.0257323 
0.0108521 -0.0336974 -0.09816469999999999 
-0.0355312 -0.036729 0.00388779 
0.009838700000000001 0.0380059 0.0463149 
-0.0114691 -0.022912 -0.125744 
-0.008911840000000001 0.00631098 -0.0417525 
0.0268836 -0.00229347 -0.0493724 
0.0156976 -0.0309866 -0.0665917 
-0.0267653 0.0109107 -0.00335974 
0.0114087 0.0189326 -0.043506 
-0.00699194 -0.0230523 0.0181182 
-0.0358362 0.0203105 0.022588 
0.0278444 0.00522245 -0.0803323 
-0.0252723 -0.0242173 -0.107101 
-0.0186858 0.036424 -0.0180295 
-0.0190596 -0.050809 0.0286006 
-0.0224673 0.0267831 -0.06679649999999999 
0.015097 0.0106655 -0.0769478 
-0.0181417 0.00700989 0.0154425 
0.00411557 -0.00248058 -0.158215 
0.0110302 -0.00494787 0.0360721 
0.0254358 -0.0102319 -0.0995962 
0.013056 0.0177212 -0.111982 
0.0365409 0.0498113 -0.00275884 
0.0354556 0.00767885 0.003064 
-0.0159674 0.0389456 -0.140361 
0.0252011 0.0527652 0.00701639 
-0.0475277 0.0386794 -0.000628502 
-0.024472 0.0168793 -0.0425913 
0.0291582 0.0470925 0.0297021 
-0.0117688 0.0588739 -0.00636316 
-0.0119894 0.0180724 -0.154939 
0.0113577 -0.0254818 -0.0275421 
0.0196078 0.0200678 -0.0939477 
-0.0166628 0.000268793 -0.0884407 
-0.000600937 0.00596119 0.00594353 
0.000360384 0.009548940000000001 -0.0780122 
-0.00361967 -0.0394831 -0.0748041 
0.00548818 0.0494047 -0.012089 
-0.0252703 -0.0182159 -0.00119807 
0.007958649999999999 -0.0109793 -0.17836 
0.00556417 0.00278405 -0.160837 
-0.0124264 0.0181196 -0.0228021 
-0.02112 -0.0209633 -0.0464856 
0.0448246 0.010584 -0.070674 
-0.00456645 -0.0455098 0.0376517 
-0.0287016 0.0340507 0.0313865 
-0.00534077 -0.0435167 -0.1552 
-0.0249096 0.03278 -0.157888 
-0.0349929 -0.045578 -0.0104741 
-0.0140002 -0.047031 0.0218103 
0.0172993 0.00614775 -0.104824 
0.0168888 -0.0310249 -0.00257306 
-0.0304719 0.00587525 -0.09683990000000001 
0.0294834 0.0474805 -0.0290632 
-0.0242715 -0.0432213 -0.0220942 
0.0142657 0.0262864 -0.0485832 
-0.0188887 -0.0378288 0.00709597 
-0.0404418 0.0334624 -0.0198688 
-0.0110145 0.0414564 -0.0695066 
-0.011618 0.0222851 -0.088661 
0.0103878 -0.008170800000000001 -0.0231502 
-0.013372 -0.0356796 0.0163465 
0.0293746 0.031169 -0.130225 
-0.0455569 0.0490357 -0.00477651 
0.0373451 -0.0215531 -0.150217 
0.00339833 -0.00690584 -0.158416 
-0.0126501 0.063972 -0.00750104 
-0.00518718 0.00258754 -0.00487362 
0.0009935460000000001 0.0410017 -0.05141 
0.0119762 0.0185765 -0.103651 
0.0134608 -0.0157097 -0.118337 
-0.0374617 -0.00290855 -0.0680283 
0.018107 -0.00684186 0.0260617 
0.00918413 0.0615137 0.0368015 
0.0321031 -0.000610502 -0.0681606 
0.016066 0.00713578 0.00429881 
-0.0340727 0.0547143 0.0291458 
-0.0160291 -0.0171662 -0.118757 
0.00330743 0.0237749 -0.119628 
0.0195031 0.0354097 0.0375293 
-0.0120569 0.0461656 -0.0194244 
0.008298130000000001 -0.0249733 -0.116602 
0.0229061 -0.0227102 -0.154213 
-0.0256321 -0.0473568 -0.0153625 
0.0279235 0.0615565 0.0146604 
0.0166172 -0.0440662 -0.0476808 
-0.0101319 0.0288003 -0.124174 
0.0314137 -0.0487726 0.0116123 
-0.0231612 0.009900580000000001 -0.130826 
-0.0364941 0.0459187 -0.0262333 
-0.00888948 0.00582404 -0.041256 
-0.0387908 -0.0470841 -0.0221761 
-0.00555323 0.0509181 0.025455 
0.0191179 -0.0399581 -0.0389882 
-0.0201072 0.00646583 0.0378421 
-0.000747815 -0.00752954 -0.00741667 
0.0121666 -0.038512 0.0359721 
-0.00955374 0.0509086 -0.0245983 
-0.0306282 -0.0129602 -0.008136300000000001 
0.0306052 -0.0177092 -0.0858766 
-0.0162908 0.0181004 -0.0774738 
-0.0323485 -0.0489845 0.0310657 
0.038511 0.008066759999999999 -0.161183 
0.00348194 0.0110878 -0.0254135 
0.0343327 0.0450034 0.0389156 
0.0286221 0.011515 -0.132771 
0.0319487 -0.0338106 -0.157644 
0.032231 0.024345 -0.119513 
0.02086 0.0373695 -0.133749 
-0.00342253 0.0155561 -0.0545247 
-0.0268993 0.025126 -0.112196 
-0.0107322 0.0377132 -0.06605850000000001 
-0.0168139 0.0265633 -0.0938991 
0.0126657 -0.0122718 0.00361111 
0.00713334 0.0604161 0.00823135 
0.0179638 -0.0264428 -0.111955 
0.0108475 -0.0300069 -0.09291199999999999 
0.00435945 0.0177355 -0.159446 
-0.00120466 -0.0118093 -0.178409 
0.0123029 0.0289801 0.0488728 
-0.0142126 0.0396444 -0.136768 
0.0181065 0.0261571 -0.111573 
0.00930836 0.0590207 -0.0102876 
-0.0144083 -0.0395776 -0.14984 
-0.0300318 0.00255243 -0.0239141 
0.0227883 -0.0407658 0.0385532 
0.0256377 -0.00756778 -0.153632 
-0.00508805 0.0469944 -0.0167109 
0.0210745 0.0160464 -0.0366886 
-0.00123024 0.0588973 -0.00652502 
0.01015 0.0516836 -0.0180899 
-0.00742968 0.0111831 -0.0333958 
-0.000941689 0.0123319 0.0510821 
0.0047808 0.0515749 0.0248394 
0.0295158 -0.0203508 -0.0558424 
0.0268188 0.00615279 -0.120444 
0.0355392 -0.0125266 -0.156839 
0.0158886 0.0170895 -0.093474 
0.00666409 -0.0246354 -0.0145329 
-0.0292048 -0.0205049 -0.00141694 
0.0215091 0.0276743 0.0102993 
0.0345346 -0.032044 0.000605852 
-0.00433731 -0.0156201 -0.169979 
0.022524 0.0555505 0.0292829 
-0.0415735 -0.0440913 0.0284819 
-0.0190611 -0.0505779 0.0230671 
-0.0104189 -0.010906 -0.0274689 
-0.0165435 -0.0216288 -0.0540895 
-0.0372757 0.0496474 0.00931383 
0.0485163 0.0356725 0.02026 
0.00675483 -0.0356153 -0.0723148 
0.0247608 -0.0391736 -0.038874 
0.0168189 -0.0454632 -0.0351942 
0.0258755 0.0179068 -0.0945339 
-0.00129094 0.0315681 -0.07335800000000001 
-0.00573645 0.06397460000000001 0.044545 
-0.00252608 -0.00666994 -0.00306363 
-0.0286715 -0.0468549 -0.00803688 
-0.00371349 0.0188997 -0.116072 
0.0412107 0.0204583 -0.00966589 
0.0219405 -0.0334947 0.00741316 
-0.0231337 0.0123366 -0.0331351 
-0.0186314 0.016447 0.00834026 
0.0314459 0.0141539 -0.0743521 
0.0302878 -0.0317209 0.0151876 
-0.0299196 -0.0259869 -0.0354356 
0.0047865 -0.0428149 -0.0347056 
-0.0253687 0.0138612 -0.09364889999999999 
-0.0323796 -0.0139681 -0.0478403 
0.0189751 0.00409219 0.0013766 
0.000486295 -0.0459895 -0.131049 
-0.00596205 0.0158791 -0.0126957 
-0.00471056 0.00623947 -0.00659352 
0.0251874 0.0525219 -0.000873755 
0.00617092 0.00306336 -0.0306409 
0.0436034 0.0497138 0.0046083 
0.0238927 0.0160033 0.0115701 
0.00689577 -0.0144982 -0.0531434 
0.0224511 -0.0122503 -0.0148715 
-0.008570299999999999 -0.0337794 -0.157974 
0.0223706 0.0318768 -0.071381 
-0.00380326 -0.036533 -0.0713592 
-0.00667269 -0.0227367 -0.116087 
0.00942455 0.000817601 0.0455332 
0.0249995 -0.0154287 -0.0248345 
0.0187437 0.00114086 -0.010573 
-0.0152698 -0.0203134 -0.164472 
-0.000547656 0.0172897 -0.08535420000000001 
-0.0229901 3.87913e-05 0.0204051 
0.00254973 -0.0414233 -0.122806 
0.0252281 -0.0393518 -0.0704177 
-0.041797 0.0312207 0.0070658 
-0.0123461 -0.0364939 -0.157956 
-0.0434277 -0.0193507 -0.150242 
-0.00816334 -0.0474056 -0.0327678 
0.0132023 0.0509597 0.0227975 
0.020139 0.0197615 -0.111117 
0.00361151 0.0137859 -0.172071 
-0.00259296 0.0590442 -0.011312 
-0.00474504 -0.00661014 -0.104416 
-0.0367348 0.0318732 0.0210357 
0.0401446 -0.0212945 -0.0687856 
-0.00885009 -0.040864 -0.07239909999999999 
-0.0236192 -0.009001479999999999 -0.118273 
-0.008522750000000001 -0.0469292 -0.158654 
0.0255535 0.0279896 -0.0161269 
0.00918998 -0.0142799 -0.0259067 
0.0131274 0.0159795 0.0235127 
0.0208094 0.0527164 0.00450276 
0.0246774 0.00138593 0.0122004 
0.0250807 0.0281099 -0.00640129 
0.0444317 0.06408560000000001 0.00832857 
0.0131115 -0.0195567 -0.108697 
0.0291974 0.013617 -0.101007 
-0.0190317 -0.0221351 -0.0204036 
0.0141372 0.0484588 -0.0391597 
0.0389979 -0.00396505 -0.0712918 
0.018426 -0.00675169 -0.0489018 
0.0107225 -0.0115904 -0.07776039999999999 
-0.000113829 0.0158386 -0.172678 
0.0318239 -0.0140724 -0.08182979999999999 
0.0165596 0.009540160000000001 -0.164501 
-0.0017759 -0.0246544 -0.0309971 
-0.0110926 -0.0277754 -0.129915 
-0.0118313 0.0159235 -0.0242737 
-0.00309646 -0.0277193 -0.0846055 
0.025615 -0.0438078 0.031976 
0.000829598 0.0152091 -0.0849362 
5.38543e-06 0.0606895 0.0192118 
-0.0360874 -0.0525185 0.0227445 
0.00564435 -0.00718409 -0.106825 
-0.008832420000000001 0.000588326 -0.0231673 
-0.0162448 -0.00698469 -0.111763 
-0.0379685 0.0461499 -0.0287368 
-0.0156206 0.0349344 -0.09002590000000001 
-0.0352438 0.0622718 -0.00324693 
0.0339417 -0.0497382 0.00940626 
0.0178884 -0.0194189 -0.136813 
-0.0187776 0.0212556 -0.155372 
-0.037134 -0.056419 -0.0179537 
-0.0242557 -0.0414828 -0.0203553 
-0.0419073 0.0209605 -0.15104 
-0.0304602 0.0495922 0.008063259999999999 
0.008255800000000001 -0.027278 -0.104007 
-0.0109614 -0.0291414 -0.157827 
0.0152017 0.0129268 -0.0374839 
0.009260630000000001 -0.0451406 -0.128364 
-0.00488274 -0.0346609 0.00118936 
0.0281189 -0.0142374 0.010888 
-0.0379365 -0.0174316 -0.129888 
0.0162695 0.0103643 -0.0723544 
-0.0177637 -0.00453136 -0.151532 
-0.00610799 0.0104915 0.050968 
-0.0331849 0.0187764 0.0262026 
0.0209171 0.0477799 0.0168994 
0.00637092 0.0262349 -0.116503 
0.0284005 -0.022683 -0.157807 
-0.0260225 0.0127371 -0.0928957 
-0.0166057 0.0442226 -0.00571741 
0.0302184 -0.00323932 -0.100435 
0.0239229 0.0302913 2.05561e-05 
-0.00319368 0.0500924 0.0268035 
0.0155475 0.00286261 -0.153921 
-0.00666608 -0.0233062 0.00323634 
0.0340494 -0.0446624 -0.0100294 
0.0144716 -0.0211939 -0.09073299999999999 
0.0241531 0.0112049 -0.149075 
-0.0206813 -0.0206849 -0.0156377 
-0.0219006 -0.0143486 0.0102835 
0.0418533 0.0460929 -0.0195538 
-0.035553 -0.0528743 -0.012835 
0.0269735 -0.0173844 -0.0720408 
-0.0278107 0.0313045 -0.150654 
-0.008487669999999999 0.0013076 0.0298382 
0.0317452 -0.0400343 0.00207503 
0.0099849 -0.0307031 -0.0732975 
-0.0160709 0.06356630000000001 0.0318361 
0.0230017 0.0486949 -0.0138576 
0.00347853 0.0353087 -0.101844 
-0.023252 -0.0348455 -0.148969 
-0.00292571 -0.0292537 -0.0903359 
-0.0404937 0.0109723 -0.112269 
-0.0314645 -0.0332946 -0.0224612 
0.0413497 -0.0412601 0.0290815 
-0.0159619 0.0222786 -0.0178303 
0.000543555 -0.00268793 -0.166107 
0.0234458 -0.0394344 -0.0399109 
-0.0190015 -0.0470183 0.0278637 
0.0222609 -0.0203488 -0.07323159999999999 
-0.0181837 -0.0410406 -0.00608961 
0.0330997 0.0132306 -0.0946516 
0.00998339 0.023574 -0.0982789 
0.0121978 -0.0225278 -0.08371960000000001 
-0.0291444 -0.00740855 -0.124869 
0.0162441 0.0400289 0.0259381 
0.016301 -0.0206139 -0.00688438 
-0.0212878 0.0160229 -0.164504 
0.00692875 0.012864 -0.0792885 
0.0200288 0.0324265 -0.156852 
-0.00680271 -0.0159383 -0.166156 
0.0283042 0.019697 -0.080485 
-0.0144978 -0.0210001 -0.124767 
0.0312191 -0.00817583 -0.101215 
0.010407 0.0286637 -0.108191 
0.0346329 -0.0234794 -0.15971 
-0.0362452 0.0564197 0.00915959 
-0.00331492 0.00599483 0.0422464 
0.0442023 -0.0143823 -0.121465 
-0.0138643 0.0166974 -0.0161486 
-0.0133376 -0.0570561 -0.0184398 
-0.016052 -0.00962756 -0.0830612 
0.0168254 -0.0053298 -0.00550403 
0.0237777 0.0299723 0.0017133 
0.0080328 -0.0343665 -0.09248439999999999 
0.00229613 0.0238601 -0.08433889999999999 
-0.0260871 0.0210895 -0.0333041 
-0.0270742 -0.0292656 0.0193301 
-0.0154921 0.0135811 -0.07957110000000001 
0.0200101 -0.0104923 0.042108 
0.00803861 -0.0125527 -0.0802583 
-0.0223024 -0.01992 -0.0583515 
-0.0320305 -0.0163175 -0.06703539999999999 
-0.0145836 -0.0062982 -0.11313 
-0.0253101 0.0200945 -0.07248690000000001 
0.0435506 0.0103289 -0.151935 
0.0161326 0.0258385 -0.11783 
-0.00390082 0.0265856 -0.119569 
-0.0123855 -0.0143272 0.0284873 
-0.0174484 -0.0206891 -0.027071 
0.00338459 -0.0258656 -0.149506 
0.0279085 0.00262184 -0.12396 
0.0310783 0.0117806 -0.157723 
0.0153024 -0.0356163 -0.0221825 
-0.0141089 0.00194534 -0.113127 
-0.00438425 -0.0430094 0.0398197 
-0.000706371 -0.0301363 -0.144868 
0.0400247 -0.0399109 0.0228572 
0.013502 0.0355268 -0.0662317 
0.0170707 -0.0260849 -0.145022 
-0.0190378 -0.00484642 -0.06648419999999999 
0.0230151 -0.00133354 -0.154818 
-0.0183905 -0.0378164 -0.140538 
0.0137668 -0.0358152 0.0295956 
0.008575050000000001 0.0264221 -0.08809980000000001 
0.0276631 -0.0147556 -0.129914 
0.0350428 -0.0623504 0.0151902 
0.020577 0.0235066 -0.135386 
0.0102064 0.0590226 -0.0186033 
-0.0309863 -0.038645 -0.0186484 
-0.0279378 0.0564378 -0.0195516 
-0.0360173 -0.049126 -0.0117076 
-0.0261021 0.0276905 -0.10775 
-0.0171501 0.0307122 0.0194527 
-0.0236795 -0.0294705 -0.07077559999999999 
-0.0411781 0.040909 0.0308717 
0.0257873 0.0148073 -0.00574699 
0.0157858 -0.0266473 -0.107274 
0.00605577 -0.0420656 -0.136105 
-0.0168899 -0.0608921 -0.0285531 
-0.00351584 -0.0286897 -0.0224832 
0.0116597 0.0315802 -0.0712414 
0.0234611 -0.0398868 -0.131885 
0.00324709 -0.00436583 -0.0307533 
-0.0438418 0.0110094 -0.130929 
0.0238085 -0.0373379 -0.153166 
0.0298801 -0.000763162 0.00637516 
-0.0262029 -0.0248605 -0.115131 
0.00384472 -0.0379175 -0.0677918 
-0.0304658 -0.0538822 0.0115702 
-0.0136634 -0.0445932 -0.0326618 
0.009423300000000001 -0.00534958 0.0455189 
-0.0368425 0.0198622 -0.124567 
-0.0043372 0.0102406 0.0159619 
0.00589917 -0.0156925 -0.10302 
0.0115385 0.0525337 -0.0394751 
0.0247178 -0.0312192 0.0131826 
0.00232052 0.0273962 -0.0448921 
0.00641699 0.0465273 -0.0145796 
0.0237797 0.0049924 -0.0534312 
0.0338082 -0.0365748 0.0144668 
0.030766 -0.0308104 -0.160937 
0.00292644 -0.0122968 -0.163783 
0.0130786 -0.0384587 0.0393572 
0.0287328 -0.0206978 -0.115898 
0.00561631 0.0555122 -0.0362478 
-0.0304623 -0.0554818 0.0156597 
0.0251439 0.0250313 -0.00556933 
-0.00637515 0.0345892 -0.0250182 
0.0235772 -0.0409478 -0.0105768 
-0.0228289 -0.036491 0.0379602 
0.0349754 0.0395643 0.0237418 
0.014684 0.0112323 -0.0303794 
-0.00189504 -0.0407489 -0.023668 
-0.00341331 -0.0291038 -0.0894499 
-0.0280517 -0.00647468 0.014322 
0.0331309 -0.0561242 -0.0147627 
-0.020561 0.036231 0.0221614 
0.0335342 -0.0534258 -0.0133613 
-0.0108464 -0.0356739 0.0231717 
-0.0164428 0.0426439 -0.122061 
0.00381333 -0.0166718 -0.124049 
-0.046742 0.0328165 -0.0200629 
-0.0107078 -0.00783377 0.0273522 
0.0111781 0.0575252 0.0218884 
-0.0116397 0.0228026 -0.0407019 
3 799 953 408 
3 380 878 744 
3 139 799 408 
3 50 472 464 
3 472 514 464 
3 145 106 345 
3 276 145 345 
3 486 139 408 
3 902 380 744 
3 380 902 291 
3 102 574 799 
3 139 102 799 
3 634 50 713 
3 102 634 713 
3 634 102 139 
3 332 574 788 
3 574 332 799 
3 542 106 408 
3 106 542 345 
3 50 475 713 
3 475 102 713 
3 102 475 574 
3 836 493 401 
3 493 50 401 
3 574 493 788 
3 475 493 574 
3 493 475 50 
3 642 836 401 
3 642 50 464 
3 806 699 750 
3 699 806 744 
3 806 497 744 
3 436 514 472 
3 436 472 291 
3 902 436 291 
3 436 806 514 
3 436 902 744 
3 806 436 497 
3 497 436 744 
3 411 276 699 
3 411 145 276 
3 4 276 345 
3 542 4 345 
3 533 4 949 
3 4 533 750 
3 699 714 750 
3 276 714 699 
3 714 4 750 
3 4 714 276 
3 106 33 878 
3 145 33 106 
3 411 33 145 
3 33 411 699 
3 878 33 744 
3 33 699 744 
3 158 335 486 
3 158 380 291 
3 335 158 291 
3 975 634 139 
3 953 171 408 
3 171 542 408 
3 171 953 799 
3 332 171 799 
3 365 493 836 
3 493 365 788 
3 642 450 836 
3 384 450 464 
3 522 642 401 
3 50 522 401 
3 642 522 50 
3 298 384 464 
3 806 298 464 
3 514 520 464 
3 520 806 464 
3 806 520 514 
3 4 739 949 
3 949 739 40 
3 380 507 878 
3 158 507 380 
3 507 106 878 
3 97 975 472 
3 975 97 634 
3 50 97 472 
3 634 97 50 
3 472 899 291 
3 975 899 472 
3 486 701 139 
3 335 701 486 
3 701 335 291 
3 899 701 291 
3 701 899 975 
3 569 332 788 
3 739 569 40 
3 569 365 40 
3 365 569 788 
3 450 431 836 
3 365 431 40 
3 431 365 836 
3 60 642 464 
3 450 60 464 
3 60 450 642 
3 572 949 40 
3 431 572 40 
3 572 431 450 
3 390 4 542 
3 739 390 542 
3 390 739 4 
3 171 466 542 
3 466 739 542 
3 569 466 171 
3 466 569 739 
3 507 940 106 
3 940 507 158 
3 940 158 486 
3 106 940 408 
3 940 486 408 
3 551 975 139 
3 701 551 139 
3 551 701 975 
3 834 171 332 
3 569 834 332 
3 834 569 171 
3 572 671 949 
3 17 671 572 
3 533 17 750 
3 17 533 949 
3 671 17 949 
3 343 298 806 
3 343 806 750 
3 298 343 384 
3 450 343 750 
3 343 450 384 
3 496 572 450 
3 496 17 572 
3 496 450 750 
3 17 496 750 
Vertices and facets:
- p953(v12): -0.017 -0.061 -0.029
- p799(v11): -0.0085 -0.047 -0.16
- p408(v2): 0.031 -0.067 -0.022
- p380(v20): 0.045 -0.038 -0.013
- p878(v10): 0.041 -0.041 0.029
- p744(v1): 0.049 0.036  0.02
- p139(v22): 0.022 -0.044 -0.16
- p50(v25): -0.001 0.0025 -0.18
- p472(v16):  0.04 0.012 -0.16
- p464(v6): 0.0037 0.045 -0.16
- p514(v28): 0.037  0.02 -0.16
- p145(v32): 0.022 -0.047 0.045
- p106(v19): 0.031 -0.064 0.028
- p345(v5): 0.0099 -0.046 0.049
- p276(v31): 0.0084 -0.0089 0.057
- p486(v33): 0.035 -0.063 -0.022
- p902(v34): 0.044 -0.014 -0.12
- p291(v8): 0.043 -0.011 -0.15
- p102(v35): -0.0058 -0.045 -0.16
- p574(v21): -0.041 -0.016 -0.16
- p634(v36): 0.008 -0.011 -0.18
- p713(v3): -0.0012 -0.012 -0.18
- p332(v37): -0.018 -0.043 -0.15
- p788(v7): -0.043 -0.019 -0.15
- p542(v39): -0.03 -0.064 0.029
- p475(v41): -0.0076 -0.015 -0.18
- p493(v42): -0.043 -0.0041 -0.16
- p836(v26): -0.042 0.021 -0.15
- p401(v14): -0.04 0.021 -0.16
- p642(v43): -0.025 0.033 -0.16
- p806(v45): 0.044 0.064 0.0083
- p699(v18): 0.034 0.045 0.039
- p750(v9): -0.0057 0.064 0.045
- p497(v27): 0.046 0.049 -0.022
- p436(v46): 0.045 0.011 -0.16
- p411(v48): 0.026 -0.027 0.043
- p4(v49): -0.012 -0.00056  0.06
- p533(v47): -0.02 0.037 0.049
- p949(v30): -0.041 0.041 0.031
- p714(v50): 0.012 0.029 0.049
- p33(v51):  0.04 -0.041  0.03
- p158(v53): 0.041 -0.055 0.0031
- p335(v52): 0.039 -0.026 -0.15
- p975(v54): 0.031 -0.031 -0.16
- p171(v55): -0.036 -0.064 0.018
- p365(v56): -0.044 -0.0041 -0.16
- p450(v57): -0.041 0.064 -0.0071
- p384(v44): -0.0023 0.061 -0.041
- p522(v58): -0.032 0.026 -0.16
- p298(v59): 0.029 0.061 -0.036
- p520(v60): 0.015 0.039 -0.15
- p739(v61): -0.042 -0.044 0.028
- p40(v0): -0.051 0.033 0.0014
- p507(v62): 0.041 -0.052 0.018
- p97(v63): 0.013 -0.0052 -0.18
- p899(v64): 0.035 -0.023 -0.16
- p701(v65): 0.032 -0.034 -0.16
- p569(v66): -0.048 -0.052 -0.0008
- p431(v67): -0.05 0.041 -0.007
- p60(v68): -0.0059 0.041 -0.16
- p572(v69): -0.043 0.061 0.0082
- p390(v71): -0.039 -0.047 0.029
- p466(v72): -0.036 -0.064  0.02
- p940(v73): 0.035 -0.062 0.015
- p551(v74): 0.027 -0.038 -0.16
- p834(v75): -0.037 -0.056 -0.018
- p671(v76): -0.034 0.055 0.029
- p17(v77): -0.018 0.062 0.043
- p343(v78): -0.011 0.065 -0.00052
- p496(v79): -0.033 0.063 0.014
- f35
    - flags: bottom simplicial
    - normal:   -0.1206  -0.9862  -0.1136
    - offset: -0.06533155
    - vertices: p953(v12) p799(v11) p408(v2)
    - neighboring facets: f77 f251 f253
- f71
    - flags: top simplicial
    - normal:     0.994 -0.08474  0.06858
    - offset: -0.04659381
    - vertices: p380(v20) p878(v10) p744(v1)
    - neighboring facets: f234 f139 f288
- f77
    - flags: top simplicial
    - normal:   0.09802  -0.9796  -0.1754
    - offset: -0.07296191
    - vertices: p139(v22) p799(v11) p408(v2)
    - neighboring facets: f35 f134 f146
- f95
    - flags: top simplicial
    - normal:    0.2462   0.3231  -0.9138
    - offset: -0.1635883
    - vertices: p50(v25) p472(v16) p464(v6)
    - neighboring facets: f110 f190 f294
- f110
    - flags: bottom simplicial
    - normal:    0.4604   0.5442  -0.7014
    - offset: -0.1398248
    - vertices: p514(v28) p472(v16) p464(v6)
    - neighboring facets: f95 f279 f205
- f129
    - flags: top simplicial
    - normal:    0.2186  -0.6134   0.7589
    - offset: -0.06727991
    - vertices: p145(v32) p106(v19) p345(v5)
    - neighboring facets: f163 f131 f231
- f131
    - flags: bottom simplicial
    - normal:    0.3158   -0.201   0.9273
    - offset: -0.05770886
    - vertices: p145(v32) p276(v31) p345(v5)
    - neighboring facets: f220 f129 f219
- f134
    - flags: top simplicial
    - normal:    0.6706  -0.7231  -0.1656
    - offset: -0.07298783
    - vertices: p486(v33) p139(v22) p408(v2)
    - neighboring facets: f77 f339 f300
- f139
    - flags: top simplicial
    - normal:    0.9988 -0.04788 -0.01349
    - offset: -0.04647488
    - vertices: p902(v34) p380(v20) p744(v1)
    - neighboring facets: f71 f209 f140
- f140
    - flags: bottom simplicial
    - normal:    0.9717  -0.2301 -0.05321
    - offset: -0.0527244
    - vertices: p902(v34) p380(v20) p291(v8)
    - neighboring facets: f244 f207 f139
- f144
    - flags: top simplicial
    - normal:   -0.4494   -0.527  -0.7214
    - offset: -0.1430068
    - vertices: p102(v35) p574(v21) p799(v11)
    - neighboring facets: f156 f146 f177
- f146
    - flags: bottom simplicial
    - normal:   0.09364  -0.8662  -0.4909
    - offset: -0.1177303
    - vertices: p102(v35) p139(v22) p799(v11)
    - neighboring facets: f77 f144 f151
- f148
    - flags: top simplicial
    - normal:  0.005348 -6.573e-06       -1
    - offset: -0.1784001
    - vertices: p634(v36) p50(v25) p713(v3)
    - neighboring facets: f174 f150 f295
- f150
    - flags: bottom simplicial
    - normal:   0.04575  -0.4525  -0.8906
    - offset: -0.1641803
    - vertices: p634(v36) p102(v35) p713(v3)
    - neighboring facets: f176 f148 f151
- f151
    - flags: top simplicial
    - normal:    0.1335  -0.4774  -0.8685
    - offset: -0.1612033
    - vertices: p634(v36) p102(v35) p139(v22)
    - neighboring facets: f146 f247 f150
- f155
    - flags: top simplicial
    - normal:   -0.6669    -0.66  -0.3459
    - offset: -0.09370915
    - vertices: p332(v37) p574(v21) p788(v7)
    - neighboring facets: f180 f305 f156
- f156
    - flags: bottom simplicial
    - normal:   -0.5317  -0.6051  -0.5926
    - offset: -0.1269467
    - vertices: p332(v37) p574(v21) p799(v11)
    - neighboring facets: f144 f254 f155
- f161
    - flags: top simplicial
    - normal:  -0.0004225  -0.9972  0.07443
    - offset: -0.06557651
    - vertices: p542(v39) p106(v19) p408(v2)
    - neighboring facets: f338 f252 f163
- f163
    - flags: bottom simplicial
    - normal:  0.008563  -0.7482   0.6634
    - offset: -0.06666638
    - vertices: p542(v39) p106(v19) p345(v5)
    - neighboring facets: f129 f221 f161
- f174
    - flags: bottom simplicial
    - normal:   -0.3525 0.005106  -0.9358
    - offset: -0.1673201
    - vertices: p475(v41) p50(v25) p713(v3)
    - neighboring facets: f148 f176 f182
- f176
    - flags: top simplicial
    - normal:  -0.08589  -0.4365  -0.8956
    - offset:  -0.165039
    - vertices: p475(v41) p102(v35) p713(v3)
    - neighboring facets: f150 f174 f177
- f177
    - flags: bottom simplicial
    - normal:   -0.3671  -0.4214  -0.8292
    - offset: -0.1552611
    - vertices: p475(v41) p102(v35) p574(v21)
    - neighboring facets: f144 f181 f176
- f178
    - flags: bottom simplicial
    - normal:   -0.9162   0.1875  -0.3543
    - offset: -0.09583142
    - vertices: p493(v42) p836(v26) p401(v14)
    - neighboring facets: f188 f179 f261
- f179
    - flags: top simplicial
    - normal:   -0.4111   0.2131  -0.8863
    - offset: -0.1590726
    - vertices: p493(v42) p50(v25) p401(v14)
    - neighboring facets: f273 f178 f182
- f180
    - flags: bottom simplicial
    - normal:   -0.9417  -0.1865  -0.2801
    - offset: -0.08659064
    - vertices: p493(v42) p574(v21) p788(v7)
    - neighboring facets: f155 f263 f181
- f181
    - flags: bottom simplicial
    - normal:   -0.4141 -0.04974  -0.9089
    - offset: -0.1638914
    - vertices: p493(v42) p475(v41) p574(v21)
    - neighboring facets: f177 f180 f182
- f182
    - flags: top simplicial
    - normal:   -0.3952  0.02313  -0.9183
    - offset: -0.1642838
    - vertices: p493(v42) p475(v41) p50(v25)
    - neighboring facets: f174 f179 f181
- f188
    - flags: top simplicial
    - normal:   -0.6186   0.7448    -0.25
    - offset: -0.07929381
    - vertices: p642(v43) p836(v26) p401(v14)
    - neighboring facets: f178 f272 f265
- f190
    - flags: top simplicial
    - normal:   -0.2889   0.3702  -0.8829
    - offset: -0.1587299
    - vertices: p642(v43) p50(v25) p464(v6)
    - neighboring facets: f95 f315 f274
- f197
    - flags: top simplicial
    - normal:    0.4145   0.7044   0.5763
    - offset: -0.06835439
    - vertices: p806(v45) p699(v18) p750(v9)
    - neighboring facets: f226 f357 f199
- f199
    - flags: bottom simplicial
    - normal:    0.8248   0.3156   0.4692
    - offset: -0.06077903
    - vertices: p806(v45) p699(v18) p744(v1)
    - neighboring facets: f235 f200 f197
- f200
    - flags: top simplicial
    - normal:    0.9904   0.1379 -0.01077
    - offset: -0.05274971
    - vertices: p806(v45) p497(v27) p744(v1)
    - neighboring facets: f211 f199 f210
- f205
    - flags: top simplicial
    - normal:    0.7726   0.4835  -0.4114
    - offset: -0.1040048
    - vertices: p436(v46) p514(v28) p472(v16)
    - neighboring facets: f110 f206 f208
- f206
    - flags: top simplicial
    - normal:    0.8772 -0.09721  -0.4702
    - offset: -0.1111345
    - vertices: p436(v46) p472(v16) p291(v8)
    - neighboring facets: f296 f207 f205
- f207
    - flags: bottom simplicial
    - normal:    0.9969 -0.06847 -0.03878
    - offset: -0.04976014
    - vertices: p436(v46) p902(v34) p291(v8)
    - neighboring facets: f140 f206 f209
- f208
    - flags: top simplicial
    - normal:    0.7817   0.5941  -0.1897
    - offset: -0.07122612
    - vertices: p436(v46) p806(v45) p514(v28)
    - neighboring facets: f281 f205 f210
- f209
    - flags: top simplicial
    - normal:    0.9991 -0.03931 -0.01653
    - offset: -0.04673498
    - vertices: p436(v46) p902(v34) p744(v1)
    - neighboring facets: f139 f211 f207
- f210
    - flags: bottom simplicial
    - normal:    0.9501   0.2974 -0.09421
    - offset: -0.06049016
    - vertices: p436(v46) p806(v45) p497(v27)
    - neighboring facets: f200 f211 f208
- f211
    - flags: bottom simplicial
    - normal:     0.997  0.07062 -0.03161
    - offset: -0.05024968
    - vertices: p436(v46) p497(v27) p744(v1)
    - neighboring facets: f200 f209 f210
- f217
    - flags: top simplicial
    - normal:     0.612 -0.02256   0.7906
    - offset: -0.05076028
    - vertices: p411(v48) p276(v31) p699(v18)
    - neighboring facets: f227 f233 f219
- f219
    - flags: top simplicial
    - normal:    0.5802 -0.06897   0.8115
    - offset: -0.05211045
    - vertices: p411(v48) p145(v32) p276(v31)
    - neighboring facets: f131 f217 f232
- f220
    - flags: top simplicial
    - normal:   0.03013  -0.2231   0.9743
    - offset: -0.05820312
    - vertices: p4(v49) p276(v31) p345(v5)
    - neighboring facets: f131 f221 f229
- f221
    - flags: bottom simplicial
    - normal:   -0.2819  -0.3518   0.8926
    - offset: -0.05698152
    - vertices: p4(v49) p542(v39) p345(v5)
    - neighboring facets: f163 f220 f328
- f223
    - flags: bottom simplicial
    - normal:   -0.6405  0.07847   0.7639
    - offset: -0.05316946
    - vertices: p4(v49) p533(v47) p949(v30)
    - neighboring facets: f354 f282 f225
- f225
    - flags: top simplicial
    - normal:   -0.1483   0.2425   0.9588
    - offset: -0.05907153
    - vertices: p4(v49) p533(v47) p750(v9)
    - neighboring facets: f353 f228 f223
- f226
    - flags: bottom simplicial
    - normal:     0.247   0.2433    0.938
    - offset: -0.05593138
    - vertices: p714(v50) p699(v18) p750(v9)
    - neighboring facets: f197 f228 f227
- f227
    - flags: bottom simplicial
    - normal:    0.2917   0.1824   0.9389
    - offset: -0.05476401
    - vertices: p714(v50) p276(v31) p699(v18)
    - neighboring facets: f217 f226 f229
- f228
    - flags: top simplicial
    - normal:    0.1827   0.2129   0.9598
    - offset: -0.05532728
    - vertices: p714(v50) p4(v49) p750(v9)
    - neighboring facets: f225 f226 f229
- f229
    - flags: bottom simplicial
    - normal:    0.2032   0.1961   0.9593
    - offset: -0.05506617
    - vertices: p714(v50) p4(v49) p276(v31)
    - neighboring facets: f220 f227 f228
- f230
    - flags: bottom simplicial
    - normal:    0.7446  -0.3666   0.5578
    - offset: -0.06213733
    - vertices: p33(v51) p106(v19) p878(v10)
    - neighboring facets: f290 f234 f231
- f231
    - flags: bottom simplicial
    - normal:    0.6321  -0.3328   0.6998
    - offset: -0.06052524
    - vertices: p33(v51) p145(v32) p106(v19)
    - neighboring facets: f129 f230 f232
- f232
    - flags: bottom simplicial
    - normal:    0.6203 -0.08014   0.7803
    - offset: -0.05210043
    - vertices: p33(v51) p411(v48) p145(v32)
    - neighboring facets: f219 f231 f233
- f233
    - flags: top simplicial
    - normal:    0.6505 -0.02896    0.759
    - offset: -0.05056522
    - vertices: p33(v51) p411(v48) p699(v18)
    - neighboring facets: f217 f235 f232
- f234
    - flags: bottom simplicial
    - normal:    0.8144 -0.009322   0.5803
    - offset: -0.05093373
    - vertices: p33(v51) p878(v10) p744(v1)
    - neighboring facets: f71 f235 f230
- f235
    - flags: top simplicial
    - normal:    0.7951 -0.003819   0.6064
    - offset: -0.05072665
    - vertices: p33(v51) p699(v18) p744(v1)
    - neighboring facets: f199 f234 f233
- f243
    - flags: top simplicial
    - normal:    0.9177  -0.3877 -0.08705
    - offset: -0.05861049
    - vertices: p158(v53) p335(v52) p486(v33)
    - neighboring facets: f301 f337 f245
- f244
    - flags: top simplicial
    - normal:    0.9626  -0.2644 -0.05965
    - offset: -0.05370711
    - vertices: p158(v53) p380(v20) p291(v8)
    - neighboring facets: f140 f245 f289
- f245
    - flags: bottom simplicial
    - normal:      0.95  -0.3041 -0.07099
    - offset: -0.05535604
    - vertices: p158(v53) p335(v52) p291(v8)
    - neighboring facets: f302 f244 f243
- f247
    - flags: top simplicial
    - normal:    0.3171  -0.3935  -0.8629
    - offset: -0.1607547
    - vertices: p975(v54) p634(v36) p139(v22)
    - neighboring facets: f151 f340 f293
- f251
    - flags: bottom simplicial
    - normal:   -0.1209  -0.9863  -0.1121
    - offset: -0.06530142
    - vertices: p171(v55) p953(v12) p408(v2)
    - neighboring facets: f35 f252 f253
- f252
    - flags: top simplicial
    - normal:  -0.02804  -0.9987   0.0418
    - offset: -0.06555818
    - vertices: p171(v55) p542(v39) p408(v2)
    - neighboring facets: f161 f251 f331
- f253
    - flags: top simplicial
    - normal:   -0.1252  -0.9856  -0.1138
    - offset: -0.06537862
    - vertices: p171(v55) p953(v12) p799(v11)
    - neighboring facets: f35 f254 f251
- f254
    - flags: bottom simplicial
    - normal:   -0.4502  -0.8795  -0.1542
    - offset: -0.06958015
    - vertices: p171(v55) p332(v37) p799(v11)
    - neighboring facets: f156 f253 f343
- f261
    - flags: top simplicial
    - normal:   -0.9691   0.1359  -0.2057
    - offset: -0.07452669
    - vertices: p365(v56) p493(v42) p836(v26)
    - neighboring facets: f178 f314 f263
- f263
    - flags: bottom simplicial
    - normal:   -0.9683  -0.1386  -0.2076
    - offset: -0.07592066
    - vertices: p365(v56) p493(v42) p788(v7)
    - neighboring facets: f180 f310 f261
- f265
    - flags: bottom simplicial
    - normal:   -0.6153   0.7565  -0.2216
    - offset: -0.07511745
    - vertices: p450(v57) p642(v43) p836(v26)
    - neighboring facets: f188 f312 f317
- f267
    - flags: bottom simplicial
    - normal:  -0.04891   0.9895  -0.1358
    - offset: -0.06619508
    - vertices: p450(v57) p384(v44) p464(v6)
    - neighboring facets: f275 f316 f360
- f272
    - flags: top simplicial
    - normal:   -0.5427   0.5893  -0.5986
    - offset: -0.1273392
    - vertices: p522(v58) p642(v43) p401(v14)
    - neighboring facets: f188 f273 f274
- f273
    - flags: bottom simplicial
    - normal:   -0.4011   0.2337  -0.8857
    - offset: -0.1590083
    - vertices: p522(v58) p50(v25) p401(v14)
    - neighboring facets: f179 f272 f274
- f274
    - flags: bottom simplicial
    - normal:   -0.2996   0.3617  -0.8828
    - offset: -0.1587103
    - vertices: p522(v58) p642(v43) p50(v25)
    - neighboring facets: f190 f273 f272
- f275
    - flags: top simplicial
    - normal:   0.01987    0.991  -0.1326
    - offset: -0.06599013
    - vertices: p298(v59) p384(v44) p464(v6)
    - neighboring facets: f267 f276 f358
- f276
    - flags: bottom simplicial
    - normal:    0.3914   0.8993  -0.1952
    - offset: -0.07339522
    - vertices: p298(v59) p806(v45) p464(v6)
    - neighboring facets: f280 f275 f356
- f279
    - flags: bottom simplicial
    - normal:    0.5794    0.748  -0.3239
    - offset: -0.08816791
    - vertices: p520(v60) p514(v28) p464(v6)
    - neighboring facets: f110 f280 f281
- f280
    - flags: top simplicial
    - normal:     0.547   0.8071   -0.222
    - offset: -0.07418189
    - vertices: p520(v60) p806(v45) p464(v6)
    - neighboring facets: f276 f279 f281
- f281
    - flags: bottom simplicial
    - normal:    0.6095     0.76  -0.2258
    - offset: -0.07390165
    - vertices: p520(v60) p806(v45) p514(v28)
    - neighboring facets: f208 f279 f280
- f282
    - flags: bottom simplicial
    - normal:   -0.7123 -0.01641   0.7017
    - offset: -0.05032169
    - vertices: p739(v61) p4(v49) p949(v30)
    - neighboring facets: f223 f285 f330
- f285
    - flags: bottom simplicial
    - normal:   -0.9473 -0.004597   0.3202
    - offset: -0.04870735
    - vertices: p739(v61) p949(v30) p40(v0)
    - neighboring facets: f318 f308 f282
- f288
    - flags: bottom simplicial
    - normal:    0.9931 -0.09534   0.0677
    - offset: -0.0469688
    - vertices: p507(v62) p380(v20) p878(v10)
    - neighboring facets: f71 f290 f289
- f289
    - flags: bottom simplicial
    - normal:    0.9812  -0.1918  0.02217
    - offset: -0.05070406
    - vertices: p507(v62) p158(v53) p380(v20)
    - neighboring facets: f244 f288 f336
- f290
    - flags: top simplicial
    - normal:    0.8342   -0.402   0.3775
    - offset: -0.06205953
    - vertices: p507(v62) p106(v19) p878(v10)
    - neighboring facets: f230 f288 f335
- f292
    - flags: top simplicial
    - normal:    0.5074  -0.1748  -0.8438
    - offset: -0.1567919
    - vertices: p97(v63) p975(v54) p472(v16)
    - neighboring facets: f298 f294 f293
- f293
    - flags: bottom simplicial
    - normal:    0.4768   -0.203  -0.8552
    - offset: -0.1585648
    - vertices: p97(v63) p975(v54) p634(v36)
    - neighboring facets: f247 f295 f292
- f294
    - flags: bottom simplicial
    - normal:     0.258   0.2846  -0.9233
    - offset: -0.1651738
    - vertices: p97(v63) p50(v25) p472(v16)
    - neighboring facets: f95 f292 f295
- f295
    - flags: bottom simplicial
    - normal:    0.1681   0.1083  -0.9798
    - offset: -0.1749061
    - vertices: p97(v63) p634(v36) p50(v25)
    - neighboring facets: f148 f294 f293
- f296
    - flags: bottom simplicial
    - normal:    0.7437  -0.1949  -0.6395
    - offset: -0.1324694
    - vertices: p899(v64) p472(v16) p291(v8)
    - neighboring facets: f206 f303 f298
- f298
    - flags: bottom simplicial
    - normal:    0.6067  -0.1909  -0.7716
    - offset: -0.1487327
    - vertices: p899(v64) p975(v54) p472(v16)
    - neighboring facets: f292 f296 f304
- f300
    - flags: bottom simplicial
    - normal:    0.7219  -0.6725  -0.1631
    - offset: -0.07151605
    - vertices: p701(v65) p486(v33) p139(v22)
    - neighboring facets: f134 f341 f301
- f301
    - flags: bottom simplicial
    - normal:    0.8254  -0.5474  -0.1381
    - offset: -0.06664746
    - vertices: p701(v65) p335(v52) p486(v33)
    - neighboring facets: f243 f300 f302
- f302
    - flags: top simplicial
    - normal:    0.8706  -0.3762   -0.317
    - offset: -0.09051435
    - vertices: p701(v65) p335(v52) p291(v8)
    - neighboring facets: f245 f303 f301
- f303
    - flags: bottom simplicial
    - normal:    0.8072  -0.3102  -0.5023
    - offset: -0.1154547
    - vertices: p701(v65) p899(v64) p291(v8)
    - neighboring facets: f296 f302 f304
- f304
    - flags: top simplicial
    - normal:     0.768  -0.3114  -0.5596
    - offset: -0.1232842
    - vertices: p701(v65) p899(v64) p975(v54)
    - neighboring facets: f298 f342 f303
- f305
    - flags: top simplicial
    - normal:   -0.6843   -0.708  -0.1747
    - offset: -0.06966516
    - vertices: p569(v66) p332(v37) p788(v7)
    - neighboring facets: f155 f310 f344
- f308
    - flags: bottom simplicial
    - normal:   -0.9746 -0.04316   0.2199
    - offset: -0.04868327
    - vertices: p569(v66) p739(v61) p40(v0)
    - neighboring facets: f285 f309 f334
- f309
    - flags: top simplicial
    - normal:   -0.9987 -0.03763 -0.03383
    - offset: -0.04975358
    - vertices: p569(v66) p365(v56) p40(v0)
    - neighboring facets: f313 f308 f310
- f310
    - flags: bottom simplicial
    - normal:   -0.9957 -0.07983 -0.04677
    - offset: -0.05181345
    - vertices: p569(v66) p365(v56) p788(v7)
    - neighboring facets: f263 f305 f309
- f312
    - flags: bottom simplicial
    - normal:   -0.9285   0.3574  -0.1005
    - offset: -0.06158858
    - vertices: p431(v67) p450(v57) p836(v26)
    - neighboring facets: f265 f314 f320
- f313
    - flags: bottom simplicial
    - normal:   -0.9934  0.09427 -0.06485
    - offset: -0.0538129
    - vertices: p431(v67) p365(v56) p40(v0)
    - neighboring facets: f309 f319 f314
- f314
    - flags: top simplicial
    - normal:   -0.9913   0.1114 -0.06995
    - offset: -0.05444247
    - vertices: p431(v67) p365(v56) p836(v26)
    - neighboring facets: f261 f312 f313
- f315
    - flags: top simplicial
    - normal:    -0.407   0.8839  -0.2304
    - offset: -0.07549233
    - vertices: p60(v68) p642(v43) p464(v6)
    - neighboring facets: f190 f316 f317
- f316
    - flags: bottom simplicial
    - normal:   -0.4062   0.8854  -0.2258
    - offset: -0.07482076
    - vertices: p60(v68) p450(v57) p464(v6)
    - neighboring facets: f267 f315 f317
- f317
    - flags: top simplicial
    - normal:   -0.4071    0.885   -0.226
    - offset: -0.07482958
    - vertices: p60(v68) p450(v57) p642(v43)
    - neighboring facets: f265 f315 f316
- f318
    - flags: top simplicial
    - normal:   -0.9424   0.2068    0.263
    - offset: -0.05538352
    - vertices: p572(v69) p949(v30) p40(v0)
    - neighboring facets: f285 f319 f347
- f319
    - flags: bottom simplicial
    - normal:   -0.9628   0.2552  0.08839
    - offset: -0.05779462
    - vertices: p572(v69) p431(v67) p40(v0)
    - neighboring facets: f313 f318 f320
- f320
    - flags: top simplicial
    - normal:   -0.9314   0.3587 -0.06283
    - offset: -0.06151607
    - vertices: p572(v69) p431(v67) p450(v57)
    - neighboring facets: f312 f361 f319
- f328
    - flags: top simplicial
    - normal:   -0.4887  -0.2608   0.8326
    - offset: -0.05572126
    - vertices: p390(v71) p4(v49) p542(v39)
    - neighboring facets: f221 f329 f330
- f329
    - flags: bottom simplicial
    - normal:   -0.5824  -0.3078   0.7523
    - offset: -0.05921362
    - vertices: p390(v71) p739(v61) p542(v39)
    - neighboring facets: f332 f328 f330
- f330
    - flags: top simplicial
    - normal:   -0.5256    -0.23    0.819
    - offset: -0.05531966
    - vertices: p390(v71) p739(v61) p4(v49)
    - neighboring facets: f282 f328 f329
- f331
    - flags: bottom simplicial
    - normal:   -0.3522  -0.9126   0.2077
    - offset: -0.07476748
    - vertices: p466(v72) p171(v55) p542(v39)
    - neighboring facets: f252 f332 f333
- f332
    - flags: top simplicial
    - normal:   -0.7781  -0.4312   0.4567
    - offset: -0.06436959
    - vertices: p466(v72) p739(v61) p542(v39)
    - neighboring facets: f329 f331 f334
- f333
    - flags: bottom simplicial
    - normal:   -0.8465   -0.484   0.2218
    - offset: -0.06546842
    - vertices: p466(v72) p569(v66) p171(v55)
    - neighboring facets: f345 f331 f334
- f334
    - flags: top simplicial
    - normal:   -0.8743  -0.3882   0.2914
    - offset: -0.06176295
    - vertices: p466(v72) p569(v66) p739(v61)
    - neighboring facets: f308 f332 f333
- f335
    - flags: bottom simplicial
    - normal:    0.8148  -0.5432   0.2027
    - offset: -0.06549918
    - vertices: p940(v73) p507(v62) p106(v19)
    - neighboring facets: f290 f338 f336
- f336
    - flags: top simplicial
    - normal:    0.8433  -0.5294  0.09227
    - offset: -0.06396307
    - vertices: p940(v73) p507(v62) p158(v53)
    - neighboring facets: f289 f337 f335
- f337
    - flags: top simplicial
    - normal:    0.7881  -0.6154  0.01612
    - offset: -0.06623076
    - vertices: p940(v73) p158(v53) p486(v33)
    - neighboring facets: f243 f339 f336
- f338
    - flags: bottom simplicial
    - normal:     0.477  -0.8767  0.06282
    - offset: -0.07232946
    - vertices: p940(v73) p106(v19) p408(v2)
    - neighboring facets: f161 f339 f335
- f339
    - flags: top simplicial
    - normal:    0.6786  -0.7342  0.01974
    - offset: -0.06986021
    - vertices: p940(v73) p486(v33) p408(v2)
    - neighboring facets: f134 f338 f337
- f340
    - flags: top simplicial
    - normal:     0.353  -0.4113  -0.8404
    - offset: -0.1587824
    - vertices: p551(v74) p975(v54) p139(v22)
    - neighboring facets: f247 f341 f342
- f341
    - flags: bottom simplicial
    - normal:    0.7045  -0.6519  -0.2805
    - offset: -0.08877233
    - vertices: p551(v74) p701(v65) p139(v22)
    - neighboring facets: f300 f340 f342
- f342
    - flags: top simplicial
    - normal:     0.605  -0.4683   -0.644
    - offset:  -0.136678
    - vertices: p551(v74) p701(v65) p975(v54)
    - neighboring facets: f304 f340 f341
- f343
    - flags: top simplicial
    - normal:   -0.5222  -0.8383  -0.1566
    - offset: -0.0695004
    - vertices: p834(v75) p171(v55) p332(v37)
    - neighboring facets: f254 f344 f345
- f344
    - flags: bottom simplicial
    - normal:    -0.588  -0.7926  -0.1612
    - offset: -0.06944865
    - vertices: p834(v75) p569(v66) p332(v37)
    - neighboring facets: f305 f343 f345
- f345
    - flags: top simplicial
    - normal:   -0.5731   -0.806  -0.1484
    - offset: -0.06941636
    - vertices: p834(v75) p569(v66) p171(v55)
    - neighboring facets: f333 f343 f344
- f347
    - flags: bottom simplicial
    - normal:   -0.7627   0.4506    0.464
    - offset: -0.06416248
    - vertices: p671(v76) p572(v69) p949(v30)
    - neighboring facets: f318 f355 f352
- f352
    - flags: top simplicial
    - normal:   -0.6668    0.584    0.463
    - offset: -0.06816604
    - vertices: p17(v77) p671(v76) p572(v69)
    - neighboring facets: f347 f362 f355
- f353
    - flags: bottom simplicial
    - normal:   -0.1844   0.2597   0.9479
    - offset: -0.05989656
    - vertices: p17(v77) p533(v47) p750(v9)
    - neighboring facets: f225 f364 f354
- f354
    - flags: top simplicial
    - normal:   -0.6081   0.2363   0.7579
    - offset: -0.0581039
    - vertices: p17(v77) p533(v47) p949(v30)
    - neighboring facets: f223 f355 f353
- f355
    - flags: bottom simplicial
    - normal:   -0.6938   0.4294   0.5781
    - offset: -0.06398391
    - vertices: p17(v77) p671(v76) p949(v30)
    - neighboring facets: f347 f354 f352
- f356
    - flags: top simplicial
    - normal:   0.02794   0.9968 -0.07471
    - offset: -0.06450057
    - vertices: p343(v78) p298(v59) p806(v45)
    - neighboring facets: f276 f357 f358
- f357
    - flags: top simplicial
    - normal:   0.01275   0.9997  0.02072
    - offset: -0.0648056
    - vertices: p343(v78) p806(v45) p750(v9)
    - neighboring facets: f197 f359 f356
- f358
    - flags: bottom simplicial
    - normal:   0.01301   0.9957 -0.09145
    - offset: -0.06460264
    - vertices: p343(v78) p298(v59) p384(v44)
    - neighboring facets: f275 f360 f356
- f359
    - flags: bottom simplicial
    - normal:  -0.04193   0.9988  0.02707
    - offset: -0.06534135
    - vertices: p343(v78) p450(v57) p750(v9)
    - neighboring facets: f363 f357 f360
- f360
    - flags: top simplicial
    - normal:  -0.01449   0.9952 -0.09725
    - offset: -0.06487073
    - vertices: p343(v78) p450(v57) p384(v44)
    - neighboring facets: f267 f358 f359
- f361
    - flags: top simplicial
    - normal:   -0.2608   0.9549   0.1421
    - offset: -0.07068729
    - vertices: p496(v79) p572(v69) p450(v57)
    - neighboring facets: f320 f363 f362
- f362
    - flags: top simplicial
    - normal:   -0.2776    0.945   0.1731
    - offset: -0.07105987
    - vertices: p496(v79) p17(v77) p572(v69)
    - neighboring facets: f352 f361 f364
- f363
    - flags: top simplicial
    - normal:   -0.1501   0.9835   0.1009
    - offset: -0.06827512
    - vertices: p496(v79) p450(v57) p750(v9)
    - neighboring facets: f359 f364 f361
- f364
    - flags: bottom simplicial
    - normal:    -0.171    0.978   0.1198
    - offset: -0.06888151
    - vertices: p496(v79) p17(v77) p750(v9)
    - neighboring facets: f353 f363 f362
