3
1000 226 339
0.132472 0.0470094 0.0611928 
0.131066 -0.00466067 0.0260144 
0.246256 0.00642846 0.0171953 
0.253251 -0.0199366 0.0579374 
0.169568 0.07124320000000001 -0.0394902 
0.0388925 0.0213308 -0.0565866 
0.424138 -0.0160769 -0.00673918 
0.0391502 0.040683 -0.0565871 
0.121422 -0.0102381 -0.0132882 
0.136853 -0.0343632 -0.02557 
0.226304 0.0272224 0.0579972 
0.398145 0.0204432 -0.0584176 
0.135361 -0.0398401 -0.0568009 
0.172344 -0.0155553 0.0581172 
0.334139 -0.022426 0.0577576 
0.111746 0.0674705 0.00299868 
0.256636 0.0490642 -0.0370704 
0.111267 0.0300581 -0.029835 
-0.0216511 0.0310858 0.0591216 
0.267709 0.0389189 0.0579052 
0.153261 -0.00608664 -0.032094 
-0.0073689 0.0494796 -0.0561944 
0.125493 0.0436095 -0.0116226 
0.408066 -0.00664046 0.0623261 
0.0689941 0.00392434 0.0558468 
0.104492 -1.3414e-05 -0.00521069 
0.188366 -0.0101485 -0.0182924 
0.138838 0.00242355 0.0430799 
0.290349 -0.0149658 0.0627368 
0.149971 0.0223243 0.0315055 
0.322892 -0.0168362 0.06278259999999999 
0.10038 -0.00221772 0.0398152 
0.0393476 -0.0217336 -0.0615876 
0.131018 -0.0302223 -0.0277666 
0.141661 0.0446163 -0.00141334 
0.352516 -0.0136709 0.00755842 
0.0579032 -0.0385474 0.0601074 
0.11592 -0.0138054 0.00761931 
0.244346 0.0301932 -0.0370431 
0.4232 0.0465555 0.0290656 
0.145229 -0.0232425 -0.0186549 
0.30176 0.0227732 0.0578296 
0.200945 0.073603 -0.0122257 
0.0382836 -0.0467191 -0.0614448 
0.340037 0.0239472 0.0587445 
0.268257 -0.0183583 -0.0111046 
0.474301 -0.0297822 0.0624462 
0.138831 -0.009948139999999999 -0.0578087 
0.0358945 0.045189 -0.0609012 
0.123494 -0.00669856 -0.0239283 
0.101631 0.011177 0.0108707 
0.135333 -0.0128697 -0.009701370000000001 
0.0432492 -0.00233359 -0.0565962 
0.449957 -0.0200772 0.00282306 
0.464168 0.0303418 0.0624687 
0.190624 0.0587804 0.0573564 
0.15575 0.0252491 0.059154 
0.0378927 0.0430429 -0.0575844 
0.164672 -0.0141483 -0.0646945 
0.130953 0.0120482 0.0123303 
0.177406 -0.0124441 -0.0167041 
0.113779 -0.0240858 -0.000723183 
0.10116 0.0675381 -0.0447999 
0.138297 0.016824 -0.0103239 
0.100493 0.000310877 -0.0385394 
0.0069814 -0.0436633 0.0584846 
0.233916 0.00189082 0.0579803 
0.371504 0.000752705 0.00024796 
0.128896 0.0162214 0.0275504 
0.134048 -0.0220943 -0.057798 
0.189262 -0.0153549 0.0159393 
0.117735 0.0279412 0.016634 
0.160429 0.00894724 -0.0419955 
0.0722899 -0.0343208 -0.0566608 
0.191976 -0.0261679 -0.0619268 
0.186464 0.0152279 0.0138056 
0.106169 -0.0364979 -0.0133785 
0.201619 0.0736052 -0.0157282 
-0.0309139 -0.0331744 0.0585688 
0.208051 0.0565751 0.0591961 
0.102215 0.009500929999999999 0.0162816 
0.282847 -0.00326882 -0.00214249 
0.17704 -0.0179043 0.0591067 
0.0578902 -0.000914533 -0.0651288 
0.161182 -0.00144334 -0.0611117 
0.413427 3.38032e-05 0.0585814 
0.140555 -0.00648595 0.0403631 
0.255091 0.0341624 0.0579333 
0.27702 -0.0139756 -0.0037196 
0.124803 0.00716566 -0.0246222 
0.122576 0.00709747 -0.0236402 
0.0887594 0.0390791 0.0588442 
0.146779 -0.00638445 0.022281 
0.406079 0.0172827 0.0585977 
0.325369 0.0158267 -0.0582232 
0.187593 0.0485694 0.06308329999999999 
0.170384 0.062304 0.0589646 
0.119278 0.0202693 -0.00632444 
0.160506 0.0725171 0.0014161 
0.0822012 0.052267 -0.0584905 
0.304984 -0.0127951 0.0578224 
0.168908 0.00117201 -0.0202885 
0.112976 0.0123786 0.00473121 
0.189933 -0.0287734 0.0630781 
0.121264 -0.0244176 0.00132414 
0.203734 0.00282051 -0.0579529 
0.140313 0.0553881 0.06273960000000001 
0.213409 0.0655985 -0.0577072 
0.426062 0.0472245 -0.0479859 
0.461927 -0.0195024 -0.008997059999999999 
0.47592 0.00364073 -0.0575577 
0.107307 -0.040734 -0.00867218 
0.334657 -0.0199394 -0.0622438 
0.249486 0.000750336 0.0579457 
0.225136 0.0515615 0.0596441 
0.167277 0.046872 0.0591284 
0.159128 -0.0177957 0.0232852 
0.09688280000000001 0.0205808 -0.00144449 
0.114955 -0.0133543 0.0162212 
0.218214 -0.0209448 0.06301519999999999 
0.153215 0.00387363 0.0452402 
0.286377 0.06679060000000001 0.0442439 
0.142982 -0.0113604 -0.0636702 
0.111057 0.00763835 -0.0304679 
0.298119 0.069032 0.0135402 
0.26331 -0.0159556 -0.00462806 
0.26273 0.0715504 0.0457424 
0.133244 0.0263056 0.00705416 
0.330039 -0.00736445 0.0577667 
0.0529935 -0.0279153 0.0593824 
0.232323 0.0699982 0.0471116 
0.114161 0.0442422 0.00433611 
0.200352 0.0736011 -0.00266438 
0.148271 -0.00942781 -0.0519708 
0.291438 0.00224431 -0.00532968 
0.154013 0.00235627 0.0634579 
0.22173 -0.0232974 0.00307269 
0.0623692 0.00267538 0.064045 
0.167812 0.0714048 -0.00289347 
0.144568 -0.0190619 -0.0066326 
0.12758 -0.0103465 -0.0166955 
0.156451 0.00899633 0.0244813 
0.141557 0.0634391 0.057153 
0.256772 -0.0118336 0.0128088 
0.120199 -0.008854849999999999 -0.0402929 
0.106983 -0.0172259 -0.0322855 
0.1996 0.0181522 0.00764561 
0.146846 -0.0173561 0.0255678 
0.15415 0.0722136 -0.0272654 
0.36555 0.0584193 0.0232133 
0.0577144 0.0605773 -0.0392233 
0.179534 0.07314519999999999 -0.00686207 
0.428716 0.0468765 0.0325646 
0.102304 0.0269019 0.0322969 
0.135274 0.0198056 -0.00864027 
0.289686 -0.0186942 -0.0571439 
-0.0462443 0.0181872 0.0617238 
0.442914 0.0238863 0.0575159 
0.14364 0.0311223 -0.0260319 
0.348022 0.0139296 -0.0582735 
0.112448 0.0174564 -0.05675 
0.0991474 -0.0171093 0.0329445 
-0.0404843 0.00141874 -0.0564102 
-0.0383262 0.0317896 0.0610625 
0.388831 0.00295984 0.008700970000000001 
0.356999 -0.0188611 0.00358402 
0.116405 0.0226261 0.008829139999999999 
0.31065 0.00331504 0.00010466 
0.127384 -0.00416913 0.0442563 
0.210028 0.0176115 -0.00671515 
0.225378 0.0135078 0.0579993 
0.155556 0.06641130000000001 0.0572491 
0.107011 0.0397573 0.0237363 
0.314591 0.0653084 0.0334478 
0.138732 0.0262442 0.0063628 
0.4786 -0.00311722 0.0574366 
0.386646 0.0559201 -0.0343883 
0.127002 0.0149081 -0.0267524 
0.174182 0.0100094 0.0621463 
0.185896 -0.002004 -0.0569132 
0.121254 0.00462245 -0.0152573 
0.126843 0.0702956 -0.0263251 
0.281438 0.0327932 0.0596611 
  0.17 -0.0245246 0.00712224 
0.123203 -0.0109078 -0.0577739 
0.125711 -0.00449161 -0.0245797 
0.495298 -0.00225657 -0.000756333 
0.0662833 0.0619834 -0.0493814 
0.0726185 -0.0037489 0.046354 
0.0588272 0.0581688 0.0450786 
0.379885 0.00312974 0.0576559 
0.06917 0.0599601 -0.0320803 
0.162352 0.00676474 0.06343940000000001 
0.115094 0.0326227 -0.028453 
0.284042 0.0220927 0.0588689 
0.109009 -0.0415973 0.062995 
0.126475 0.0198985 0.00281636 
-0.00368285 -0.0378224 -0.056492 
0.334155 0.0239512 -0.0572427 
0.147823 0.0212235 -0.0144034 
0.221433 0.0734554 0.0144071 
0.364812 0.0576452 -0.0512461 
0.150173 0.0257598 0.00205597 
0.334576 -0.0122992 0.010343 
0.112296 0.0196211 -0.00616246 
0.114841 0.0435654 0.0221108 
0.279715 0.0691437 -0.0298692 
0.245887 0.023642 -0.0570466 
0.143708 -0.0286414 0.0280193 
0.257298 -0.0110437 -0.0176345 
0.104401 -0.00260537 0.00148407 
-0.0307217 0.0227542 -0.0564319 
0.127085 0.0176111 -0.0253938 
0.086976 -0.00569237 0.0593069 
0.0517566 0.0507871 -0.0547225 
0.100025 -0.0315789 0.0177848 
0.166201 -0.00905308 -0.0561695 
0.107136 0.00242869 0.00571628 
0.501659 -0.00519454 3.27027e-05 
0.416151 -0.0264873 -0.0624249 
0.22496 0.07033059999999999 0.0536309 
0.390005 -0.00294932 -0.0573668 
0.141127 -0.0203711 -0.0127244 
0.121117 -0.000102344 -0.00354671 
0.319898 0.0664936 0.00300524 
0.144691 0.0278519 0.00269943 
0.194078 -0.0060112 -0.0199156 
0.117853 0.0128595 0.0592382 
0.287627 0.0106551 0.013916 
0.117703 -0.0227416 -0.0170763 
0.347146 -0.0163455 0.0610094 
0.431868 -0.00347838 -0.0599681 
0.123157 0.0186174 -0.0174681 
0.0519363 0.00707655 0.0583847 
0.160211 0.0126104 -0.0658562 
0.258647 0.000111596 -0.0570749 
0.138166 0.0193525 -0.0374803 
0.388351 -0.0104726 0.0175421 
0.256027 0.0302674 0.0579312 
0.0668402 -0.0307967 0.0593516 
0.177181 -0.00784266 0.0260872 
0.124146 0.0364927 -0.0233232 
0.424249 0.046285 -0.0242886 
0.169301 0.00831018 -0.0184499 
0.42861 0.0452698 -0.0333556 
0.29097 0.065606 0.0428645 
0.239692 0.00205081 0.0579675 
0.445288 -0.00716017 -0.00749182 
0.245578 -0.00136238 0.019641 
0.175497 0.00885588 0.0581101 
0.343675 -0.014962 0.008952689999999999 
0.183496 -0.009828170000000001 -0.0166509 
0.115155 0.0361444 0.0255485 
0.143061 -0.0293887 -0.0262782 
0.467155 0.0355821 0.057462 
0.154109 -0.0345079 0.00493417 
0.255084 0.0720645 -0.0384399 
0.482811 -0.00609786 -0.0133322 
0.199179 0.0674915 -0.0561787 
0.252311 0.0485 -0.0453288 
0.0342436 -0.0220144 -0.0565762 
0.131712 -0.0424862 -0.00443144 
0.190965 -0.0214334 0.0105417 
0.0999337 -0.0337074 -0.0110866 
0.0399557 0.0559789 0.0585288 
0.136974 -0.0150031 0.0398999 
0.335662 0.0629445 -0.0173288 
0.198526 0.0192075 -0.00255985 
0.14123 -0.0173107 -0.0223663 
0.146104 0.0294048 0.0285636 
0.107066 0.00156621 0.0447115 
0.250902 0.008331359999999999 -0.00590583 
0.110509 -0.0321032 -0.0229458 
0.0498436 0.0535483 -0.0525693 
0.0224903 0.0301807 -0.0604555 
0.468552 -0.0258376 0.0574589 
0.160982 0.0710823 0.0231236 
0.247851 0.0121 0.0523372 
0.138617 0.0127847 -0.0224036 
0.183864 0.0163461 -0.00803831 
0.132387 0.000676488 0.0308919 
0.112408 -0.00185948 0.0103558 
0.146357 -0.0145236 -0.0182559 
0.07001209999999999 -0.0436899 -0.0566557 
0.442782 -0.0312842 -0.0619266 
0.319033 0.0665244 -0.0442878 
0.352917 -0.0172846 -0.000903328 
0.115129 0.0200478 0.0191813 
0.342213 0.0620932 0.0316979 
0.105941 -0.00440335 0.00653423 
0.0528467 -0.0297534 0.0583827 
0.124218 -0.0034676 9.303790000000001e-05 
0.252577 -0.00988637 0.0107613 
0.127676 0.00424745 -0.0141103 
0.364285 0.0600911 0.0338872 
0.148217 -0.00817706 0.0566711 
0.146896 -0.0335038 0.0631737 
0.117863 -0.0189603 0.0592382 
0.103244 -0.0217197 0.0338356 
0.189306 0.0734982 0.030103 
0.397501 2.91819e-05 -0.0100783 
0.13281 0.0693594 0.0105668 
0.0387547 -0.0161915 -0.0565863 
0.20553 0.0044292 0.0188208 
0.110922 -0.040373 -0.000204824 
0.446712 0.0421705 -0.0582711 
0.252836 -0.000404418 0.0210617 
0.28258 0.00107127 -0.00920463 
0.248237 -0.0175191 -0.0131677 
0.110429 0.0109445 -0.0118517 
0.170223 -0.0208105 0.0101346 
0.488758 -0.0201602 -0.0056217 
0.442576 -0.0145774 0.00807357 
0.376071 -0.0272372 -0.0581069 
0.102918 -0.00479316 0.0398413 
0.364676 -0.003035 -0.0573105 
0.131094 -0.01044 -0.0036146 
0.150199 -0.0187181 -0.0138007 
0.19937 0.0131844 -0.0579432 
0.128949 0.0295045 0.0127054 
0.127682 0.0704456 0.0263874 
0.132089 0.0473971 0.0617387 
0.398073 0.037238 -0.0588459 
-0.0444343 0.009829320000000001 -0.0564014 
0.123193 -0.0150943 -0.00161063 
0.145123 -0.00842414 0.035063 
0.171415 -0.0132476 0.0627399 
0.143511 0.0165169 -0.0373615 
0.45164 -0.0009326440000000001 -0.00353064 
0.35621 0.0366167 -0.0614151 
0.183807 0.0404357 0.0580917 
0.371246 0.0331444 0.0576751 
0.100411 0.008738660000000001 -0.0211674 
0.146466 0.00570151 0.0522007 
0.08359270000000001 0.0424025 -0.0511909 
0.221258 -0.000355832 0.0196936 
0.286451 0.06587610000000001 -0.0279097 
0.420291 -0.018921 0.00798304 
0.111157 0.0674135 0.0122853 
0.140988 0.0126686 0.0430085 
0.146183 0.0278972 -0.0588581 
0.392446 -0.00695243 0.0157408 
0.0504 0.026964 0.0593881 
0.406067 0.0520967 0.0207998 
0.0368134 -0.0076219 -0.0565819 
0.109997 0.0405362 0.015161 
0.280838 0.0665538 -0.0426234 
0.379301 0.0380854 -0.057343 
0.0586059 0.0309219 0.0583699 
0.240494 -0.00303032 -0.0570346 
0.0704279 -0.0213872 0.0583436 
0.0403633 -0.0177961 -0.0565898 
0.156622 0.000280744 0.0446975 
0.198258 0.00795276 0.06305959999999999 
0.423986 -0.013998 0.00805004 
0.16014 -0.0150845 -0.056856 
0.430008 -0.0128607 -0.008451220000000001 
0.0701792 -0.00167317 0.0553442 
0.271812 0.0384924 -0.0571042 
0.34293 0.0635265 -0.0402301 
0.421034 0.0469849 -0.00724095 
0.425884 -0.00322093 -0.0624466 
0.396217 0.029387 0.0576197 
0.432547 0.0165018 -0.0624614 
0.184519 0.07279480000000001 -0.0457336 
0.286247 -0.00159776 -0.0105419 
0.149903 0.00616616 0.0308081 
0.195468 0.0524306 -0.0569345 
0.256178 -0.00387895 -0.0189627 
0.409965 0.051244 0.0422902 
0.380608 0.0237954 0.0599804 
0.149662 0.06683500000000001 -0.0529136 
0.231651 -0.0205948 -0.00750617 
0.303168 -0.00752237 0.0588264 
-0.0329123 0.0320455 0.0585733 
0.0938751 0.0648825 0.0336547 
0.384923 -0.000472227 -0.0583555 
0.179209 -0.0124749 -0.0253648 
0.140806 -0.0289308 3.60993e-05 
0.274761 -0.0105741 0.0578896 
0.167274 0.000806884 -0.0534618 
0.146957 0.0195758 0.0317159 
0.15789 0.0135333 0.0670277 
0.00333784 -0.0376119 -0.0576455 
0.100616 -0.0147982 -0.0242296 
0.117306 0.0509357 -0.0567444 
0.163341 0.00394232 0.06549720000000001 
0.194733 0.0200874 -0.00601105 
0.0385697 -0.0442089 -0.0615859 
0.24811 0.0677273 0.0534149 
0.109033 0.0297931 0.0276231 
0.117953 0.031688 -0.00586954 
0.34667 -0.0141509 -0.00907409 
0.131727 -0.0270772 -0.0100443 
-0.0237518 -0.0331054 0.0585529 
0.150466 0.0350902 0.0198403 
0.297467 -0.0146204 0.0617942 
0.198251 -0.0105259 0.0590596 
0.126372 -0.0322494 0.0264915 
0.469354 -0.0139052 0.00857408 
0.183713 0.0119167 -0.0569084 
0.151155 0.00522375 -0.022807 
0.055748 0.0577987 -0.0409539 
0.345574 0.0586725 0.0483609 
0.314403 0.0649887 -0.0332612 
0.0746517 0.0606232 -0.00705883 
0.388416 0.0337173 -0.0613858 
0.182699 0.002046 -0.00445755 
0.208747 0.0616677 -0.0601061 
0.120699 0.0425304 -0.0152795 
0.267476 0.0357656 -0.0580945 
0.11729 -0.0389846 -0.011253 
0.120358 0.0217398 -0.0157264 
0.200501 0.0444194 0.0580546 
0.362334 0.0572386 -0.0438142 
0.416039 0.0481915 -0.0161436 
0.186097 0.0201199 0.0590866 
0.139741 0.0340456 -0.0618107 
0.355789 0.00167669 -0.00590993 
0.261758 0.022761 0.0579185 
0.139769 0.0211549 0.0395771 
0.10503 0.0127071 0.00359876 
0.193425 0.009600040000000001 -0.0154978 
0.161773 -0.0192537 -0.0110278 
0.224622 0.00130314 0.058001 
0.26219 0.0591 0.0387988 
0.358977 0.0594653 0.0336342 
0.112443 0.0458072 -0.00145773 
0.269622 0.0418395 -0.0620993 
0.036855 -0.0284924 0.0634183 
0.0348719 -0.0149313 -0.0614004 
0.120904 -0.0124428 0.0279638 
0.11689 0.03669 -0.0234773 
0.159825 0.00598595 -0.0307762 
0.155547 -0.00986105 -0.0216424 
0.106347 -0.0202724 -0.0339545 
0.108267 0.0356495 -0.00533892 
0.0739046 0.0466041 -0.0564493 
0.275717 0.0667272 -0.0182385 
0.266088 0.0106406 -0.000167127 
0.435452 0.0451738 -0.0389211 
0.120261 0.0319044 0.00549605 
0.0971514 0.00282736 -0.00535277 
0.266006 -0.00287093 0.015326 
0.141668 0.0616545 0.0585345 
0.332161 -7.30006e-06 0.009295909999999999 
0.293233 -0.0179863 -0.0621518 
0.0700447 0.06400169999999999 0.0329642 
0.163972 0.0711881 -0.0358711 
0.239223 0.0153248 0.0379685 
0.110877 -0.000362955 -0.0208691 
0.120548 -0.0288182 0.00557958 
0.0589147 0.0444627 0.0583692 
0.102497 0.0279995 -0.0110953 
0.399201 0.0534378 -0.00270491 
0.423676 0.00696845 0.0586228 
0.0243681 -0.0300642 0.063446 
0.279916 -0.0124041 0.01985 
0.0871333 -0.00544009 0.0593065 
0.168274 0.0728367 0.0192288 
0.133759 -0.0178215 0.0185558 
0.145537 0.00563384 -0.036279 
0.0603108 -0.040441 0.0583661 
0.355081 0.0600853 0.0213693 
0.110997 0.000543457 0.00700373 
0.1035 -0.0372082 -0.0171837 
0.241121 0.0596996 -0.0606493 
0.216328 -0.0171571 -0.0119052 
0.320169 -0.00302421 0.0111714 
0.131773 0.0450198 0.00342295 
0.161263 -0.0233997 -0.0568585 
0.116352 -0.0201979 0.0214323 
0.117489 0.0112038 0.00566642 
0.251029 0.0427927 0.0379423 
0.0610843 -0.0455369 -0.0602853 
0.118963 0.00386905 -0.0186359 
0.279286 -0.00747335 -0.00420604 
0.25638 0.0121 -0.0450845 
0.489287 -0.00589958 -0.0603035 
0.444364 0.024094 -0.0601886 
0.113498 -0.00160581 -0.0442 
0.106265 -0.0109411 0.059264 
0.0233593 -0.0479625 0.0584482 
0.484142 -0.0243292 -0.00266052 
0.108215 0.0129746 -0.0318223 
0.466482 -0.0180417 -0.0575368 
0.332076 0.0525346 -0.0605531 
0.122379 0.0483882 0.0622287 
0.192516 -0.0252974 0.0580723 
0.114881 0.0691542 -0.0191201 
0.396666 0.0182447 -0.0573816 
0.109535 0.0135185 0.0416324 
0.15905 0.00331794 0.0368707 
0.28787 4.26311e-05 -0.00982801 
0.144645 0.0156419 -0.0138599 
0.0705781 -0.034114 0.0593433 
0.102391 -0.0234065 0.0125785 
0.372925 0.00444852 -0.0573289 
0.369233 0.028111 -0.058336 
0.225307 0.0166061 0.00200315 
0.418746 0.049225 -0.0413326 
0.28453 -0.0125221 -0.0190719 
0.108241 0.0359128 -0.0219931 
0.07386769999999999 -0.0258974 0.059336 
0.243898 0.07281700000000001 0.0291462 
0.112184 -0.0153411 0.0582508 
0.347514 -0.009684150000000001 -0.0582724 
0.146697 -0.00879548 0.0295717 
0.227749 0.00578436 0.057994 
0.118861 0.0222059 -0.0152228 
0.426201 -0.0174415 0.005775 
0.472001 -0.0247 -0.058549 
0.4806 -0.00489949 0.0574321 
0.150686 0.0410497 0.00951167 
0.149286 0.008115300000000001 -0.0290612 
0.120704 0.0108509 -0.0405064 
0.182283 0.0125753 0.0590951 
0.185711 -0.0337668 0.0607176 
0.277999 0.0128786 0.0578824 
0.0608066 -0.0418601 -0.0566353 
0.142875 0.00348223 -0.00678421 
0.274836 -0.00458908 -0.00159011 
0.216188 -0.0201794 -0.0104035 
0.235253 0.0146358 0.00838617 
0.104276 -0.00517021 -0.00802198 
0.15928 0.0106455 0.0186276 
0.142202 0.0158934 0.0126851 
0.358065 0.0596543 0.00128031 
0.162466 0.0207557 0.0020706 
0.148473 0.0678913 -0.0424241 
0.121349 -0.00454991 0.0158308 
0.0132574 0.0398118 0.0634707 
0.327863 0.0278372 0.0627716 
0.146707 0.0181108 0.0120861 
0.0834936 0.0122784 0.0583146 
0.354442 -0.000875714 0.00639245 
0.0489596 0.0334037 0.0593913 
0.143017 0.0254303 -0.00229269 
-0.0390872 -0.0296985 0.058587 
0.121285 0.0483118 -0.0614822 
0.117693 0.0430502 0.021396 
0.248001 0.0121 0.047996 
0.24804 0.0610826 -0.0600565 
0.120417 0.06583749999999999 0.0426299 
0.144371 -0.0235005 -0.026667 
0.130707 -0.0366784 -0.018095 
0.104878 -0.0148631 0.0582671 
0.366935 0.0136368 0.0586847 
0.148348 -0.00309497 0.06477049999999999 
0.07655969999999999 0.0326755 0.05833 
0.386975 0.0544359 -0.02044 
0.143671 -0.0202142 -0.00154396 
0.134926 -0.0410902 0.00512988 
0.139063 0.0439187 -0.00769378 
0.181239 0.069298 0.0437169 
0.141224 0.0134971 0.0403431 
0.269533 0.06755650000000001 -0.0405997 
0.140345 0.005638 -0.000580412 
0.412773 -0.0239174 -0.0585039 
0.241527 -0.0174181 0.0159893 
0.374253 0.0552261 0.0411672 
0.167231 0.0126856 -0.0539921 
0.299687 -0.0113786 -0.00946428 
0.276621 -0.00324428 -0.0589876 
0.290129 0.0697743 -0.0391416 
0.273704 0.0285613 0.0378919 
0.108717 0.0247369 0.0353356 
0.351848 0.0606211 -0.0318298 
0.484189 -0.0255642 -0.0120032 
0.147834 0.019652 0.0193505 
0.411912 0.0222023 0.0575848 
0.3139 -0.0156559 -0.00114872 
0.102118 0.018854 0.0343668 
0.129852 -0.00341307 0.0592289 
0.252076 -0.0120086 -0.00819112 
0.0987247 -0.002 0.0612385 
0.132549 -0.0136123 0.00864559 
0.435429 0.0429952 -0.00932906 
0.282128 -0.0156608 0.0142063 
0.0466031 0.0295724 -0.0566037 
0.123501 -0.00366136 -0.0577746 
0.169637 0.06707109999999999 0.054849 
0.057109 0.00114418 0.04897 
0.155569 -0.0108959 0.06342639999999999 
0.335112 0.035894 0.0596567 
0.241248 0.06822880000000001 0.0555475 
0.267927 0.0699521 -0.0025827 
0.326615 0.0656284 -0.00963344 
0.10393 0.0286863 -0.00383719 
0.147533 0.029421 0.00215214 
0.271368 0.00500293 0.00768217 
0.144442 0.0146981 -0.0211182 
0.117355 0.0637866 0.0500962 
0.115732 -0.00111049 0.0265145 
0.177897 -0.00523559 -0.0183549 
0.11682 0.0285715 0.0582405 
0.0620583 0.0215703 -0.0586381 
0.140803 -0.0189362 0.0078204 
0.111511 0.00333376 -0.0448064 
0.149539 0.0112771 0.0398234 
0.159796 -0.0282142 -0.0246792 
0.143339 -0.0186304 0.00305307 
0.432204 0.0460146 0.0352263 
0.23673 0.0485 -0.0428774 
0.373124 0.0511416 0.0559908 
0.451469 -0.0148789 0.008076 
0.177998 0.0187622 -0.0105442 
0.105212 -0.0146299 0.0582663 
0.275341 0.00390756 -0.0168922 
0.11742 -0.0412999 -0.0594572 
0.25505 -0.0231042 0.00364775 
0.123359 0.009167659999999999 -0.00564933 
0.475149 0.0240229 -0.0594303 
0.380063 -0.0196003 0.06265560000000001 
0.394166 0.00515409 -0.0583761 
0.352337 0.0620924 0.0230845 
0.225499 0.0733393 0.0401361 
0.0871195 0.0662865 0.022827 
0.412499 -0.0164937 0.009741700000000001 
0.171819 0.0004243 -0.0602263 
0.172583 0.027889 -0.0568837 
0.122837 -0.0181159 -0.00647542 
0.155378 -0.0140949 -0.0200705 
0.364261 0.0107399 -0.0573096 
0.399353 0.00225119 0.0586127 
0.229899 0.0177432 0.0443228 
0.279863 -0.0175407 -0.0101073 
0.0472626 0.0183771 0.0596582 
0.163577 -0.026645 -0.00586352 
0.27155 0.0697908 0.0349553 
0.136571 0.00180048 0.0077367 
0.344991 -0.0158843 0.0577335 
0.0987986 0.00960776 0.0148045 
0.280266 0.0101414 0.00403245 
0.160127 -0.0229651 0.0279727 
0.122954 -0.00547164 -0.0567734 
0.363481 -0.0152076 0.0586924 
0.261266 -0.00185756 0.00591898 
0.329383 0.0347927 0.0577682 
0.16504 0.00504714 -0.0493313 
0.445642 -0.0128631 0.008626770000000001 
0.08583880000000001 0.036069 0.0573517 
0.177482 -0.0110608 -0.0176543 
0.156328 0.008109689999999999 -0.0413475 
0.253446 0.068615 -0.0535615 
0.183708 0.07328270000000001 -0.00877154 
0.16396 -0.010218 0.0641211 
0.160303 0.0146454 0.0502894 
0.0356132 0.031431 -0.0615793 
0.101941 0.041511 0.00298715 
0.1541 -0.0159979 -0.022911 
0.289293 0.00216326 0.00623847 
0.271284 0.0437745 -0.057103 
0.163354 0.0711666 0.0336539 
0.164934 -0.00757471 0.0364248 
0.151674 0.00668844 0.0574631 
0.156161 0.0097845 0.0606501 
0.109122 0.0362674 -0.0193971 
0.354528 0.00657734 -0.057288 
0.109219 0.0367909 0.014469 
0.363502 -0.0218498 0.0626924 
0.363694 0.0602265 -0.0104759 
0.28053 0.069054 0.0289621 
0.139063 -0.00116882 0.0312612 
0.442258 -0.0222522 -0.0574829 
0.0430636 -0.00528225 -0.0565958 
0.263717 -0.0172033 0.0579141 
0.0829517 -0.0304135 -0.0576845 
0.104454 0.0261842 -0.014312 
0.189801 0.06977179999999999 0.0545042 
0.270385 -0.0164749 -0.008739739999999999 
0.188556 0.0330956 -0.0569192 
0.304699 0.0682634 -0.0189338 
0.311741 0.0673695 -0.0286093 
0.486039 -0.0188883 -0.0118462 
0.175133 0.00324279 0.0596178 
0.136808 -0.0156126 0.0396023 
0.135995 -0.0289325 -0.00399476 
0.193942 0.0593178 0.0621182 
0.244106 0.0418002 0.0579577 
0.104614 -0.0216892 0.0358396 
0.137544 0.0227177 0.0148734 
0.108675 0.0396244 0.018465 
0.126454 0.00319561 -0.0567812 
0.28413 0.0407683 -0.0571315 
0.149514 0.0105523 0.0416765 
0.126577 -0.0216238 0.00516357 
0.214664 -0.0125839 -0.0569772 
0.165837 0.00558107 0.0516786 
0.150277 0.0325931 -0.019302 
0.302557 0.0172653 0.0592059 
0.375094 0.000844549 -0.0583337 
0.232388 -0.0118074 -0.0570166 
0.0758645 -0.0129914 -0.0610766 
0.0435837 0.0258195 0.0584033 
0.171829 0.00701163 0.0295607 
0.108294 0.0113266 0.0337359 
0.146721 -0.009803259999999999 0.029341 
0.40911 0.0514189 -0.00420837 
0.110713 -0.0286149 0.032323 
0.163166 -0.008384900000000001 -0.0216622 
0.142514 -0.0202378 -0.000340595 
0.388798 0.00204561 0.010808 
0.107269 0.00502029 -0.0305802 
-0.00517403 -0.0376331 -0.0608773 
0.104148 -0.029484 0.0582687 
0.322199 0.0259933 0.0577841 
0.123348 -0.0219303 -0.0344895 
0.372724 0.0364752 0.0592305 
0.105677 -0.01037 -0.00275315 
0.136645 -0.00351932 0.0174921 
0.072256 -0.0305125 0.0583396 
0.101181 -0.008267969999999999 -0.056725 
0.150903 0.0117288 -0.0237686 
0.131522 0.01664 -0.0387172 
0.123142 -0.00389432 0.00184867 
0.00798341 -0.044893 0.0584824 
0.466957 -0.0251365 0.0600539 
0.0568782 0.00446709 -0.0548847 
0.392432 -0.00704228 0.011338 
0.128865 -0.00108616 0.0240216 
0.13049 0.0186597 -0.0567901 
0.289584 -0.00131985 0.0133678 
0.451032 -0.00539034 0.00582089 
0.40014 0.00380532 0.0586109 
0.25404 0.00991037 -0.0570647 
0.435508 -0.0296702 -0.0624679 
0.167657 0.071325 0.0197335 
0.212306 -0.00780321 -0.0569719 
-0.00718512 0.046237 -0.056274 
0.126628 0.0115331 0.0417205 
0.327108 -0.0123024 -0.009637039999999999 
0.150179 -0.0212061 0.0225455 
0.259537 -0.0170303 -0.00598149 
0.15466 0.0491234 0.0591565 
0.254519 0.00464928 -0.0186103 
0.09188209999999999 0.0358804 0.059296 
0.272394 0.0684004 -0.0519125 
0.302015 -0.0100979 -0.0571713 
0.122804 -0.017983 -0.0369145 
0.345248 0.0615888 -0.00502413 
0.247462 -0.0116944 -0.0168879 
-0.00643807 0.0369391 0.0612158 
0.08382969999999999 0.0658643 0.012728 
0.14649 0.0325478 -0.00526136 
0.13545 0.008970199999999999 -0.0240341 
0.141485 -0.0341364 0.0212428 
0.156411 -0.00634769 -0.0483707 
0.115697 0.0426596 -0.0107929 
 0.158 -0.0110385 -0.0624854 
0.104699 -0.0194697 -0.011689 
0.230454 0.0515042 0.039988 
0.10754 -0.0355426 -0.0187986 
0.12669 0.0702638 -0.0324496 
0.405969 -0.00128119 2.45563e-05 
0.146579 -0.00368733 0.0444364 
-0.0424256 0.00158013 -0.0614059 
0.225221 0.0139435 -0.0122128 
0.037934 -0.0444817 0.0584158 
0.108527 0.00363934 0.00549442 
0.146508 0.0118015 -0.0278326 
0.161078 -0.017342 0.0123565 
0.114768 0.0277734 0.0334626 
0.125887 -0.000385536 -0.0201451 
0.193086 0.0165152 0.0113893 
0.186673 0.00360127 0.0195013 
0.164541 0.0195421 -0.00653811 
0.216565 0.0168908 0.00352734 
0.2036 -0.0116875 -0.0569526 
0.104377 0.0264177 -0.0577321 
0.274593 0.0317838 -0.0571103 
0.180089 -0.0137661 0.0590999 
0.174752 -0.0074476 -0.0579387 
0.0700433 0.00161159 -0.0627558 
0.321947 0.0021416 0.00749426 
0.400829 0.0487082 0.054962 
0.133736 0.069434 0.0297793 
0.104921 0.06817189999999999 -0.0246814 
0.151913 0.0210441 0.0282361 
0.17627 0.0496611 -0.0578919 
0.452235 0.0253928 -0.0587104 
0.116616 -0.00605077 -0.0117499 
0.192295 0.00308455 -0.0214866 
0.0581525 0.0276809 0.0593709 
0.183997 -0.00669968 0.00138189 
0.163227 0.0687904 0.0229536 
0.422696 -0.0172594 0.00581573 
0.368896 0.00253826 0.00295208 
0.104418 -0.0221558 0.0246943 
0.41736 0.0495519 -0.0307607 
0.218784 -0.01218 -0.0569863 
0.271732 0.06969649999999999 -0.00411131 
0.260314 0.0687262 -0.0529294 
0.428235 -0.0222535 0.0585485 
0.106003 -0.0155061 -0.000267984 
0.032124 -0.0234812 0.06342879999999999 
0.278024 0.0519734 0.0578775 
0.218318 0.0358586 0.058015 
0.121829 -0.0247714 0.0338092 
0.147018 0.00805552 0.0202547 
0.438839 0.0233537 -0.0621516 
0.259515 0.007766 0.009512909999999999 
0.225976 -0.00773742 0.0614155 
0.209407 0.0007774909999999999 -0.0569655 
0.241232 -0.00467938 0.0213039 
0.241584 -0.00632162 -0.0186405 
0.101836 0.0393001 -0.000434786 
0.126314 -0.00944236 -0.0217918 
0.06333950000000001 0.0275829 0.0583594 
0.145927 0.0546802 0.0592852 
0.40075 0.00644977 -0.0573907 
0.455552 -0.0387222 0.0624569 
-0.0368905 0.009824950000000001 -0.0595804 
0.133055 -0.0070931 0.00641019 
0.287183 -0.0193125 0.057862 
0.483901 -0.00611526 0.0574248 
0.288417 -0.0139892 0.00775963 
0.262391 -0.0184915 -0.00144712 
0.179445 0.004953 -0.0195382 
0.214933 0.0190556 0.0605986 
0.195662 0.0210443 0.000197529 
0.154389 0.00229971 -0.0562016 
0.214547 0.0720681 0.0378097 
0.396777 0.0538974 0.00474698 
0.125088 -0.0198905 0.0104685 
0.108517 0.0446788 -0.0103724 
0.329476 -0.0156878 0.003621 
0.343457 -0.0114557 -0.00819227 
0.218662 0.0287007 -0.0569861 
0.241797 0.0326949 0.0579628 
0.126625 -0.0153488 -0.0120183 
0.385039 -0.000147219 0.0025698 
0.127612 -0.0279673 -0.0567837 
0.226546 -0.0226585 0.0070961 
0.143736 0.0168165 -0.0363278 
0.301296 0.0667476 -0.0461162 
0.16566 -0.008779149999999999 0.0543429 
-0.0425062 -0.0167778 0.0585946 
0.119845 0.0430036 -0.0140161 
0.343652 -0.00683067 -0.0111481 
0.144434 -0.0283196 -0.0618211 
0.14789 0.0220538 0.000577338 
0.229481 0.0570406 0.0399901 
0.482036 0.012422 0.058429 
0.1544 -0.00188399 0.0260653 
0.156179 0.00823776 -0.0318712 
0.06801359999999999 0.0553549 -0.0523606 
0.124451 -0.0127617 -0.0266014 
0.0361848 -0.0146275 0.0634197 
0.115188 0.0406016 0.018092 
0.135231 0.0246536 0.0357327 
0.317723 0.00112871 0.00891491 
0.139565 -0.0267268 0.031693 
0.289613 -0.000868147 0.0181358 
0.361424 0.0590253 -0.0281519 
0.242464 0.00565526 -0.0183643 
0.229427 -0.0187954 -0.05701 
0.0605658 0.0386545 0.06336559999999999 
0.280674 0.0009884399999999999 0.0146937 
0.138299 0.00188698 0.0265985 
0.181823 0.0416245 0.0604453 
0.10608 -0.0148139 -0.0567359 
0.276263 -0.0176617 -0.008071740000000001 
0.2571 0.0688228 -0.0497381 
0.291491 0.0331667 -0.0391478 
0.129891 -0.0128766 -0.00129978 
0.161913 -0.0055968 0.0419215 
0.177683 -0.0114989 -0.061895 
0.0586165 0.0206604 0.0593699 
0.265404 -0.0109827 0.0167594 
0.158167 -0.0326337 0.00587219 
0.102456 -0.0181464 0.020614 
0.123221 0.0416417 0.0143192 
0.244547 -0.00555118 0.0579567 
0.0717868 0.00346271 -0.0446596 
0.109463 -0.0279625 0.0293597 
0.106842 -0.00139922 0.0329351 
0.291319 -0.000621331 -0.0581475 
0.124329 -0.0304219 -0.0271893 
0.227601 -0.0100961 -0.0190589 
0.12635 0.0327133 -0.0567809 
0.185064 0.010994 -0.0579114 
0.419306 0.0491223 0.0105248 
0.151229 0.008306559999999999 -0.055116 
0.108384 0.0532477 -0.0588126 
0.209502 0.0270439 0.0580346 
0.206142 0.0736054 -0.00835486 
0.394087 -0.00242808 -0.00756451 
0.14069 -0.000133037 0.0273035 
0.104381 -0.00296513 -0.00100977 
0.359258 0.0556706 -0.0531781 
0.279945 0.0131858 -0.00666679 
0.103124 -0.010163 0.0128214 
0.138506 0.0100073 0.0294818 
0.116306 -0.013168 0.000288876 
-0.0381352 -0.0151764 0.0585849 
0.103586 0.0463037 -0.0567303 
0.0792103 -0.00845363 0.0583241 
0.182972 0.0160434 0.0580935 
0.146884 -0.0252353 -0.0157606 
0.131243 -0.00877125 -0.0149417 
0.150227 0.0315948 -0.0232901 
0.170007 -0.0103058 -0.0529553 
0.157187 0.0206476 -0.00367699 
0.0889915 0.0645999 0.0513983 
0.101899 -0.00492852 -0.014074 
0.0569966 0.0426581 -0.0587412 
0.253507 0.0035406 -0.0191399 
0.09236469999999999 0.0239292 0.0582949 
0.107811 0.00789657 -0.00787618 
0.335037 0.00371154 0.06275559999999999 
0.0487551 -0.0394649 0.0620264 
0.182231 0.0117628 0.0205971 
0.117395 0.0324402 0.00275789 
0.394589 -0.014019 0.0101232 
0.425746 0.045961 0.0200404 
0.132202 0.0219998 -0.014808 
0.143618 0.0715766 0.0324837 
0.148884 0.0711584 0.0480576 
0.236141 -0.0228579 -0.00626396 
0.153212 0.00460668 -0.00346732 
0.200929 0.0720615 0.01379 
0.144791 0.0129325 0.0428477 
0.136827 0.0261887 0.0591961 
0.112464 0.0423014 0.0226287 
0.126074 -0.00603358 -0.0121126 
0.391308 -0.000857766 -0.00728278 
0.231997 0.0601301 0.0585138 
0.172241 -0.0197363 -0.00152552 
0.15259 -0.0201856 -0.0602666 
0.18851 -0.00367586 -0.0201362 
0.193534 0.0434043 -0.0579302 
0.150312 0.0679733 0.0433332 
0.139747 0.0266599 0.00311046 
0.13507 0.00903029 0.0114273 
0.262269 0.0121 0.0474657 
0.0568975 0.00200787 -0.0461694 
0.108986 0.0635479 -0.0527887 
0.15177 0.017831 0.0224148 
0.122308 0.0215176 -0.0158946 
0.363033 -0.0252529 -0.0620464 
0.135164 -0.0117969 -0.0219034 
0.40214 0.0528938 -0.0389141 
0.169081 0.00430101 -0.0506383 
0.157213 0.0058146 0.0634508 
0.129768 -0.0135041 0.00562075 
0.212717 -0.0144284 0.0580274 
0.260624 0.00158964 -0.0181397 
0.314568 -0.00216528 0.0578011 
0.117776 -0.0162697 0.0255836 
0.429651 0.0466385 0.0206947 
0.142824 0.0445695 0.00441886 
0.281379 -0.00783501 -0.0015319 
0.11021 0.0586486 0.0605567 
0.178758 -0.009483210000000001 -0.0184716 
0.382019 0.0556559 0.0494031 
0.146062 -0.0230243 0.00483031 
0.0938365 0.0127639 0.0592916 
0.150419 0.0128055 0.0154667 
0.187824 -0.0221139 -4.68248e-05 
0.07016940000000001 -0.0108527 0.0593442 
0.256853 0.07202169999999999 -0.0193326 
0.138634 -0.0227171 0.0116134 
0.0610187 -0.0455096 -0.060815 
0.137815 -0.0137817 0.0220964 
0.150033 -0.0251359 0.0289259 
0.06457640000000001 0.00264783 0.0583566 
0.16405 0.0192377 -0.000693756 
0.190225 0.0734785 -0.00630114 
0.327868 0.0317828 -0.0572287 
0.125706 -0.0173951 0.040491 
0.240371 0.0206377 -0.0370343 
0.109966 0.0113626 -0.00237398 
0.174266 -0.0048677 0.0529346 
0.0781361 0.0179507 0.0611545 
0.151754 0.0176297 0.0190001 
0.459697 0.0262489 0.0574786 
0.289905 0.00474495 -0.0602521 
0.19095 -0.00708933 -0.000870413 
0.296578 0.0434412 -0.0571592 
0.07590909999999999 -0.0443304 -0.0610718 
0.240835 -0.00576865 -0.0186887 
0.14259 0.00950639 -0.0165004 
0.111423 0.0617919 0.0563947 
0.198369 0.0134652 -0.057941 
0.4873 -0.0253405 0.00982368 
0.471717 0.000227138 -0.0625484 
0.276911 0.0322683 0.0496834 
0.140346 -0.00809467 0.0413011 
0.111424 -0.00107368 -0.0190298 
0.118145 0.013511 -0.0276154 
0.251271 0.0384507 0.0589418 
0.343022 -0.0239245 -0.0582749 
0.156954 0.06500549999999999 0.0560835 
0.143474 -0.00294518 -0.06480039999999999 
0.196596 0.069589 0.0413578 
0.109193 0.0252373 -0.0215925 
0.280613 0.00231279 0.0177766 
0.250696 0.0023134 0.0118606 
0.423484 -0.0137201 -0.00802747 
3 482 811 43 
3 83 58 234 
3 58 83 43 
3 612 254 305 
3 254 612 218 
3 323 756 21 
3 163 323 21 
3 323 163 156 
3 46 382 54 
3 382 46 811 
3 46 985 811 
3 46 815 218 
3 985 46 218 
3 716 482 43 
3 195 382 811 
3 482 195 811 
3 811 284 43 
3 756 48 21 
3 83 48 756 
3 48 83 234 
3 264 163 21 
3 775 254 54 
3 77 968 364 
3 258 937 21 
3 843 46 54 
3 46 843 815 
3 254 843 54 
3 815 843 218 
3 843 254 218 
3 716 456 482 
3 456 538 156 
3 195 456 382 
3 726 58 43 
3 284 726 43 
3 58 726 234 
3 985 568 811 
3 568 985 218 
3 408 258 21 
3 48 408 21 
3 466 539 234 
3 539 48 234 
3 408 539 466 
3 539 408 48 
3 254 602 305 
3 369 602 254 
3 264 531 163 
3 163 531 156 
3 531 456 156 
3 456 531 382 
3 955 369 254 
3 775 955 254 
3 369 955 294 
3 585 955 775 
3 132 77 886 
3 968 645 364 
3 447 264 21 
3 918 447 320 
3 62 777 743 
3 942 359 305 
3 343 369 294 
3 486 466 234 
3 201 737 305 
3 737 201 285 
3 359 201 305 
3 201 359 285 
3 258 644 364 
3 77 256 886 
3 256 77 364 
3 937 187 21 
3 187 937 62 
3 187 447 21 
3 187 62 743 
3 447 187 743 
3 371 258 364 
3 371 937 258 
3 62 371 364 
3 937 371 62 
3 837 323 156 
3 538 837 156 
3 323 837 756 
3 837 538 756 
3 704 716 43 
3 538 704 756 
3 83 704 43 
3 704 83 756 
3 911 195 482 
3 456 911 482 
3 911 456 195 
3 78 456 716 
3 456 78 538 
3 704 78 716 
3 78 704 538 
3 800 612 305 
3 486 800 305 
3 800 486 234 
3 511 284 811 
3 568 511 811 
3 408 107 258 
3 107 644 258 
3 602 440 305 
3 531 106 382 
3 604 775 54 
3 585 604 54 
3 604 585 775 
3 42 968 77 
3 132 42 77 
3 447 904 264 
3 918 904 447 
3 904 171 264 
3 171 904 918 
3 42 299 968 
3 299 42 132 
3 299 645 968 
3 777 617 743 
3 617 777 320 
3 617 447 743 
3 447 617 320 
3 753 62 364 
3 753 777 62 
3 615 661 294 
3 661 615 359 
3 587 224 285 
3 359 587 285 
3 587 615 224 
3 615 587 359 
3 792 644 486 
3 737 792 305 
3 792 486 305 
3 644 792 364 
3 792 256 364 
3 256 792 737 
3 564 737 285 
3 564 256 737 
3 363 800 234 
3 511 478 284 
3 612 478 218 
3 478 568 218 
3 478 511 568 
3 107 542 644 
3 486 542 466 
3 644 542 486 
3 542 408 466 
3 542 107 408 
3 500 942 305 
3 440 500 305 
3 953 531 264 
3 953 106 531 
3 171 953 264 
3 585 669 220 
3 171 669 585 
3 669 918 220 
3 669 171 918 
3 678 171 585 
3 678 585 54 
3 953 678 106 
3 678 953 171 
3 382 678 54 
3 106 678 382 
3 299 459 645 
3 126 585 220 
3 126 955 585 
3 955 126 294 
3 126 615 294 
3 777 489 320 
3 176 359 942 
3 176 661 359 
3 343 176 942 
3 661 176 294 
3 176 343 294 
3 986 726 284 
3 478 986 284 
3 726 986 234 
3 986 363 234 
3 363 986 800 
3 800 986 612 
3 986 478 612 
3 152 440 602 
3 152 882 500 
3 152 602 369 
3 882 152 369 
3 343 698 369 
3 698 343 942 
3 148 753 364 
3 459 148 645 
3 645 148 364 
3 124 126 564 
3 615 124 224 
3 126 124 615 
3 564 961 256 
3 126 961 564 
3 753 181 777 
3 181 489 777 
3 489 181 320 
3 148 181 753 
3 950 500 440 
3 152 950 440 
3 950 152 500 
3 882 789 500 
3 500 789 942 
3 789 698 942 
3 789 882 369 
3 698 789 369 
3 917 918 320 
3 181 917 320 
3 917 181 148 
3 917 299 918 
3 917 459 299 
3 672 564 285 
3 672 124 564 
3 224 672 285 
3 124 672 224 
3 504 961 126 
3 961 504 256 
3 98 148 459 
3 917 98 459 
3 98 917 148 
3 256 200 886 
3 504 200 256 
3 616 504 126 
3 299 616 918 
3 616 200 504 
3 918 616 220 
3 616 126 220 
3 616 299 132 
3 616 132 886 
3 200 616 886 
Vertices and facets:
- p482(v19): 0.023 -0.048 0.058
- p811(v10):  0.46 -0.039 0.062
- p43(v7): 0.038 -0.047 -0.061
- p58(v23):  0.16 -0.014 -0.065
- p83(v22): 0.058 -0.00091 -0.065
- p234(v3):  0.16 0.013 -0.066
- p254(v24):  0.47 0.036 0.057
- p612(v12):  0.48 0.024 -0.059
- p305(v8):  0.45 0.042 -0.058
- p218(v1):   0.5 -0.0052 3.3e-05
- p323(v31): -0.044 0.0098 -0.056
- p756(v11): -0.042 0.0016 -0.061
- p21(v5): -0.0074 0.049 -0.056
- p163(v16): -0.038 0.032 0.061
- p156(v0): -0.046 0.018 0.062
- p46(v32):  0.47 -0.03 0.062
- p382(v17):  0.16 0.014 0.067
- p54(v6):  0.46  0.03 0.062
- p985(v20):  0.49 -0.025 0.0098
- p815(v18):  0.48 -0.0061 0.057
- p716(v33): 0.008 -0.045 0.058
- p195(v34):  0.11 -0.042 0.063
- p284(v35):  0.44 -0.031 -0.062
- p48(v36): 0.036 0.045 -0.061
- p264(v38):  0.04 0.056 0.059
- p775(v39):   0.4 0.049 0.055
- p968(v41):  0.19 0.073 -0.0063
- p77(v40):   0.2 0.074 -0.016
- p364(v14):  0.18 0.073 -0.046
- p937(v49):  0.11 0.064 -0.053
- p258(v30):   0.2 0.067 -0.056
- p843(v50):  0.48 0.012 0.058
- p456(v52): 0.024 -0.03 0.063
- p538(v51): -0.039 -0.03 0.059
- p726(v53):  0.44 -0.03 -0.062
- p568(v54):  0.48 -0.026 -0.012
- p408(v55):  0.21 0.062 -0.06
- p539(v56):  0.12 0.048 -0.061
- p466(v15):  0.24  0.06 -0.061
- p602(v57):  0.43 0.046 0.035
- p369(v37):  0.41 0.051 0.042
- p531(v58): 0.013  0.04 0.063
- p955(v60):  0.38 0.056 0.049
- p294(v13):  0.36  0.06 0.034
- p585(v59):  0.24 0.068 0.056
- p132(v61):   0.2 0.074 -0.0027
- p886(v2):  0.21 0.074 -0.0084
- p645(v62):  0.18 0.073 -0.0088
- p447(v63):  0.07 0.064 0.033
- p918(v64):  0.15 0.071 0.048
- p320(v42):  0.13  0.07 0.026
- p777(v65):   0.1 0.068 -0.025
- p62(v27):   0.1 0.068 -0.045
- p743(v9): 0.084 0.066 0.013
- p359(v66):  0.34 0.064 -0.04
- p942(v44):   0.4 0.053 -0.039
- p343(v67):  0.41 0.052 0.021
- p486(v68):  0.33 0.053 -0.061
- p201(v69):  0.36 0.058 -0.051
- p737(v45):  0.27 0.068 -0.052
- p285(v28):  0.32 0.067 -0.044
- p644(v70):  0.25 0.069 -0.054
- p256(v71):  0.26 0.072 -0.038
- p187(v73): 0.066 0.062 -0.049
- p371(v74):  0.15 0.067 -0.053
- p837(v75): -0.043 -0.017 0.059
- p704(v76): -0.0052 -0.038 -0.061
- p911(v77): 0.049 -0.039 0.062
- p78(v78): -0.031 -0.033 0.059
- p800(v79):  0.44 0.023 -0.062
- p511(v80):  0.47 -0.025 -0.059
- p107(v81):  0.21 0.066 -0.058
- p440(v82):  0.44 0.045 -0.039
- p106(v83):  0.14 0.055 0.063
- p604(v84):  0.37 0.051 0.056
- p42(v85):   0.2 0.074 -0.012
- p904(v87): 0.089 0.065 0.051
- p171(v86):  0.16 0.066 0.057
- p299(v88):  0.19 0.073  0.03
- p617(v89): 0.087 0.066 0.023
- p753(v90):  0.13  0.07 -0.032
- p615(v92):  0.35 0.062 0.023
- p661(v91):  0.36  0.06 -0.01
- p587(v93):  0.33 0.066 -0.0096
- p224(v46):  0.32 0.066 0.003
- p792(v95):  0.26 0.069 -0.053
- p564(v96):  0.29  0.07 -0.039
- p363(v98):  0.43 0.017 -0.062
- p478(v99):  0.49 -0.0059 -0.06
- p542(v100):  0.25 0.061 -0.06
- p500(v102):  0.42 0.049 -0.041
- p953(v104):  0.11 0.059 0.061
- p669(v105):  0.19  0.07 0.055
- p220(v25):  0.22  0.07 0.054
- p678(v106):  0.19 0.059 0.062
- p459(v107):  0.17 0.073 0.019
- p126(v108):  0.26 0.072 0.046
- p489(v109):  0.11 0.069 -0.019
- p176(v110):  0.39 0.056 -0.034
- p986(v112):  0.47 0.00023 -0.063
- p152(v114):  0.43 0.047 0.033
- p882(v113):  0.42 0.049 0.011
- p698(v115):  0.41 0.051 -0.0042
- p148(v116):  0.15 0.072 -0.027
- p124(v117):   0.3 0.069 0.014
- p961(v118):  0.26 0.072 -0.019
- p181(v119):  0.13  0.07 -0.026
- p950(v120):  0.43 0.047 0.021
- p789(v121):  0.42  0.05 -0.031
- p917(v122):  0.14 0.072 0.032
- p672(v123):   0.3 0.068 -0.019
- p504(v124):  0.24 0.073 0.029
- p98(v125):  0.16 0.073 0.0014
- p200(v126):  0.22 0.073 0.014
- p616(v127):  0.23 0.073  0.04
- f66
    - flags: top simplicial
    - normal:   0.02145  -0.9997 -0.007699
    - offset: -0.04800104
    - vertices: p482(v19) p811(v10) p43(v7)
    - neighboring facets: f146 f139 f141
- f86
    - flags: bottom simplicial
    - normal:  -0.00134  -0.0436   -0.999
    - offset: -0.06502914
    - vertices: p58(v23) p83(v22) p234(v3)
    - neighboring facets: f157 f240 f87
- f87
    - flags: top simplicial
    - normal:  -0.005586 -0.07779   -0.997
    - offset: -0.06467817
    - vertices: p58(v23) p83(v22) p43(v7)
    - neighboring facets: f354 f238 f86
- f89
    - flags: bottom simplicial
    - normal:     0.536   0.8429  -0.0467
    - offset: -0.2777128
    - vertices: p254(v24) p612(v12) p305(v8)
    - neighboring facets: f363 f257 f92
- f92
    - flags: top simplicial
    - normal:    0.7539   0.6568 -0.01339
    - offset: -0.3748047
    - vertices: p254(v24) p612(v12) p218(v1)
    - neighboring facets: f460 f225 f89
- f125
    - flags: top simplicial
    - normal:   -0.4177   0.3947  -0.8183
    - offset: -0.06859664
    - vertices: p323(v31) p756(v11) p21(v5)
    - neighboring facets: f154 f126 f349
- f126
    - flags: bottom simplicial
    - normal:   -0.7274   0.6804 -0.08938
    - offset: -0.04404902
    - vertices: p323(v31) p163(v16) p21(v5)
    - neighboring facets: f164 f125 f128
- f128
    - flags: top simplicial
    - normal:   -0.8642   0.5007 -0.04867
    - offset: -0.04606876
    - vertices: p323(v31) p163(v16) p156(v0)
    - neighboring facets: f262 f347 f126
- f130
    - flags: top simplicial
    - normal:   0.01477 0.002115   0.9999
    - offset: -0.06938049
    - vertices: p46(v32) p382(v17) p54(v6)
    - neighboring facets: f495 f221 f131
- f131
    - flags: bottom simplicial
    - normal:   0.01137 -0.02266   0.9997
    - offset: -0.0684953
    - vertices: p46(v32) p382(v17) p811(v10)
    - neighboring facets: f140 f132 f130
- f132
    - flags: top simplicial
    - normal:    0.4302  -0.9022  0.03012
    - offset: -0.2328046
    - vertices: p46(v32) p985(v20) p811(v10)
    - neighboring facets: f244 f131 f134
- f133
    - flags: top simplicial
    - normal:    0.9096  -0.3103   0.2765
    - offset: -0.4579086
    - vertices: p46(v32) p815(v18) p218(v1)
    - neighboring facets: f224 f134 f222
- f134
    - flags: bottom simplicial
    - normal:    0.8392  -0.5187   0.1635
    - offset: -0.4236895
    - vertices: p46(v32) p985(v20) p218(v1)
    - neighboring facets: f246 f133 f132
- f139
    - flags: top simplicial
    - normal:   -0.1957  -0.9801 -0.03453
    - offset: -0.04041559
    - vertices: p716(v33) p482(v19) p43(v7)
    - neighboring facets: f66 f351 f232
- f140
    - flags: top simplicial
    - normal:   0.00217 -0.07487   0.9972
    - offset: -0.06616879
    - vertices: p195(v34) p382(v17) p811(v10)
    - neighboring facets: f131 f141 f237
- f141
    - flags: bottom simplicial
    - normal:  0.006486  -0.6376   0.7704
    - offset: -0.07575741
    - vertices: p195(v34) p482(v19) p811(v10)
    - neighboring facets: f66 f140 f356
- f146
    - flags: bottom simplicial
    - normal:   0.03798  -0.9973 -0.06353
    - offset: -0.0519487
    - vertices: p284(v35) p811(v10) p43(v7)
    - neighboring facets: f66 f239 f369
- f154
    - flags: bottom simplicial
    - normal:  -0.08963   0.1723   -0.981
    - offset: -0.06431128
    - vertices: p48(v36) p756(v11) p21(v5)
    - neighboring facets: f125 f250 f156
- f156
    - flags: bottom simplicial
    - normal:  -0.03513  0.07463  -0.9966
    - offset: -0.06280498
    - vertices: p48(v36) p83(v22) p756(v11)
    - neighboring facets: f355 f154 f157
- f157
    - flags: top simplicial
    - normal:  -0.01802  0.08277  -0.9964
    - offset: -0.0637756
    - vertices: p48(v36) p83(v22) p234(v3)
    - neighboring facets: f86 f254 f156
- f164
    - flags: top simplicial
    - normal:   -0.2926   0.9539  0.06666
    - offset: -0.04560917
    - vertices: p264(v38) p163(v16) p21(v5)
    - neighboring facets: f126 f290 f261
- f168
    - flags: top simplicial
    - normal:    0.1017   0.6563   0.7476
    - offset: -0.1138242
    - vertices: p775(v39) p254(v24) p54(v6)
    - neighboring facets: f223 f388 f275
- f181
    - flags: bottom simplicial
    - normal:  -0.02273   0.9996 -0.01404
    - offset: -0.06921611
    - vertices: p968(v41) p77(v40) p364(v14)
    - neighboring facets: f329 f286 f391
- f218
    - flags: bottom simplicial
    - normal:  -0.05694   0.6537  -0.7546
    - offset: -0.07516916
    - vertices: p937(v49) p258(v30) p21(v5)
    - neighboring facets: f249 f338 f344
- f221
    - flags: top simplicial
    - normal:    0.2619  0.04377   0.9641
    - offset: -0.1831075
    - vertices: p843(v50) p46(v32) p54(v6)
    - neighboring facets: f130 f223 f222
- f222
    - flags: bottom simplicial
    - normal:    0.4656 -0.001097    0.885
    - offset: -0.2761363
    - vertices: p843(v50) p46(v32) p815(v18)
    - neighboring facets: f133 f224 f221
- f223
    - flags: bottom simplicial
    - normal:    0.5548   0.3872   0.7363
    - offset: -0.3152884
    - vertices: p843(v50) p254(v24) p54(v6)
    - neighboring facets: f168 f221 f225
- f224
    - flags: bottom simplicial
    - normal:    0.9519  0.07975   0.2958
    - offset:   -0.47713
    - vertices: p843(v50) p815(v18) p218(v1)
    - neighboring facets: f133 f225 f222
- f225
    - flags: top simplicial
    - normal:    0.8333   0.5403    0.117
    - offset: -0.4152273
    - vertices: p843(v50) p254(v24) p218(v1)
    - neighboring facets: f92 f224 f223
- f232
    - flags: bottom simplicial
    - normal:  -0.05095  -0.2659   0.9626
    - offset: -0.06782949
    - vertices: p456(v52) p716(v33) p482(v19)
    - neighboring facets: f139 f357 f359
- f235
    - flags: top simplicial
    - normal:  -0.07656 -0.07656   0.9941
    - offset: -0.06350909
    - vertices: p456(v52) p538(v51) p156(v0)
    - neighboring facets: f348 f264 f360
- f237
    - flags: bottom simplicial
    - normal:  -0.004129 -0.06931   0.9976
    - offset: -0.06527605
    - vertices: p456(v52) p195(v34) p382(v17)
    - neighboring facets: f140 f265 f358
- f238
    - flags: top simplicial
    - normal:  0.002036  -0.1071  -0.9942
    - offset: -0.0661728
    - vertices: p726(v53) p58(v23) p43(v7)
    - neighboring facets: f87 f239 f240
- f239
    - flags: bottom simplicial
    - normal:  0.009509  -0.2792  -0.9602
    - offset: -0.07240565
    - vertices: p726(v53) p284(v35) p43(v7)
    - neighboring facets: f146 f238 f525
- f240
    - flags: bottom simplicial
    - normal:  0.005783 -0.04241  -0.9991
    - offset: -0.06618756
    - vertices: p726(v53) p58(v23) p234(v3)
    - neighboring facets: f86 f527 f238
- f244
    - flags: bottom simplicial
    - normal:     0.334  -0.9418 -0.03796
    - offset: -0.1862684
    - vertices: p568(v54) p985(v20) p811(v10)
    - neighboring facets: f132 f370 f246
- f246
    - flags: top simplicial
    - normal:    0.7848  -0.6107  -0.1056
    - offset: -0.3968707
    - vertices: p568(v54) p985(v20) p218(v1)
    - neighboring facets: f134 f462 f244
- f249
    - flags: top simplicial
    - normal:   -0.0442   0.5076  -0.8604
    - offset: -0.07379505
    - vertices: p408(v55) p258(v30) p21(v5)
    - neighboring facets: f218 f250 f375
- f250
    - flags: bottom simplicial
    - normal:    -0.044   0.5032  -0.8631
    - offset: -0.07372013
    - vertices: p408(v55) p48(v36) p21(v5)
    - neighboring facets: f154 f249 f256
- f253
    - flags: bottom simplicial
    - normal:  -0.004222   0.1171  -0.9931
    - offset: -0.06620258
    - vertices: p539(v56) p466(v15) p234(v3)
    - neighboring facets: f316 f254 f255
- f254
    - flags: top simplicial
    - normal:  -0.01079     0.11  -0.9939
    - offset: -0.06511195
    - vertices: p539(v56) p48(v36) p234(v3)
    - neighboring facets: f157 f253 f256
- f255
    - flags: bottom simplicial
    - normal:  -0.007435   0.1505  -0.9886
    - offset: -0.06715113
    - vertices: p539(v56) p408(v55) p466(v15)
    - neighboring facets: f469 f253 f256
- f256
    - flags: top simplicial
    - normal:  -0.01365   0.1905  -0.9816
    - offset: -0.06789866
    - vertices: p539(v56) p408(v55) p48(v36)
    - neighboring facets: f250 f254 f255
- f257
    - flags: bottom simplicial
    - normal:    0.2834    0.959 0.004541
    - offset: -0.1667587
    - vertices: p602(v57) p254(v24) p305(v8)
    - neighboring facets: f89 f379 f258
- f258
    - flags: bottom simplicial
    - normal:    0.2477   0.9667   0.0642
    - offset: -0.1538045
    - vertices: p602(v57) p369(v37) p254(v24)
    - neighboring facets: f274 f257 f538
- f261
    - flags: bottom simplicial
    - normal:    -0.112    0.455   0.8834
    - offset: -0.07270077
    - vertices: p531(v58) p264(v38) p163(v16)
    - neighboring facets: f164 f262 f483
- f262
    - flags: bottom simplicial
    - normal:  -0.05934   0.0829   0.9948
    - offset: -0.06565387
    - vertices: p531(v58) p163(v16) p156(v0)
    - neighboring facets: f128 f264 f261
- f264
    - flags: top simplicial
    - normal:  -0.02762 -0.004746   0.9996
    - offset: -0.06289063
    - vertices: p531(v58) p456(v52) p156(v0)
    - neighboring facets: f235 f262 f265
- f265
    - flags: bottom simplicial
    - normal:  -0.02538 -0.004389   0.9997
    - offset: -0.06293838
    - vertices: p531(v58) p456(v52) p382(v17)
    - neighboring facets: f237 f383 f264
- f274
    - flags: top simplicial
    - normal:    0.2051   0.9553   0.2131
    - offset: -0.1420325
    - vertices: p955(v60) p369(v37) p254(v24)
    - neighboring facets: f258 f275 f276
- f275
    - flags: bottom simplicial
    - normal:    0.1425   0.8242   0.5481
    - offset: -0.1273686
    - vertices: p955(v60) p775(v39) p254(v24)
    - neighboring facets: f168 f274 f277
- f276
    - flags: bottom simplicial
    - normal:    0.1753   0.9812  0.08012
    - offset: -0.1255404
    - vertices: p955(v60) p369(v37) p294(v13)
    - neighboring facets: f310 f512 f274
- f277
    - flags: bottom simplicial
    - normal:   0.09621   0.7675   0.6337
    - offset: -0.1107824
    - vertices: p955(v60) p585(v59) p775(v39)
    - neighboring facets: f390 f275 f510
- f280
    - flags: top simplicial
    - normal:  -0.00048        1 0.0002673
    - offset: -0.07350422
    - vertices: p132(v61) p77(v40) p886(v2)
    - neighboring facets: f328 f601 f392
- f286
    - flags: bottom simplicial
    - normal:  -0.02482   0.9996 -0.01374
    - offset: -0.06881331
    - vertices: p645(v62) p968(v41) p364(v14)
    - neighboring facets: f181 f549 f407
- f290
    - flags: top simplicial
    - normal:   -0.2268   0.9732  0.03844
    - offset: -0.04766394
    - vertices: p447(v63) p264(v38) p21(v5)
    - neighboring facets: f164 f340 f399
- f296
    - flags: top simplicial
    - normal:   -0.1032   0.9923  0.06828
    - offset: -0.05853581
    - vertices: p918(v64) p447(v63) p320(v42)
    - neighboring facets: f417 f573 f400
- f300
    - flags: bottom simplicial
    - normal:   -0.1232   0.9924 -0.008235
    - offset: -0.05492956
    - vertices: p777(v65) p62(v27) p743(v9)
    - neighboring facets: f341 f414 f419
- f309
    - flags: bottom simplicial
    - normal:     0.178   0.9754  -0.1303
    - offset:  -0.128262
    - vertices: p359(v66) p942(v44) p305(v8)
    - neighboring facets: f478 f320 f517
- f310
    - flags: top simplicial
    - normal:    0.1893   0.9819 0.004621
    - offset: -0.1281271
    - vertices: p343(v67) p369(v37) p294(v13)
    - neighboring facets: f276 f521 f540
- f316
    - flags: top simplicial
    - normal:  0.008564  0.09535  -0.9954
    - offset: -0.06812821
    - vertices: p486(v68) p466(v15) p234(v3)
    - neighboring facets: f253 f368 f467
- f318
    - flags: top simplicial
    - normal:   0.09574   0.7847  -0.6124
    - offset: -0.1115452
    - vertices: p201(v69) p737(v45) p305(v8)
    - neighboring facets: f440 f320 f319
- f319
    - flags: bottom simplicial
    - normal:    0.1072   0.8938  -0.4355
    - offset: -0.1129321
    - vertices: p201(v69) p737(v45) p285(v28)
    - neighboring facets: f445 f321 f318
- f320
    - flags: bottom simplicial
    - normal:    0.1671   0.9684  -0.1851
    - offset: -0.1262699
    - vertices: p201(v69) p359(v66) p305(v8)
    - neighboring facets: f309 f318 f321
- f321
    - flags: top simplicial
    - normal:    0.1561   0.9661  -0.2057
    - offset: -0.1231843
    - vertices: p201(v69) p359(v66) p285(v28)
    - neighboring facets: f432 f319 f320
- f325
    - flags: bottom simplicial
    - normal:  0.003166   0.8934  -0.4492
    - offset: -0.08616433
    - vertices: p644(v70) p258(v30) p364(v14)
    - neighboring facets: f343 f442 f377
- f328
    - flags: bottom simplicial
    - normal:   0.02284   0.9996 -0.01404
    - offset: -0.07840508
    - vertices: p256(v71) p77(v40) p886(v2)
    - neighboring facets: f280 f593 f329
- f329
    - flags: top simplicial
    - normal:   0.01395   0.9993 -0.03494
    - offset: -0.07691596
    - vertices: p256(v71) p77(v40) p364(v14)
    - neighboring facets: f181 f443 f328
- f338
    - flags: bottom simplicial
    - normal:  -0.07754   0.7889  -0.6096
    - offset: -0.07386221
    - vertices: p187(v73) p937(v49) p21(v5)
    - neighboring facets: f218 f340 f339
- f339
    - flags: top simplicial
    - normal:  -0.07157   0.8625  -0.5009
    - offset: -0.07345479
    - vertices: p187(v73) p937(v49) p62(v27)
    - neighboring facets: f346 f341 f338
- f340
    - flags: top simplicial
    - normal:   -0.1659    0.986 -0.01659
    - offset: -0.0509419
    - vertices: p187(v73) p447(v63) p21(v5)
    - neighboring facets: f290 f338 f342
- f341
    - flags: top simplicial
    - normal:    -0.155   0.9878 -0.01794
    - offset: -0.05183935
    - vertices: p187(v73) p62(v27) p743(v9)
    - neighboring facets: f300 f342 f339
- f342
    - flags: bottom simplicial
    - normal:   -0.1583   0.9872 -0.01697
    - offset: -0.05153792
    - vertices: p187(v73) p447(v63) p743(v9)
    - neighboring facets: f416 f341 f340
- f343
    - flags: top simplicial
    - normal:  -0.04451   0.8642  -0.5012
    - offset: -0.07761749
    - vertices: p371(v74) p258(v30) p364(v14)
    - neighboring facets: f325 f345 f344
- f344
    - flags: top simplicial
    - normal:  -0.05721   0.6801  -0.7308
    - offset: -0.07556715
    - vertices: p371(v74) p937(v49) p258(v30)
    - neighboring facets: f218 f343 f346
- f345
    - flags: bottom simplicial
    - normal:  -0.06134   0.8939  -0.4441
    - offset: -0.07406142
    - vertices: p371(v74) p62(v27) p364(v14)
    - neighboring facets: f418 f343 f346
- f346
    - flags: bottom simplicial
    - normal:  -0.07125   0.8627  -0.5007
    - offset: -0.07348732
    - vertices: p371(v74) p937(v49) p62(v27)
    - neighboring facets: f339 f345 f344
- f347
    - flags: top simplicial
    - normal:   -0.9944  -0.1056 -0.007764
    - offset: -0.04358423
    - vertices: p837(v75) p323(v31) p156(v0)
    - neighboring facets: f128 f348 f349
- f348
    - flags: bottom simplicial
    - normal:    -0.487  -0.1294   0.8638
    - offset: -0.07348283
    - vertices: p837(v75) p538(v51) p156(v0)
    - neighboring facets: f235 f347 f350
- f349
    - flags: bottom simplicial
    - normal:   -0.9756   -0.217 -0.03386
    - offset: -0.04312557
    - vertices: p837(v75) p323(v31) p756(v11)
    - neighboring facets: f125 f350 f347
- f350
    - flags: top simplicial
    - normal:    -0.966  -0.2556 -0.03975
    - offset: -0.04301877
    - vertices: p837(v75) p538(v51) p756(v11)
    - neighboring facets: f353 f349 f348
- f351
    - flags: top simplicial
    - normal:    -0.205  -0.9781 -0.03689
    - offset: -0.04011448
    - vertices: p704(v76) p716(v33) p43(v7)
    - neighboring facets: f139 f354 f361
- f353
    - flags: bottom simplicial
    - normal:   -0.7149  -0.6812  -0.1577
    - offset: -0.03893568
    - vertices: p704(v76) p538(v51) p756(v11)
    - neighboring facets: f350 f355 f362
- f354
    - flags: bottom simplicial
    - normal:  -0.02735  -0.0685  -0.9973
    - offset: -0.06343098
    - vertices: p704(v76) p83(v22) p43(v7)
    - neighboring facets: f87 f351 f355
- f355
    - flags: top simplicial
    - normal:  -0.03828 -0.04982   -0.998
    - offset: -0.06282982
    - vertices: p704(v76) p83(v22) p756(v11)
    - neighboring facets: f156 f353 f354
- f356
    - flags: top simplicial
    - normal:  -0.02654  -0.3195   0.9472
    - offset: -0.07006848
    - vertices: p911(v77) p195(v34) p482(v19)
    - neighboring facets: f141 f357 f358
- f357
    - flags: bottom simplicial
    - normal:  -0.04658  -0.2662   0.9628
    - offset: -0.06795362
    - vertices: p911(v77) p456(v52) p482(v19)
    - neighboring facets: f232 f356 f358
- f358
    - flags: top simplicial
    - normal:  -0.02307  -0.2075    0.978
    - offset: -0.06772439
    - vertices: p911(v77) p456(v52) p195(v34)
    - neighboring facets: f237 f356 f357
- f359
    - flags: top simplicial
    - normal:  -0.07155  -0.2446    0.967
    - offset: -0.06696152
    - vertices: p78(v78) p456(v52) p716(v33)
    - neighboring facets: f232 f361 f360
- f360
    - flags: bottom simplicial
    - normal:   -0.0761  -0.1841     0.98
    - offset: -0.0658543
    - vertices: p78(v78) p456(v52) p538(v51)
    - neighboring facets: f235 f362 f359
- f361
    - flags: bottom simplicial
    - normal:   -0.2884  -0.9571 -0.02642
    - offset: -0.03912104
    - vertices: p78(v78) p704(v76) p716(v33)
    - neighboring facets: f351 f359 f362
- f362
    - flags: top simplicial
    - normal:    -0.391  -0.9191 -0.04994
    - offset: -0.03964999
    - vertices: p78(v78) p704(v76) p538(v51)
    - neighboring facets: f353 f360 f361
- f363
    - flags: top simplicial
    - normal:   0.07043   0.1731  -0.9824
    - offset: -0.09600905
    - vertices: p800(v79) p612(v12) p305(v8)
    - neighboring facets: f89 f367 f530
- f367
    - flags: bottom simplicial
    - normal:   0.03646   0.1872  -0.9816
    - offset: -0.08138435
    - vertices: p800(v79) p486(v68) p305(v8)
    - neighboring facets: f441 f363 f368
- f368
    - flags: top simplicial
    - normal:  0.009761  0.09026  -0.9959
    - offset: -0.06828623
    - vertices: p800(v79) p486(v68) p234(v3)
    - neighboring facets: f316 f456 f367
- f369
    - flags: top simplicial
    - normal:     0.228  -0.9702 -0.08143
    - offset: -0.1363709
    - vertices: p511(v80) p284(v35) p811(v10)
    - neighboring facets: f146 f370 f458
- f370
    - flags: bottom simplicial
    - normal:    0.2369  -0.9682    -0.08
    - offset: -0.1404022
    - vertices: p511(v80) p568(v54) p811(v10)
    - neighboring facets: f244 f369 f463
- f375
    - flags: bottom simplicial
    - normal:   -0.0191   0.5373  -0.8432
    - offset: -0.07982529
    - vertices: p107(v81) p408(v55) p258(v30)
    - neighboring facets: f249 f377 f470
- f377
    - flags: top simplicial
    - normal:   0.01916   0.7113  -0.7026
    - offset: -0.09129563
    - vertices: p107(v81) p644(v70) p258(v30)
    - neighboring facets: f325 f375 f466
- f379
    - flags: bottom simplicial
    - normal:    0.2583   0.9661 0.0003595
    - offset: -0.1560999
    - vertices: p440(v82) p602(v57) p305(v8)
    - neighboring facets: f257 f479 f535
- f383
    - flags: bottom simplicial
    - normal:  -0.006441  0.09924    0.995
    - offset: -0.06702157
    - vertices: p106(v83) p531(v58) p382(v17)
    - neighboring facets: f265 f496 f484
- f388
    - flags: top simplicial
    - normal:   0.08272    0.608   0.7896
    - offset:  -0.106172
    - vertices: p604(v84) p775(v39) p54(v6)
    - neighboring facets: f168 f389 f390
- f389
    - flags: bottom simplicial
    - normal:   0.07031    0.564   0.8228
    - offset: -0.1011479
    - vertices: p604(v84) p585(v59) p54(v6)
    - neighboring facets: f492 f388 f390
- f390
    - flags: top simplicial
    - normal:   0.08748   0.6937    0.715
    - offset: -0.1081463
    - vertices: p604(v84) p585(v59) p775(v39)
    - neighboring facets: f277 f388 f389
- f391
    - flags: top simplicial
    - normal:  -0.01261   0.9999 -0.001798
    - offset: -0.07108581
    - vertices: p42(v85) p968(v41) p77(v40)
    - neighboring facets: f181 f392 f403
- f392
    - flags: bottom simplicial
    - normal:  -0.003293        1 -5.495e-06
    - offset: -0.07294103
    - vertices: p42(v85) p132(v61) p77(v40)
    - neighboring facets: f280 f391 f404
- f399
    - flags: bottom simplicial
    - normal:   -0.1539     0.98   0.1264
    - offset: -0.0561054
    - vertices: p904(v87) p447(v63) p264(v38)
    - neighboring facets: f290 f401 f400
- f400
    - flags: bottom simplicial
    - normal:   -0.1044   0.9917  0.07513
    - offset: -0.05863358
    - vertices: p904(v87) p918(v64) p447(v63)
    - neighboring facets: f296 f399 f402
- f401
    - flags: top simplicial
    - normal:     -0.07   0.8414   0.5359
    - offset: -0.07566761
    - vertices: p904(v87) p171(v86) p264(v38)
    - neighboring facets: f485 f399 f402
- f402
    - flags: bottom simplicial
    - normal:  -0.06715   0.8658   0.4959
    - offset:  -0.075442
    - vertices: p904(v87) p171(v86) p918(v64)
    - neighboring facets: f490 f400 f401
- f403
    - flags: bottom simplicial
    - normal:  -0.01208   0.9999 -0.0008461
    - offset: -0.07118042
    - vertices: p299(v88) p42(v85) p968(v41)
    - neighboring facets: f391 f407 f404
- f404
    - flags: top simplicial
    - normal:  -0.01069   0.9999 -0.0004645
    - offset: -0.07145578
    - vertices: p299(v88) p42(v85) p132(v61)
    - neighboring facets: f392 f600 f403
- f407
    - flags: top simplicial
    - normal:  -0.02954   0.9996 -0.001287
    - offset: -0.06783454
    - vertices: p299(v88) p645(v62) p968(v41)
    - neighboring facets: f286 f403 f498
- f414
    - flags: bottom simplicial
    - normal:   -0.1156   0.9933 -0.003881
    - offset: -0.05568574
    - vertices: p617(v89) p777(v65) p743(v9)
    - neighboring facets: f300 f416 f415
- f415
    - flags: top simplicial
    - normal:   -0.1021   0.9948 0.001219
    - offset: -0.05707235
    - vertices: p617(v89) p777(v65) p320(v42)
    - neighboring facets: f514 f417 f414
- f416
    - flags: top simplicial
    - normal:   -0.1318   0.9913 0.001481
    - offset: -0.05426301
    - vertices: p617(v89) p447(v63) p743(v9)
    - neighboring facets: f342 f414 f417
- f417
    - flags: bottom simplicial
    - normal:   -0.1059   0.9933  0.04559
    - offset: -0.05766349
    - vertices: p617(v89) p447(v63) p320(v42)
    - neighboring facets: f296 f415 f416
- f418
    - flags: top simplicial
    - normal:  -0.06367   0.9941 -0.08778
    - offset: -0.06463115
    - vertices: p753(v90) p62(v27) p364(v14)
    - neighboring facets: f345 f547 f419
- f419
    - flags: top simplicial
    - normal:   -0.1001   0.9949 -0.01263
    - offset: -0.05763188
    - vertices: p753(v90) p777(v65) p62(v27)
    - neighboring facets: f300 f418 f559
- f429
    - flags: top simplicial
    - normal:    0.1645   0.9864 0.0008194
    - offset: -0.1192176
    - vertices: p615(v92) p661(v91) p294(v13)
    - neighboring facets: f520 f513 f430
- f430
    - flags: bottom simplicial
    - normal:    0.1586   0.9873 -0.001207
    - offset: -0.1171751
    - vertices: p615(v92) p661(v91) p359(v66)
    - neighboring facets: f518 f434 f429
- f431
    - flags: top simplicial
    - normal:    0.1247   0.9922 -0.001635
    - offset: -0.1058686
    - vertices: p587(v93) p224(v46) p285(v28)
    - neighboring facets: f580 f432 f433
- f432
    - flags: bottom simplicial
    - normal:    0.1247   0.9922 -0.00164
    - offset: -0.1058764
    - vertices: p587(v93) p359(v66) p285(v28)
    - neighboring facets: f321 f431 f434
- f433
    - flags: top simplicial
    - normal:    0.1328   0.9911 0.002723
    - offset: -0.1083916
    - vertices: p587(v93) p615(v92) p224(v46)
    - neighboring facets: f551 f431 f434
- f434
    - flags: bottom simplicial
    - normal:    0.1328   0.9911  0.00272
    - offset: -0.1083926
    - vertices: p587(v93) p615(v92) p359(v66)
    - neighboring facets: f430 f432 f433
- f439
    - flags: top simplicial
    - normal:   0.06079   0.6329  -0.7719
    - offset: -0.1001744
    - vertices: p792(v95) p644(v70) p486(v68)
    - neighboring facets: f468 f441 f442
- f440
    - flags: bottom simplicial
    - normal:   0.07882   0.6966  -0.7131
    - offset: -0.1061371
    - vertices: p792(v95) p737(v45) p305(v8)
    - neighboring facets: f318 f441 f444
- f441
    - flags: top simplicial
    - normal:   0.07601   0.6802  -0.7291
    - offset: -0.1051219
    - vertices: p792(v95) p486(v68) p305(v8)
    - neighboring facets: f367 f440 f439
- f442
    - flags: bottom simplicial
    - normal:   0.01705   0.9366    -0.35
    - offset: -0.08733153
    - vertices: p792(v95) p644(v70) p364(v14)
    - neighboring facets: f325 f443 f439
- f443
    - flags: top simplicial
    - normal:   0.03216   0.9764  -0.2134
    - offset: -0.08677166
    - vertices: p792(v95) p256(v71) p364(v14)
    - neighboring facets: f329 f442 f444
- f444
    - flags: bottom simplicial
    - normal:   0.04396   0.9769  -0.2092
    - offset: -0.08965321
    - vertices: p792(v95) p256(v71) p737(v45)
    - neighboring facets: f446 f440 f443
- f445
    - flags: top simplicial
    - normal:   0.07298   0.9758  -0.2063
    - offset: -0.09733172
    - vertices: p564(v96) p737(v45) p285(v28)
    - neighboring facets: f319 f578 f446
- f446
    - flags: top simplicial
    - normal:   0.06026   0.9801  -0.1891
    - offset: -0.09327271
    - vertices: p564(v96) p256(v71) p737(v45)
    - neighboring facets: f444 f445 f555
- f456
    - flags: top simplicial
    - normal:   0.01197  0.03419  -0.9993
    - offset: -0.06816168
    - vertices: p363(v98) p800(v79) p234(v3)
    - neighboring facets: f368 f528 f529
- f458
    - flags: bottom simplicial
    - normal:    0.1648  -0.2408  -0.9565
    - offset: -0.1397481
    - vertices: p478(v99) p511(v80) p284(v35)
    - neighboring facets: f369 f526 f463
- f460
    - flags: bottom simplicial
    - normal:    0.8861   0.4241  -0.1867
    - offset: -0.4423356
    - vertices: p478(v99) p612(v12) p218(v1)
    - neighboring facets: f92 f462 f531
- f462
    - flags: top simplicial
    - normal:    0.7934  -0.5884  -0.1558
    - offset: -0.4010742
    - vertices: p478(v99) p568(v54) p218(v1)
    - neighboring facets: f246 f460 f463
- f463
    - flags: top simplicial
    - normal:    0.7121  -0.6733   -0.199
    - offset: -0.3643891
    - vertices: p478(v99) p511(v80) p568(v54)
    - neighboring facets: f370 f462 f458
- f466
    - flags: bottom simplicial
    - normal:   0.03132   0.6397   -0.768
    - offset: -0.09296652
    - vertices: p542(v100) p107(v81) p644(v70)
    - neighboring facets: f377 f468 f470
- f467
    - flags: bottom simplicial
    - normal:   0.02389   0.2905  -0.9566
    - offset: -0.08111914
    - vertices: p542(v100) p486(v68) p466(v15)
    - neighboring facets: f316 f469 f468
- f468
    - flags: bottom simplicial
    - normal:   0.05921   0.6272  -0.7766
    - offset: -0.0996362
    - vertices: p542(v100) p644(v70) p486(v68)
    - neighboring facets: f439 f467 f466
- f469
    - flags: top simplicial
    - normal:  0.006622   0.3658  -0.9307
    - offset: -0.07987887
    - vertices: p542(v100) p408(v55) p466(v15)
    - neighboring facets: f255 f467 f470
- f470
    - flags: top simplicial
    - normal:  0.008727   0.5134  -0.8581
    - offset: -0.08505816
    - vertices: p542(v100) p107(v81) p408(v55)
    - neighboring facets: f375 f469 f466
- f478
    - flags: top simplicial
    - normal:     0.206   0.9763 -0.06647
    - offset: -0.1370724
    - vertices: p500(v102) p942(v44) p305(v8)
    - neighboring facets: f309 f479 f568
- f479
    - flags: bottom simplicial
    - normal:    0.2374   0.9713 -0.01263
    - offset: -0.1477347
    - vertices: p500(v102) p440(v82) p305(v8)
    - neighboring facets: f379 f478 f564
- f483
    - flags: top simplicial
    - normal:  -0.04038   0.3525   0.9349
    - offset: -0.07283926
    - vertices: p953(v104) p531(v58) p264(v38)
    - neighboring facets: f261 f485 f484
- f484
    - flags: top simplicial
    - normal:  -0.03389   0.3208   0.9465
    - offset: -0.07240067
    - vertices: p953(v104) p106(v83) p531(v58)
    - neighboring facets: f383 f483 f493
- f485
    - flags: bottom simplicial
    - normal:  -0.04596   0.6066   0.7936
    - offset: -0.0785739
    - vertices: p953(v104) p171(v86) p264(v38)
    - neighboring facets: f401 f483 f494
- f487
    - flags: bottom simplicial
    - normal:  0.006568   0.7011    0.713
    - offset: -0.08902686
    - vertices: p669(v105) p585(v59) p220(v25)
    - neighboring facets: f509 f489 f488
- f488
    - flags: bottom simplicial
    - normal:  0.002543   0.6169    0.787
    - offset: -0.08642253
    - vertices: p669(v105) p171(v86) p585(v59)
    - neighboring facets: f491 f487 f490
- f489
    - flags: top simplicial
    - normal:  -0.008792   0.9647   0.2633
    - offset: -0.07998911
    - vertices: p669(v105) p918(v64) p220(v25)
    - neighboring facets: f598 f487 f490
- f490
    - flags: top simplicial
    - normal:  -0.04682   0.8733    0.485
    - offset: -0.07847702
    - vertices: p669(v105) p171(v86) p918(v64)
    - neighboring facets: f402 f489 f488
- f491
    - flags: top simplicial
    - normal:  0.003872   0.5801   0.8146
    - offset: -0.08575824
    - vertices: p678(v106) p171(v86) p585(v59)
    - neighboring facets: f488 f492 f494
- f492
    - flags: top simplicial
    - normal:   0.04473   0.4281   0.9026
    - offset: -0.09013875
    - vertices: p678(v106) p585(v59) p54(v6)
    - neighboring facets: f389 f495 f491
- f493
    - flags: bottom simplicial
    - normal:  -0.02028   0.4202   0.9072
    - offset:  -0.077346
    - vertices: p678(v106) p953(v104) p106(v83)
    - neighboring facets: f484 f496 f494
- f494
    - flags: top simplicial
    - normal:  -0.02017   0.4893   0.8719
    - offset: -0.07927259
    - vertices: p678(v106) p953(v104) p171(v86)
    - neighboring facets: f485 f491 f493
- f495
    - flags: bottom simplicial
    - normal:   0.00936  0.09933    0.995
    - offset: -0.06951534
    - vertices: p678(v106) p382(v17) p54(v6)
    - neighboring facets: f130 f492 f496
- f496
    - flags: bottom simplicial
    - normal:  0.003937   0.1036   0.9946
    - offset: -0.06868981
    - vertices: p678(v106) p106(v83) p382(v17)
    - neighboring facets: f383 f495 f493
- f498
    - flags: bottom simplicial
    - normal:  -0.03087   0.9995 -0.001095
    - offset: -0.06758614
    - vertices: p459(v107) p299(v88) p645(v62)
    - neighboring facets: f407 f548 f577
- f509
    - flags: top simplicial
    - normal:   0.06344   0.8947   0.4421
    - offset: -0.1009066
    - vertices: p126(v108) p585(v59) p220(v25)
    - neighboring facets: f487 f599 f510
- f510
    - flags: top simplicial
    - normal:   0.09862   0.8567   0.5063
    - offset: -0.1103657
    - vertices: p126(v108) p955(v60) p585(v59)
    - neighboring facets: f277 f509 f512
- f512
    - flags: bottom simplicial
    - normal:    0.1267   0.9826    0.136
    - offset: -0.1098244
    - vertices: p126(v108) p955(v60) p294(v13)
    - neighboring facets: f276 f513 f510
- f513
    - flags: top simplicial
    - normal:    0.1181   0.9916  0.05309
    - offset: -0.1044017
    - vertices: p126(v108) p615(v92) p294(v13)
    - neighboring facets: f429 f512 f552
- f514
    - flags: bottom simplicial
    - normal:  -0.09773   0.9952 -0.00075
    - offset: -0.05760972
    - vertices: p489(v109) p777(v65) p320(v42)
    - neighboring facets: f415 f561 f560
- f517
    - flags: top simplicial
    - normal:    0.1776   0.9829 -0.04923
    - offset: -0.1253215
    - vertices: p176(v110) p359(v66) p942(v44)
    - neighboring facets: f309 f519 f518
- f518
    - flags: top simplicial
    - normal:    0.1729   0.9849 -0.01142
    - offset: -0.1223143
    - vertices: p176(v110) p661(v91) p359(v66)
    - neighboring facets: f430 f517 f520
- f519
    - flags: bottom simplicial
    - normal:    0.1918   0.9814 0.000485
    - offset:  -0.129037
    - vertices: p176(v110) p343(v67) p942(v44)
    - neighboring facets: f543 f517 f521
- f520
    - flags: bottom simplicial
    - normal:    0.1849   0.9827 0.0005356
    - offset: -0.1264462
    - vertices: p176(v110) p661(v91) p294(v13)
    - neighboring facets: f429 f521 f518
- f521
    - flags: top simplicial
    - normal:    0.1884   0.9821 0.001722
    - offset: -0.1277212
    - vertices: p176(v110) p343(v67) p294(v13)
    - neighboring facets: f310 f520 f519
- f525
    - flags: top simplicial
    - normal:   0.05793 -0.07284  -0.9957
    - offset: -0.08958711
    - vertices: p986(v112) p726(v53) p284(v35)
    - neighboring facets: f239 f526 f527
- f526
    - flags: bottom simplicial
    - normal:    0.0907  -0.1028  -0.9906
    - offset: -0.1047206
    - vertices: p986(v112) p478(v99) p284(v35)
    - neighboring facets: f458 f525 f531
- f527
    - flags: bottom simplicial
    - normal:   0.01003 -0.01484  -0.9998
    - offset: -0.06726503
    - vertices: p986(v112) p726(v53) p234(v3)
    - neighboring facets: f240 f528 f525
- f528
    - flags: top simplicial
    - normal:   0.01197  0.03415  -0.9993
    - offset: -0.06816134
    - vertices: p986(v112) p363(v98) p234(v3)
    - neighboring facets: f456 f527 f529
- f529
    - flags: bottom simplicial
    - normal:   0.01198  0.03418  -0.9993
    - offset: -0.06816731
    - vertices: p986(v112) p363(v98) p800(v79)
    - neighboring facets: f456 f530 f528
- f530
    - flags: bottom simplicial
    - normal:   0.07201   0.1194  -0.9902
    - offset: -0.09593513
    - vertices: p986(v112) p800(v79) p612(v12)
    - neighboring facets: f363 f531 f529
- f531
    - flags: top simplicial
    - normal:     0.162   0.1052  -0.9812
    - offset: -0.1378328
    - vertices: p986(v112) p478(v99) p612(v12)
    - neighboring facets: f460 f530 f526
- f535
    - flags: top simplicial
    - normal:    0.2402   0.9707 -0.000484
    - offset: -0.1484814
    - vertices: p152(v114) p440(v82) p602(v57)
    - neighboring facets: f379 f538 f565
- f537
    - flags: top simplicial
    - normal:    0.2335   0.9724 -0.0005954
    - offset: -0.1456499
    - vertices: p152(v114) p882(v113) p500(v102)
    - neighboring facets: f567 f566 f539
- f538
    - flags: top simplicial
    - normal:    0.2321   0.9726  0.01076
    - offset: -0.1454604
    - vertices: p152(v114) p602(v57) p369(v37)
    - neighboring facets: f258 f539 f535
- f539
    - flags: bottom simplicial
    - normal:    0.2278   0.9737 0.001954
    - offset: -0.1433729
    - vertices: p152(v114) p882(v113) p369(v37)
    - neighboring facets: f570 f538 f537
- f540
    - flags: bottom simplicial
    - normal:    0.2152   0.9766 -0.0002836
    - offset: -0.1382525
    - vertices: p698(v115) p343(v67) p369(v37)
    - neighboring facets: f310 f571 f543
- f543
    - flags: top simplicial
    - normal:     0.211   0.9775 -0.0008246
    - offset: -0.1365675
    - vertices: p698(v115) p343(v67) p942(v44)
    - neighboring facets: f519 f569 f540
- f547
    - flags: top simplicial
    - normal:  -0.05849   0.9962 -0.06484
    - offset: -0.06468878
    - vertices: p148(v116) p753(v90) p364(v14)
    - neighboring facets: f418 f549 f563
- f548
    - flags: bottom simplicial
    - normal:  -0.03428   0.9994 -0.002979
    - offset: -0.06696712
    - vertices: p148(v116) p459(v107) p645(v62)
    - neighboring facets: f498 f549 f587
- f549
    - flags: bottom simplicial
    - normal:  -0.02752   0.9995  -0.0138
    - offset: -0.06831343
    - vertices: p148(v116) p645(v62) p364(v14)
    - neighboring facets: f286 f547 f548
- f550
    - flags: top simplicial
    - normal:    0.0736   0.9973  0.00289
    - offset: -0.09082498
    - vertices: p124(v117) p126(v108) p564(v96)
    - neighboring facets: f556 f579 f552
- f551
    - flags: bottom simplicial
    - normal:     0.124   0.9921  0.01721
    - offset: -0.1056769
    - vertices: p124(v117) p615(v92) p224(v46)
    - neighboring facets: f433 f581 f552
- f552
    - flags: bottom simplicial
    - normal:    0.1178   0.9917   0.0519
    - offset: -0.1042771
    - vertices: p124(v117) p126(v108) p615(v92)
    - neighboring facets: f513 f551 f550
- f555
    - flags: bottom simplicial
    - normal:   0.06514   0.9979 -0.003795
    - offset: -0.08867174
    - vertices: p961(v118) p564(v96) p256(v71)
    - neighboring facets: f446 f586 f556
- f556
    - flags: bottom simplicial
    - normal:   0.06803   0.9977 0.001082
    - offset: -0.08930655
    - vertices: p961(v118) p126(v108) p564(v96)
    - neighboring facets: f550 f555 f582
- f559
    - flags: bottom simplicial
    - normal:  -0.09663   0.9953 -0.002754
    - offset: -0.05778229
    - vertices: p181(v119) p753(v90) p777(v65)
    - neighboring facets: f419 f560 f563
- f560
    - flags: top simplicial
    - normal:  -0.09663   0.9953 -0.002749
    - offset: -0.05778221
    - vertices: p181(v119) p489(v109) p777(v65)
    - neighboring facets: f514 f559 f561
- f561
    - flags: bottom simplicial
    - normal:  -0.09577   0.9954 -0.001308
    - offset: -0.05785936
    - vertices: p181(v119) p489(v109) p320(v42)
    - neighboring facets: f514 f574 f560
- f563
    - flags: bottom simplicial
    - normal:  -0.07018   0.9975 -0.003426
    - offset: -0.06130985
    - vertices: p181(v119) p148(v116) p753(v90)
    - neighboring facets: f547 f559 f575
- f564
    - flags: top simplicial
    - normal:    0.2358   0.9718 -0.0009317
    - offset: -0.1466142
    - vertices: p950(v120) p500(v102) p440(v82)
    - neighboring facets: f479 f565 f566
- f565
    - flags: bottom simplicial
    - normal:    0.2368   0.9716 -0.0008254
    - offset: -0.1470469
    - vertices: p950(v120) p152(v114) p440(v82)
    - neighboring facets: f535 f564 f566
- f566
    - flags: top simplicial
    - normal:    0.2357   0.9718 -0.0009178
    - offset: -0.1465831
    - vertices: p950(v120) p152(v114) p500(v102)
    - neighboring facets: f537 f564 f565
- f567
    - flags: bottom simplicial
    - normal:    0.2259   0.9742 -0.0005099
    - offset: -0.1425576
    - vertices: p789(v121) p882(v113) p500(v102)
    - neighboring facets: f537 f568 f570
- f568
    - flags: bottom simplicial
    - normal:    0.2155   0.9765 -0.001948
    - offset: -0.1383719
    - vertices: p789(v121) p500(v102) p942(v44)
    - neighboring facets: f478 f569 f567
- f569
    - flags: top simplicial
    - normal:    0.2154   0.9765 -0.001751
    - offset: -0.1383248
    - vertices: p789(v121) p698(v115) p942(v44)
    - neighboring facets: f543 f568 f571
- f570
    - flags: top simplicial
    - normal:    0.2207   0.9753 -0.0002527
    - offset: -0.1404407
    - vertices: p789(v121) p882(v113) p369(v37)
    - neighboring facets: f539 f571 f567
- f571
    - flags: bottom simplicial
    - normal:    0.2196   0.9756 -0.0003682
    - offset: -0.1400035
    - vertices: p789(v121) p698(v115) p369(v37)
    - neighboring facets: f540 f570 f569
- f573
    - flags: top simplicial
    - normal:  -0.09275    0.994  0.05805
    - offset: -0.0597115
    - vertices: p917(v122) p918(v64) p320(v42)
    - neighboring facets: f296 f574 f576
- f574
    - flags: bottom simplicial
    - normal:  -0.07014   0.9975 -0.001722
    - offset: -0.06127125
    - vertices: p917(v122) p181(v119) p320(v42)
    - neighboring facets: f561 f573 f575
- f575
    - flags: top simplicial
    - normal:  -0.07012   0.9975 -0.001726
    - offset: -0.06127304
    - vertices: p917(v122) p181(v119) p148(v116)
    - neighboring facets: f563 f589 f574
- f576
    - flags: top simplicial
    - normal:  -0.03989   0.9984   0.0403
    - offset: -0.0670413
    - vertices: p917(v122) p299(v88) p918(v64)
    - neighboring facets: f596 f573 f577
- f577
    - flags: top simplicial
    - normal:  -0.04105    0.999  0.01862
    - offset: -0.06621366
    - vertices: p917(v122) p459(v107) p299(v88)
    - neighboring facets: f498 f576 f588
- f578
    - flags: top simplicial
    - normal:    0.1108   0.9938 -0.005549
    - offset: -0.1016947
    - vertices: p672(v123) p564(v96) p285(v28)
    - neighboring facets: f445 f580 f579
- f579
    - flags: top simplicial
    - normal:     0.106   0.9944 -0.002062
    - offset: -0.1002083
    - vertices: p672(v123) p124(v117) p564(v96)
    - neighboring facets: f550 f578 f581
- f580
    - flags: bottom simplicial
    - normal:    0.1178    0.993 -0.001508
    - offset: -0.1037124
    - vertices: p672(v123) p224(v46) p285(v28)
    - neighboring facets: f431 f578 f581
- f581
    - flags: bottom simplicial
    - normal:    0.1157   0.9933 -5.709e-05
    - offset: -0.1030721
    - vertices: p672(v123) p124(v117) p224(v46)
    - neighboring facets: f551 f580 f579
- f582
    - flags: top simplicial
    - normal:     0.066   0.9978 0.001267
    - offset: -0.08879116
    - vertices: p504(v124) p961(v118) p126(v108)
    - neighboring facets: f556 f595 f586
- f586
    - flags: bottom simplicial
    - normal:   0.05175   0.9987 -0.002554
    - offset: -0.0852663
    - vertices: p504(v124) p961(v118) p256(v71)
    - neighboring facets: f555 f594 f582
- f587
    - flags: top simplicial
    - normal:   -0.0343   0.9994 -0.002975
    - offset: -0.06696511
    - vertices: p98(v125) p148(v116) p459(v107)
    - neighboring facets: f548 f588 f589
- f588
    - flags: bottom simplicial
    - normal:  -0.04916   0.9988 0.003516
    - offset: -0.06454428
    - vertices: p98(v125) p917(v122) p459(v107)
    - neighboring facets: f577 f587 f589
- f589
    - flags: top simplicial
    - normal:  -0.05331   0.9986 0.001248
    - offset: -0.06385831
    - vertices: p98(v125) p917(v122) p148(v116)
    - neighboring facets: f575 f587 f588
- f593
    - flags: bottom simplicial
    - normal:   0.02514   0.9996  -0.0103
    - offset: -0.07884677
    - vertices: p200(v126) p256(v71) p886(v2)
    - neighboring facets: f328 f602 f594
- f594
    - flags: bottom simplicial
    - normal:   0.03221   0.9995 -0.005798
    - offset: -0.08046403
    - vertices: p200(v126) p504(v124) p256(v71)
    - neighboring facets: f586 f593 f597
- f595
    - flags: top simplicial
    - normal:   0.04403   0.9987  0.02625
    - offset: -0.0842258
    - vertices: p616(v127) p504(v124) p126(v108)
    - neighboring facets: f582 f599 f597
- f596
    - flags: bottom simplicial
    - normal:  -0.01946   0.9961  0.08599
    - offset: -0.07211587
    - vertices: p616(v127) p299(v88) p918(v64)
    - neighboring facets: f576 f598 f600
- f597
    - flags: top simplicial
    - normal:   0.02839   0.9996 2.403e-05
    - offset: -0.07971269
    - vertices: p616(v127) p200(v126) p504(v124)
    - neighboring facets: f594 f595 f602
- f598
    - flags: bottom simplicial
    - normal:  -0.005306   0.9761   0.2174
    - offset: -0.07911332
    - vertices: p616(v127) p918(v64) p220(v25)
    - neighboring facets: f489 f599 f596
- f599
    - flags: top simplicial
    - normal:   0.01404   0.9758   0.2181
    - offset: -0.08348695
    - vertices: p616(v127) p126(v108) p220(v25)
    - neighboring facets: f509 f598 f595
- f600
    - flags: top simplicial
    - normal:  0.003219        1 0.004225
    - offset: -0.07423373
    - vertices: p616(v127) p299(v88) p132(v61)
    - neighboring facets: f404 f601 f596
- f601
    - flags: top simplicial
    - normal:   0.00334        1 0.004154
    - offset: -0.07425819
    - vertices: p616(v127) p132(v61) p886(v2)
    - neighboring facets: f280 f602 f600
- f602
    - flags: bottom simplicial
    - normal:  0.004044        1 0.003873
    - offset: -0.07440548
    - vertices: p616(v127) p200(v126) p886(v2)
    - neighboring facets: f593 f601 f597
