3
1000 274 411
0.372618 0.0585207 -0.0315995 
0.27526 0.06927709999999999 0.039653 
0.131353 -0.0114406 -0.0582082 
0.135734 -0.00141878 0.0299484 
0.262129 0.0566496 0.0370826 
0.146261 -0.0186985 -0.0149506 
0.402842 -0.0243846 -0.06260499999999999 
0.243205 0.0149975 0.00567105 
0.434082 -0.0242368 0.0624648 
0.107012 -0.0258962 0.0567379 
0.139368 -0.009406339999999999 0.0281963 
0.285575 0.0410905 0.0391347 
0.196992 0.0170893 -0.00588962 
0.131941 -0.0100729 0.0198935 
0.115261 0.0408246 -0.0160432 
0.139516 -0.00198295 -0.0430284 
0.416683 -0.00622057 0.0574261 
0.288417 0.0621519 -0.0565674 
0.113033 -0.0276247 0.0297565 
0.087814 -0.00732403 0.0576953 
0.168906 -0.0145063 -0.0615301 
0.124097 0.0240789 0.0351158 
0.118837 0.0467084 0.0567642 
0.437311 -0.00116028 0.00537323 
0.172064 0.0247771 -0.0603282 
0.280825 0.00903346 -0.0109298 
0.432143 -0.0100325 -0.0610241 
0.435808 0.0451413 -0.0474061 
0.424551 -0.0061557 -0.00742646 
0.265905 0.0491967 0.057091 
0.260554 0.00198405 0.00979356 
0.219591 0.0719668 -0.0359946 
0.323096 -0.00554089 0.009149610000000001 
0.361373 0.0129365 0.0573032 
0.190868 0.0460568 0.0569243 
0.157319 0.0357199 0.0578497 
0.10384 0.0045003 -0.0465044 
0.264405 0.0147388 0.00353103 
0.446429 0.0259499 0.0574922 
0.141497 -0.0209588 0.0342056 
0.105635 0.0683449 -0.0130479 
0.142536 -0.0253225 -0.0188742 
0.128711 -0.0111697 0.00438884 
0.127383 0.00792701 0.0288095 
0.412586 -0.0210623 0.00394419 
0.202198 0.07205880000000001 -0.0322582 
0.268179 -0.0114832 0.009275179999999999 
0.0979348 -0.0151391 -0.00221259 
0.0962609 0.00513073 -0.00205355 
0.212431 0.0520632 -0.0626012 
0.264225 -0.0221683 -0.00785658 
0.286035 -0.0211613 -0.0578645 
0.182857 0.0175408 0.009338320000000001 
0.117753 -0.0360987 -0.0632385 
0.337188 -0.00479883 -0.0094345 
0.144217 -0.0305609 -0.0317131 
0.403204 -0.00271265 0.00466871 
0.0960395 0.000211157 0.0073531 
0.176178 0.0349647 -0.0581086 
0.370278 0.0590958 0.0209663 
0.065578 0.063329 0.0361054 
0.295796 0.0397219 -0.0588428 
0.11945 -0.0309621 -0.0277475 
0.247912 0.0577504 0.0612932 
0.266135 0.0700829 -0.0255024 
0.13941 0.0230774 -0.008054 
0.129118 0.0312153 -0.0076251 
0.218702 0.02791 0.0612855 
0.271198 0.0711605 0.0345031 
0.10398 -0.00169432 -0.0180014 
0.173019 -0.00690283 0.0475497 
0.270066 0.0713144 -0.033351 
0.343467 0.0194498 -0.0587369 
0.255785 0.007957209999999999 -0.0177106 
0.28526 -0.011703 -0.00963701 
0.144826 0.00675798 0.0648561 
0.28531 -0.0140413 -0.0578661 
0.133942 0.0139818 0.0158551 
0.274885 -0.00346601 -0.00195538 
0.169038 -0.00672757 -0.029356 
0.272675 0.00490213 0.0143353 
0.219417 0.0372217 -0.0580126 
0.486203 -0.0277286 -0.00776006 
0.233354 0.07313 -0.0401833 
0.157796 0.050908 -0.06282450000000001 
0.448889 -0.008075010000000001 0.0108843 
0.389374 0.055405 0.0220622 
0.129065 -0.00772446 0.057787 
0.190403 0.07347380000000001 0.00631962 
0.0937339 0.0655341 0.038874 
0.474695 -0.00355004 0.0595058 
0.268882 0.0504441 0.0390976 
0.114705 -0.008189419999999999 -0.0582452 
0.159944 0.0282935 -0.0230219 
0.103446 -0.0387731 0.0129494 
0.272262 -0.00788848 -0.0118838 
0.39189 -0.0204036 -0.0137182 
0.384713 0.0545688 0.00950371 
0.122543 0.000417865 0.009187570000000001 
0.109067 -0.0151766 0.00557073 
0.13858 0.00864614 -0.0424658 
0.0687725 -0.00082627 -0.0553473 
0.390241 0.0510466 0.0145238 
0.262878 0.00748189 -0.00317072 
0.31926 0.0323364 -0.0587907 
0.100921 -0.00577556 -0.0311393 
0.129715 0.0011933 -0.0308899 
0.116934 0.0121745 0.0230559 
0.123335 0.0437372 -0.00217915 
0.471103 0.00703105 -0.0624533 
0.18144 0.0150302 -0.0115579 
0.06760330000000001 -0.0211331 0.0566504 
0.378105 -0.0182348 -0.00665032 
0.136828 0.0245167 -0.0204437 
0.27096 0.0517186 -0.039898 
0.39723 -0.0160665 0.00620084 
0.213605 0.0735714 -0.0225506 
0.164076 0.00630416 -0.0541423 
0.219567 -0.0198002 0.0591446 
0.256491 0.00519504 -0.008229119999999999 
0.319938 -0.0133892 -0.058795 
0.179521 -0.0215666 -0.009226699999999999 
0.210463 0.0298933 -0.0580324 
0.333829 0.0647047 0.0216847 
0.135472 0.00468742 0.0250227 
0.0130227 0.0371811 0.0615291 
0.117184 -0.0274962 0.0068289 
0.192509 0.040731 -0.0590723 
0.137543 0.0292907 0.0111608 
0.113599 0.0156284 0.00373285 
0.106602 0.00435916 0.0145733 
0.134941 0.0254833 0.0568 
0.128208 -0.0105726 -0.00706405 
0.266045 0.0206065 -0.0579089 
0.189149 0.0111238 0.0579205 
0.0851823 0.0441355 0.0521394 
0.0579025 0.0480597 -0.057735 
0.0796119 0.0638066 0.0225749 
0.190217 0.00507834 -0.0204946 
0.440837 0.0411793 0.0352939 
0.202254 -0.0293588 0.0619496 
0.146923 0.0164683 -0.06478589999999999 
0.28064 0.000240557 -0.013208 
0.219369 -0.0019432 0.0579876 
0.48306 0.0102702 -0.0574267 
0.338032 0.0641843 0.000136209 
0.180262 0.0640068 -0.059897 
0.09844890000000001 0.06338050000000001 -0.0252615 
0.127477 -0.00670346 -0.0125342 
0.151428 0.0122723 0.0292162 
0.124698 0.0301889 0.0304394 
0.127829 9.19225e-05 -0.0106236 
0.236284 -0.00767441 -0.00321083 
0.231305 0.0716628 -0.035752 
0.153195 0.072201 0.017884 
0.138045 0.019119 -0.0070976 
0.28831 -0.0177022 -0.007962489999999999 
0.112837 -0.0402737 -0.00607128 
0.388937 0.0554883 0.0107532 
0.104859 0.043878 -0.00805814 
0.19442 -0.0207045 -0.00875806 
0.341579 0.0621813 -0.0291914 
0.169388 0.018781 0.00231709 
0.276568 -0.00799134 0.00459066 
0.146033 -0.0307828 0.061052 
0.118325 0.0346458 0.0577631 
0.179825 0.008109649999999999 0.0590174 
0.177569 0.0120483 0.0596665 
0.278472 0.0306629 0.057119 
0.378804 0.039385 -0.0624605 
0.106252 -0.0355048 -0.00570289 
0.129535 -0.022171 -0.0199041 
0.27446 0.0142246 0.0520993 
0.27669 0.0386487 0.0499492 
0.269959 0.0691741 0.0118919 
0.12383 0.007974200000000001 -0.0205829 
0.138103 -0.0235097 0.00475526 
0.286243 0.0701225 0.0294724 
0.08052860000000001 0.0611442 0.0460019 
0.158557 0.009404249999999999 -0.0177009 
0.147479 -0.0231348 0.0618279 
0.136233 -0.0122893 0.00701937 
0.276894 0.0305555 -0.0420834 
0.165919 -0.00523868 0.0564719 
0.103224 -0.00661284 -0.0179533 
0.124947 0.0684665 0.0102676 
0.007865520000000001 0.0417595 -0.0634827 
0.127638 0.0406405 -0.0162518 
0.142004 0.0383045 -0.0591972 
0.119271 -0.00327003 -0.0444553 
0.143738 -0.0386241 -0.0039631 
0.120285 0.0174353 0.0385696 
0.335985 -0.016043 0.0622468 
0.164918 0.0314684 0.0568666 
0.396741 -0.00376265 0.00950668 
0.123055 -0.0423633 0.00246754 
0.146898 0.0247566 0.0618266 
0.268201 -0.0141018 0.00556068 
0.211016 -0.0199312 -0.008238209999999999 
0.0958082 -0.00206676 -0.0582872 
0.124822 0.0205777 -0.0092993 
0.124656 -0.0178299 -0.0383178 
0.159825 -0.015 0.0568576 
0.103564 0.00487372 0.0577303 
0.394617 0.0512434 0.022516 
0.439054 0.0401702 0.0343159 
0.152062 0.0274768 0.0227201 
0.16098 -0.0352904 0.0568579 
0.361021 0.0607147 -0.0288738 
0.33068 0.0617811 -0.0226823 
0.266261 0.0136195 -0.00714262 
0.147398 0.0114936 0.0271844 
0.282255 0.0704727 -0.0251935 
0.106363 0.00647672 0.00289228 
0.155874 -0.00662048 0.019171 
0.329344 0.0481832 0.0578465 
0.159435 -0.00797082 -0.0553306 
0.409507 0.0110861 0.0624102 
0.0489924 -0.0421339 -0.0633913 
0.363684 -0.0192684 -0.00319918 
0.141875 0.0409763 0.0170877 
0.192868 -0.00669504 0.0180779 
0.09431879999999999 0.0671225 -0.020596 
0.476088 -0.0127375 -0.0574422 
0.120011 -0.0229507 -0.009062260000000001 
0.112377 0.0690204 -0.0206593 
0.0586252 0.00035727 -0.06522509999999999 
0.112309 -0.0041288 -0.00750995 
0.131369 0.0691367 -0.0508606 
0.268023 0.00265763 -0.0589045 
0.43083 -0.00411662 -0.00529792 
0.138287 -0.0245381 -0.034644 
0.455507 0.0254052 0.0586364 
0.14302 0.0254597 0.00142764 
0.0954356 0.0180435 -0.0582881 
0.241692 -0.0132247 -0.0170807 
0.146117 0.0133788 -0.0581754 
0.237109 -0.0153654 0.0597939 
0.140362 -0.0303299 -0.000480248 
0.113026 -0.0125272 -0.0016476 
0.162485 -0.00536258 0.0513442 
0.159721 0.0248973 0.0568551 
0.142326 0.0419076 0.00194156 
0.189963 0.0576973 -0.06256680000000001 
0.144893 0.0228698 -0.0353877 
0.120857 -0.0244981 -0.0360712 
0.125201 0.0289734 -0.0145245 
0.0783442 -0.026731 -0.0633261 
0.131734 -0.0282185 -0.0582074 
0.124788 0.0221761 0.0101298 
0.0995902 0.00397963 0.0577215 
0.335846 0.0450003 0.0621629 
0.425576 0.0476076 0.00564215 
0.360545 0.0607702 0.000394198 
0.128638 0.0197699 -0.0105221 
0.0711992 -0.00149259 0.0459125 
0.136238 -0.00500503 0.00700183 
0.279603 -0.0185481 0.0621215 
0.112925 -0.0104945 0.0266833 
0.0970594 -0.0425488 0.0567158 
0.14705 0.00286282 0.0252326 
0.0710499 -0.0154366 0.056658 
0.16266 -0.00098935 0.063399 
0.273394 0.0688619 0.0469306 
0.135319 -0.011436 0.0414231 
-0.0271149 0.0308104 -0.0585604 
0.276688 0.0367437 0.0508651 
0.35022 0.0429801 -0.0626514 
0.109025 0.0685992 0.0141855 
0.360957 0.0606849 0.0181074 
0.351086 0.0581522 -0.008970580000000001 
0.0712955 -0.0339694 0.0576586 
0.249603 0.0603517 0.0586999 
0.155264 -0.000236414 0.0202984 
0.107497 -0.0402331 -0.00334606 
0.114209 0.0432561 0.00191904 
0.276095 0.0520328 0.0371136 
0.0326201 0.0374177 0.0594447 
0.0851523 0.0641545 -0.0338504 
0.309772 0.0541455 0.0609588 
0.203765 -0.0221793 -0.0612471 
0.429844 0.0450161 -0.0291558 
0.0585721 0.00895378 -0.05837 
0.156802 0.0193366 -0.00345156 
0.109691 -0.035867 0.018433 
0.117779 -0.0347967 0.0205708 
0.168603 0.0513752 0.0598052 
0.322497 0.06464499999999999 0.0395735 
0.149728 -0.0309369 0.00172124 
0.292252 -0.0157647 0.0621496 
0.11883 -0.0021721 0.0212953 
0.147475 0.0404515 -0.0581724 
0.173915 0.0729398 -0.0120948 
0.08321870000000001 0.0330503 -0.0523152 
0.11888 -0.0185631 0.0138878 
0.367544 0.0576134 0.045409 
0.254142 -0.0133398 -0.0113466 
0.115154 -0.00828299 -0.0125815 
0.276504 0.0640269 0.0550585 
0.136293 -0.0115753 -0.000331598 
0.0329455 -0.0291417 0.0565734 
0.138171 0.0359997 0.0232183 
0.14622 -0.0197652 -0.0162507 
0.06545860000000001 -0.0252468 -0.0583547 
0.376829 -0.0155675 0.0573375 
0.119513 0.0439337 -0.00131668 
0.219418 0.0729059 -0.0473361 
0.377759 0.00451991 0.0583396 
0.101515 0.0669602 0.04778 
0.264837 0.0101679 0.00349551 
0.162429 -0.00341151 0.06290419999999999 
0.367316 -0.0195187 -0.0626839 
0.0206244 0.0482306 -0.06345430000000001 
0.204084 0.00352953 -0.00330714 
0.293835 0.0579657 0.0584979 
0.191526 -0.00650556 0.0181288 
0.470069 -0.017571 -0.0584555 
0.163313 -0.00662486 0.050163 
0.110995 -0.00355493 -0.0419161 
0.279665 0.07067610000000001 -0.0329598 
0.121753 0.00543941 -0.0144431 
0.274528 0.0535516 0.0391102 
0.391858 -0.0209094 -0.00750744 
0.161317 0.0147568 0.0141899 
0.136031 0.0479716 -0.0561978 
0.32636 0.0656914 0.0010144 
0.100579 0.0514666 0.0580334 
0.423508 0.0321738 0.0572944 
0.0311526 0.0288269 -0.0634309 
0.101076 0.0322723 0.00477393 
0.106652 -0.0207135 0.0336129 
0.142603 -0.0121079 0.0376516 
0.347928 -0.0136303 -0.057727 
0.119305 0.0563082 0.0582446 
0.208337 0.0736245 0.0403445 
0.13523 -0.0290363 -0.0581996 
0.144237 -0.009525179999999999 0.0176747 
0.361765 -0.00974352 -0.06269619999999999 
0.111711 0.0110855 -0.0421377 
0.31478 0.0223578 0.0571997 
0.22989 0.0376522 -0.0403742 
0.405411 0.0277045 -0.0585992 
0.104925 0.0101269 -0.00356155 
0.115565 0.0013073 -0.0217369 
0.146016 -0.0247898 -0.016453 
0.439654 0.0441524 0.0153899 
0.285749 0.00389985 0.0183913 
0.267021 0.0094161 0.0132579 
0.144042 -0.0258844 0.0148007 
0.228218 -0.00538936 -0.0196469 
0.144233 0.0229351 0.0204774 
0.189682 0.0167711 0.010204 
0.382749 0.0226103 -0.0598529 
0.385135 -0.0135058 0.00124286 
0.0226685 0.0480284 -0.0634498 
0.188239 0.00666452 -0.018247 
0.0593103 0.00411698 -0.06336840000000001 
0.241081 0.06886440000000001 0.0416691 
0.229225 -0.0185679 0.0133498 
0.138562 0.0268046 -0.00256373 
0.147358 0.0296506 -0.0270833 
0.377788 -0.00697087 -0.0113249 
0.110162 0.0427793 -0.00644365 
0.360751 -0.00587826 -0.0112926 
0.119931 -0.0387633 -0.0136944 
0.0204934 -0.0321656 -0.0606374 
0.144874 0.00282003 0.0569593 
0.247382 0.0135111 0.00860518 
0.0977667 0.0595982 0.0574195 
0.166329 -0.00330537 -0.00469999 
0.266849 0.056859 -0.0379071 
0.100697 0.00525365 0.0080181 
0.404252 0.0519881 0.0459354 
0.496082 -0.0281175 -0.0118897 
0.122109 0.016326 -0.0188866 
0.24406 0.0511653 0.0370424 
0.103294 0.0413306 0.00994425 
0.0700942 0.00199799 -0.0480201 
0.09043180000000001 0.0667078 0.0237522 
0.1419 0.0431453 0.00255511 
0.0513081 0.0570793 0.043112 
0.0938845 0.0629154 0.0306553 
0.09018809999999999 0.0562997 0.0572941 
0.137053 -0.0399122 0.0109616 
0.323488 0.0582173 -0.0566502 
0.26161 0.00920909 0.0155987 
0.262591 0.00406706 -0.0579166 
0.157288 0.0021944 0.0242515 
0.371544 -0.0173012 0.00711096 
0.172778 0.0145232 -0.0173312 
0.365584 0.0599165 -0.00244086 
0.269332 0.0713608 -0.0173115 
0.325958 0.0173139 0.0582245 
0.279967 0.00929342 -0.058878 
0.271514 -0.00433649 0.00132643 
0.206577 0.0404375 0.0569592 
0.40729 -0.00363274 -0.0059393 
0.494952 -0.00269718 0.00391384 
-0.00954056 -0.0469783 -0.0585213 
0.387915 0.0339749 -0.0626381 
0.176404 0.00454815 -0.0193128 
0.0233178 0.030031 -0.0600805 
0.146237 0.0172802 -0.0133625 
0.170097 -0.0006145290000000001 -0.0243126 
0.276702 0.0401873 0.0442414 
0.283461 -0.0025334 0.0176633 
0.436401 -0.0194661 -0.00802286 
0.387834 0.0312031 -0.0576383 
0.125215 -0.008932900000000001 -0.0245471 
0.188524 0.0534493 0.0569191 
0.48117 -0.00658689 -0.0115808 
0.374699 -0.00677116 0.0573328 
0.199974 0.0190436 -0.0590558 
0.108801 0.0290909 -0.0211282 
0.167122 0.0057256 -0.034707 
0.145147 0.040538 -0.0106299 
0.466808 -0.0136708 -0.008579740000000001 
0.297847 -0.00143537 -0.0110029 
0.369317 -0.0110095 0.0617563 
0.142723 0.0070982 -0.031536 
0.2976 -0.00132612 0.0571615 
0.258098 0.0084346 0.0143916 
0.405886 0.0423406 0.0593012 
0.162091 0.000566014 0.0637061 
0.126214 0.0318489 -0.00425683 
0.0598648 0.0238418 0.0608897 
0.151831 0.0220151 0.0268163 
0.159756 0.0476537 0.0568552 
0.380204 0.00235946 -0.00148031 
0.348556 -0.0122298 -0.0085372 
0.229684 0.0173611 0.0526425 
0.262341 0.07177219999999999 -0.00131084 
0.194377 0.0183516 0.0569321 
0.362917 -0.00122986 -0.0586937 
0.150001 0.0107391 0.0551906 
0.381496 0.000540716 -0.0576524 
0.29611 -0.0164689 -0.0578421 
0.259023 -0.00063791 0.0201445 
0.139499 -0.0200619 -0.000892895 
0.06470529999999999 -0.0165137 0.0576439 
0.120379 -0.00144506 0.013125 
0.259815 0.0719962 -0.0341719 
0.154731 0.00290739 -0.0514563 
0.387467 0.0303347 0.0583612 
0.279814 -0.0194237 -0.00228893 
0.0623322 0.038178 -0.0604731 
0.331153 -0.0138663 0.00883888 
0.136612 -0.00917576 -0.00206551 
0.155388 0.00354425 -0.0421891 
0.131715 0.0452265 -0.0611772 
0.356436 0.0560277 0.0533014 
0.265267 0.0715375 0.0212966 
0.142997 0.0237286 -0.0197987 
0.387463 0.054287 -0.0395565 
0.115164 -0.0082787 -0.0173155 
0.272157 0.0472231 -0.0378953 
0.250263 0.00493433 0.0061332 
0.0720338 0.0587608 -0.0571942 
0.106598 0.0123444 0.00464731 
0.127753 0.00363897 -0.0159948 
0.249492 0.07032330000000001 -0.00378368 
0.340873 0.063803 0.0227765 
0.141697 -0.008512169999999999 -0.0263747 
0.150839 -0.00218167 0.0293967 
0.1133 0.06762600000000001 -0.0346474 
0.135925 0.06961630000000001 0.00512457 
0.117841 -0.00619362 -0.0254796 
0.187383 0.0729402 0.0453918 
0.06513049999999999 0.017183 -0.0586354 
0.245778 -0.0163198 0.0570463 
0.279012 0.0107061 -0.0142638 
0.18301 -0.00566103 -0.0590935 
0.406773 0.0499487 -0.00358094 
0.0559908 -0.0280054 -0.0593757 
0.252786 -0.00765385 -0.00497809 
0.247127 -0.0102683 0.0123581 
0.272727 0.034657 0.0571062 
0.457075 0.0240705 0.0575159 
0.113957 0.000109092 -0.00515015 
0.112028 -0.00666502 0.0408376 
0.377269 0.0536873 -0.0102409 
0.104796 -0.0109415 0.00239798 
0.147631 0.0169538 0.0224965 
0.461336 0.0198565 -0.062475 
0.414863 0.00966559 -0.0575782 
0.277634 9.358269999999999e-05 -0.0192193 
0.112832 -0.0205587 -0.0139341 
0.111374 0.0102371 0.00126693 
0.129377 -0.0195029 -0.00375405 
0.136275 -0.0111213 0.00982982 
0.169945 0.000133356 0.0188186 
0.20576 0.0634991 0.0574311 
0.443925 -0.024136 -0.0594099 
0.0283591 -0.0249766 -0.0586133 
0.151606 0.0721222 0.0264734 
0.112265 0.0159267 -0.00440359 
0.376782 0.0550204 -0.0494965 
0.241261 -0.00520255 0.0187453 
0.269128 0.0171479 -0.0579021 
0.271338 0.0657925 0.0555197 
0.160354 0.00497339 4.92707e-06 
0.416852 0.0494911 -0.0451624 
0.325483 -0.0101066 -0.0577768 
0.114773 0.019855 -0.000946722 
0.1227 -0.0132772 0.008893689999999999 
0.107427 0.0129775 -0.0324312 
0.102626 0.0327379 -0.00832109 
-0.0496527 -0.00353753 0.0571072 
0.106466 -0.0311294 -0.021453 
0.126257 0.0686549 0.00243997 
0.011493 -0.0432027 -0.06347460000000001 
0.103239 0.0233298 0.0165155 
0.142928 0.00882557 -0.0199992 
0.229397 0.0410215 0.0570099 
0.0377387 -0.00388998 0.0579904 
0.193472 0.0109272 -0.0580702 
0.498408 -0.0107809 -0.00796732 
0.147169 -0.00539658 -0.0009792990000000001 
0.144556 -0.0218938 -0.0269369 
0.212906 0.0187779 -0.00227114 
0.07568370000000001 -0.0155422 -0.0597637 
0.204306 0.0379792 -0.0580461 
0.0572014 0.0572438 -0.0487492 
0.402816 0.0483688 0.0545408 
0.255924 0.0109899 -0.00964726 
0.146099 -0.012356 0.0636248 
0.067734 -0.0123525 -0.0583496 
0.155314 0.00533049 0.0413452 
0.173311 -0.0109625 0.0601124 
0.264705 0.0108061 0.014133 
0.142297 0.0715232 0.00424361 
0.381831 -0.0174655 0.00404101 
0.259705 -0.00899756 0.0104524 
0.0849631 0.0660037 0.0347533 
0.120089 0.0186388 -0.0114246 
0.300064 0.0291146 0.0581669 
0.105024 0.0126663 -0.00138034 
0.102881 0.06803389999999999 0.00286271 
0.141327 0.0101793 0.00606422 
0.102733 0.0160177 -0.0127367 
0.374365 0.0542482 0.00674351 
0.112717 0.0123001 -0.0592497 
0.133003 -0.0005605849999999999 -0.0266257 
0.287115 0.00419002 -0.00696301 
0.339985 0.0639361 -0.0321279 
0.416389 0.0177563 -0.0575748 
0.10533 -0.0370725 -0.00647816 
0.471793 -0.0185513 0.009928899999999999 
0.12932 0.06343699999999999 0.0549677 
0.113136 0.0390168 -0.0192828 
0.162947 -0.008504930000000001 -0.0297779 
0.441219 0.0423759 0.00194216 
0.405372 -0.0230027 -0.0575993 
0.157746 0.049949 0.0568507 
0.130132 -0.015366 -0.0413243 
0.408819 0.0514881 -0.00741388 
0.146787 0.0190413 0.035146 
0.0408718 0.0306395 -0.0595184 
0.24812 0.024286 -0.0579488 
0.379291 0.0538512 -0.0539005 
0.156824 0.0191134 -0.02156 
0.299219 0.0178904 -0.0578352 
0.347481 0.0259556 0.0582723 
0.264692 0.0257795 -0.0579119 
0.127661 0.0103373 0.0236337 
0.0606818 -0.026841 -0.0593653 
0.375864 0.0028676 -0.0576649 
0.170145 -0.0165981 -0.0139613 
0.0796515 -0.0385938 0.0616772 
0.383333 -0.0280937 -0.0579339 
0.129276 -0.0213823 0.00555886 
0.15891 -0.0243752 0.0578533 
0.3319 0.0611647 0.0431315 
0.101803 0.00761183 0.0176211 
0.276572 -0.00814985 0.0581147 
0.104459 -0.00183123 -0.013291 
0.132285 0.07084219999999999 -0.00940218 
0.239639 0.0132378 0.0570327 
0.0486244 0.0276406 -0.0593921 
 0.215 0.0155318 0.0105401 
0.104331 0.0211015 -0.00797112 
0.391358 0.00801206 -0.00121901 
0.124687 -0.00339022 -0.0592449 
0.269479 0.057103 -0.0589273 
0.243607 0.0125842 -0.0379587 
0.136627 -0.0271642 0.0331001 
0.147213 -0.0252364 0.0228046 
0.120843 0.017164 -0.0214968 
0.394947 0.0527883 -0.038418 
0.0977355 0.067526 0.00591252 
0.169211 0.0728018 -0.0122279 
0.102909 0.06795569999999999 0.0323029 
0.121997 -0.00797427 -0.0435882 
0.209131 0.0714709 0.0401328 
0.216267 0.053541 0.0619719 
0.137416 -0.0190044 -0.023993 
0.102842 -0.0170491 0.00739615 
0.148758 0.0719347 -0.0177811 
0.254991 0.0440229 0.0570668 
0.368516 0.0374047 0.0573191 
0.219951 0.0734808 0.0110323 
0.363946 0.0584602 0.0498688 
0.120554 -0.0103306 -0.00309737 
0.105071 -0.0370553 0.0567336 
0.157723 0.0089254 0.0314864 
0.0269336 0.0459273 -0.06344030000000001 
0.158943 0.00333622 0.0576593 
0.108589 0.0218562 0.0265291 
0.436163 0.0396764 0.0608575 
0.245735 -0.00423535 -0.00632611 
0.331899 0.0633104 0.0498638 
0.264163 -0.00535742 0.0586905 
0.229698 0.0156769 0.0462635 
0.260744 -0.00575502 0.0114609 
0.101386 -0.040772 0.00230866 
0.120829 0.00327321 -0.0256611 
0.126697 -0.0014113 -0.0189619 
0.136264 -0.0112841 0.0116087 
0.192352 -0.0242904 -0.0630727 
0.140967 0.0294706 -0.0581869 
0.159582 -0.010396 -0.0188337 
0.143897 0.07165290000000001 0.0378189 
0.193398 0.07355680000000001 0.009581249999999999 
0.246726 -0.0229465 -0.00237086 
0.426951 -0.0119371 0.0113088 
0.0581425 0.0253238 0.0576293 
0.300635 0.0672285 0.0205344 
0.101477 0.00509174 0.0446946 
0.159268 0.00644838 0.0561541 
0.151453 0.000392826 -0.0426635 
0.324929 0.0301924 0.0589781 
0.107164 -0.0125876 0.0358882 
0.251718 -0.0175539 -0.0140638 
0.411258 0.029105 0.0600747 
0.257357 -0.0122448 0.0170939 
0.253545 -0.00959023 0.00117195 
0.400864 -0.00626686 -0.0038703 
0.175094 0.07291930000000001 0.0236929 
0.10953 -0.0262926 -0.0148872 
0.330796 0.0225857 -0.058765 
0.435803 0.0336351 -0.0625317 
0.382311 -0.00554206 -0.0576506 
0.459693 -0.018 -0.0576801 
0.348383 0.00813174 -0.058726 
0.114253 0.0162911 -0.0272584 
0.129171 -0.00673322 0.00527191 
0.474605 0.0113288 0.06255479999999999 
0.226374 0.0636612 0.0569249 
0.278868 -0.0128323 0.00465789 
0.249211 0.0710932 -0.0110052 
0.19738 0.0735918 0.0410411 
0.312843 0.0342006 0.0581953 
0.29979 -0.0186912 0.0571663 
0.129286 0.0434662 -0.00532115 
0.160653 -0.0196872 0.06362039999999999 
0.147832 0.00164307 -0.0634716 
0.216444 0.0715018 -0.0457356 
0.312083 0.0190048 -0.0578066 
0.221914 -0.0214544 -0.00440579 
0.382525 0.0342571 -0.0576501 
0.256561 0.000972084 0.0105202 
0.13242 0.0257706 0.00346711 
0.152862 -0.0161113 -0.0245101 
0.267962 0.0713746 0.0245188 
0.220425 0.00773583 -0.0170527 
0.204299 0.0167446 0.00925136 
0.139236 -0.00326231 0.0296772 
0.106586 0.017664 -0.0112304 
0.327008 0.0555468 0.0577234 
0.112279 -0.0311828 0.0280671 
0.397814 0.0236453 0.0583842 
0.186132 -0.0219476 -0.00252904 
0.119023 -0.0242875 -0.000640152 
0.128495 -0.0213164 -0.0135527 
0.0222208 -0.0398435 0.0565495 
0.0875812 0.0531029 -0.0604406 
-0.0246636 0.0309858 -0.058555 
0.288568 0.0290742 -0.0607584 
0.147788 -0.0304159 -0.0163325 
0.0940868 -0.0220907 0.0577092 
0.335185 0.00868475 0.057245 
0.294393 0.0072207 -0.0605995 
0.25637 0.07014339999999999 -0.0471989 
0.168952 0.00688755 -0.0202963 
0.211007 0.0102257 0.0145245 
0.236808 0.0466922 0.0570264 
0.139597 -0.0396318 0.0604831 
0.289813 0.00429595 -0.0135467 
0.115283 0.06929490000000001 -0.0187621 
0.48331 0.00526952 0.0575742 
0.276895 0.021437 -0.0423661 
0.09887609999999999 -0.0352667 -0.0115276 
0.262649 -0.00429977 -0.0198431 
0.107279 -0.00279698 0.016209 
0.120332 -0.0162148 -0.0112731 
0.165707 0.0012536 0.0575659 
0.347779 0.06279510000000001 0.0331484 
0.0791005 0.0637373 -0.00464214 
0.211441 0.0012702 0.00325759 
0.0596516 -0.0295475 0.0566327 
0.0718434 -0.0035 0.0498438 
0.441515 0.0433976 -0.0128766 
0.0753805 -0.00519896 -0.0620014 
0.357494 0.0152663 -0.0577057 
0.109826 -0.0384927 -0.0132573 
0.106432 -0.00788725 0.0328255 
0.116816 -0.000309608 -0.0313084 
0.289475 0.0297932 -0.0578569 
0.267156 0.0347079 -0.0379064 
0.258369 -0.0137601 0.0620743 
0.315732 -0.0157064 -0.0577985 
0.143384 -0.0147987 0.0258895 
0.270618 -0.0103607 -0.00155822 
0.275764 -0.0172461 0.0144244 
0.420639 0.0397127 0.0539429 
0.0807464 -0.00439009 0.0578471 
0.134668 0.0234948 -0.0073016 
0.466686 -0.00775608 -0.010395 
0.332518 0.0355351 -0.0577612 
0.0403284 -0.0163812 0.0615898 
0.458872 -0.0385313 -0.060517 
0.287296 -0.0131507 -0.0196877 
0.393804 -0.0296963 0.0616485 
0.0479282 -0.00747039 -0.0633937 
0.433241 -0.0117656 0.0113677 
0.259701 -0.0142149 -0.0169087 
0.29879 -0.00389719 -0.0115262 
0.237802 0.0194775 0.0370285 
0.206414 -0.000980191 -0.0199032 
0.121513 0.0245398 0.0349049 
0.176183 -0.00887427 -0.0581086 
0.350704 0.00450349 0.0582795 
0.162462 0.00541715 0.0511725 
0.320823 0.0649216 0.000166921 
0.420651 -0.00226816 0.00220876 
0.2156 0.0579685 -0.0624412 
0.116543 -0.00491892 -0.0140969 
0.121688 0.00738889 -0.0426099 
0.263724 0.0132935 -0.008847829999999999 
0.387891 0.0280082 0.0573621 
0.163124 0.00501777 0.032709 
0.185421 0.07184989999999999 0.0227507 
0.121094 -0.0285958 0.0291998 
0.136122 -0.0113962 -0.00360231 
0.323505 0.06610439999999999 -0.0164623 
0.119256 0.066638 -0.0100598 
0.403303 0.0526658 0.0248783 
0.352635 0.00928998 -0.0587165 
0.431436 0.0462178 -0.00105283 
0.149547 0.0102987 -0.050237 
0.350786 0.047978 -0.0602755 
0.140919 -0.0252571 -0.059187 
0.116575 0.0679401 0.0341651 
0.120811 -0.0144831 -0.009541910000000001 
0.268329 0.00096072 0.0570964 
0.291695 0.0269916 0.0571484 
0.364075 -0.019229 0.00296969 
0.276804 0.06498569999999999 -0.0569841 
0.148234 0.0306265 0.00173677 
0.396478 0.018009 0.0623812 
0.139405 0.0673598 -0.00252569 
0.172134 0.017123 0.0618827 
0.41943 0.0490828 0.009703979999999999 
0.485786 -0.0173762 0.0581059 
0.178782 -0.00777464 0.06371259999999999 
0.06860620000000001 -0.0317184 -0.0583477 
0.350481 0.0490867 -0.0614432 
0.243755 0.06731719999999999 0.0554885 
0.261341 -0.00289235 -0.0197605 
0.109882 -0.00225154 0.0158626 
0.19744 -0.019693 -0.0110217 
0.408394 -0.0144124 0.0105748 
0.125404 -0.0346973 -0.0229063 
0.166924 0.00046766 -0.06342920000000001 
0.0775242 0.00997967 0.0586724 
0.146369 -0.0407128 0.0141966 
0.119649 0.0430095 0.00868098 
0.121715 0.0116354 0.0139339 
0.288408 0.06579939999999999 -0.031757 
0.106691 -0.0402269 -0.00367218 
0.27879 0.0189689 0.0391196 
0.422275 0.0467382 0.0324904 
0.152492 0.0013433 0.06348719999999999 
0.105181 0.0162383 -0.00648722 
0.362609 0.0300704 -0.0576943 
0.125989 0.0429035 -0.00928054 
0.00262129 -0.0419744 -0.0634943 
0.061867 0.0258669 0.0598981 
0.415736 -0.0143381 -0.0575763 
0.212252 0.00063458 0.00389809 
0.289812 0.00404273 -0.017376 
0.114508 0.0432062 -0.0213066 
0.129114 0.00457358 -0.0428146 
0.476861 -0.00193104 -0.0033763 
0.15118 -0.000813736 -0.0430392 
0.334124 -0.0131967 -0.0073877 
0.132248 -0.0331898 -0.0281768 
0.143892 -0.0133847 0.0279196 
-0.0119224 0.0377891 -0.0585266 
0.0961294 0.0640705 0.0251543 
0.119018 0.00108311 -0.0196986 
0.233546 0.018512 0.0580191 
0.39877 -0.00371593 0.0133862 
0.145058 -0.000388522 -0.020142 
0.0127539 0.0498861 -0.0633224 
0.151653 0.0639496 0.0576984 
0.385915 0.0517469 -0.0524823 
0.360933 0.0386428 0.0598808 
0.145045 -0.0290024 0.00738635 
0.28044 -0.00473689 -0.0145973 
0.171036 -0.019731 0.000603094 
0.144092 -0.0428036 0.00552036 
0.110004 -0.040044 -0.00610913 
0.36577 0.0212652 -0.0586873 
0.139052 0.0239694 -0.0362463 
0.135162 0.00238291 -0.0215764 
-0.0116978 -0.0360785 -0.0628264 
0.314817 0.06565 0.008300220000000001 
0.07210800000000001 -0.000191523 -0.062008 
0.39793 -0.0216568 0.0061889 
0.157241 -0.0021479 0.0278615 
0.1683 -0.0250425 -0.0591261 
0.151184 0.00344409 -0.0226551 
0.11545 0.000645541 0.0179783 
0.0146861 -0.0490267 0.059327 
0.222192 0.0494541 0.0569939 
0.166649 0.0470183 0.0578705 
0.351217 -0.0165903 0.0607747 
0.162063 -0.0117194 -0.0180998 
0.108447 -0.0328823 -0.02296 
0.196063 -0.0237855 0.0619358 
0.285917 0.039386 0.0581355 
0.278413 0.010147 -0.0148629 
0.43956 0.0398699 -0.0521737 
0.385115 0.056243 0.0231617 
0.190027 -0.00285779 0.0218396 
0.362133 -0.0123231 -0.0576954 
0.141956 0.0110454 -0.00235234 
0.153082 0.0509992 0.0568403 
0.366434 0.0215054 0.0583144 
0.374756 -0.0115338 0.008860140000000001 
0.0635236 -0.00638489 -0.058359 
0.089806 -0.0180391 -0.0593006 
0.448612 -0.010648 0.008614 
0.276901 -0.00448173 -0.0589357 
0.161185  0.015 -0.0617737 
0.167575 -0.000763332 0.0203246 
0.23712 0.0730769 0.0319555 
0.337086 -0.0138041 -0.00694992 
0.087742 0.0273087 0.0566951 
0.227907 0.0135333 -0.0579937 
0.07814069999999999 0.0248493 -0.0632279 
0.416086 0.0498664 -0.0274887 
0.372061 -0.0261355 0.0622588 
0.15088 -0.0129409 -0.0168734 
0.153195 0.0526838 -0.0631085 
0.289108 -0.0112378 0.0190453 
0.254187 -0.00888066 -0.0113249 
0.0500438 0.0356 -0.0593889 
0.457442 -0.0290583 -0.0584836 
0.254589 0.049811 -0.0399343 
0.213482 0.0181974 -0.00530372 
0.242629 0.0113295 0.0580393 
0.163731 -0.0150085 -0.017487 
0.215135 -0.0122334 0.0569782 
0.373622 0.0583178 -0.0361468 
0.151234 -0.00568673 0.0599477 
0.170513 0.0261197 -0.0581212 
0.10517 0.0158703 -0.00853284 
0.196552 0.0720713 -0.0187263 
0.15052 0.010983 -0.0511642 
0.370129 0.0559113 -0.0500417 
0.0836542 0.0279858 0.056686 
0.12655 0.0300078 -0.0116371 
0.251728 0.0443375 -0.0579408 
0.407237 0.0518412 -0.0189056 
0.408878 -0.00751882 -0.0575915 
0.102413 0.0292898 0.0240484 
0.386669 0.007979979999999999 0.0573594 
0.425259 0.0476348 -0.0463256 
0.276159 -0.00413757 -0.00630788 
0.111898 0.0289044 -0.0323526 
0.156968 -0.000721899 -0.00566189 
0.176686 0.00564996 -0.0653273 
0.100263 0.0111272 -0.0152697 
0.129361 -0.0199958 0.0213872 
0.121915 -0.0180127 -0.00835058 
0.263435 0.0340879 0.0580855 
0.287797 -0.00542203 -0.0588606 
0.255755 0.010936 -0.0127092 
0.156668 0.009107219999999999 0.0217447 
0.266044 0.07011050000000001 0.0269441 
0.276876 -0.001276 -0.0154438 
0.402893 0.0165587 -0.0623813 
0.250256 0.0149345 -0.00585792 
0.146445 -0.0122349 0.020685 
0.251557 -0.00476393 -0.0212806 
0.144916 0.0200337 -0.0245171 
0.125131 0.023827 0.00606732 
0.0208711 -0.0316762 0.0609739 
0.320282 0.0258825 0.0622119 
0.480087 0.000346537 0.057567 
0.0647693 -0.00812833 -0.0583562 
0.402353 0.0457771 -0.0576533 
0.135002 0.0448878 0.00128527 
0.279836 -0.00977366 0.0142655 
0.225459 0.0471046 -0.0379991 
0.064654 0.0449457 -0.06326089999999999 
0.115673 -0.0145158 -0.0268277 
0.268776 -0.016099 -0.0105222 
0.254865 0.00259534 -0.0103851 
0.113938 -0.0129315 -0.0140999 
0.162276 0.00544796 0.0524232 
0.260702 0.0719365 -0.0297604 
0.237278 0.0151781 0.0580274 
0.144794 -0.0327972 -0.018718 
0.113949 0.0666426 0.0122437 
0.131685 0.00261069 -0.0173796 
0.141958 0.00879682 0.0424262 
0.0393754 0.0505556 -0.0565364 
0.0483831 -0.0446806 -0.0583926 
0.176488 0.0149178 0.0133259 
0.308161 0.0242106 0.0571849 
0.0964497 0.00914274 -0.0134265 
0.274778 0.0448802 0.0550463 
0.0865074 0.031699 -0.0524458 
0.419148 -0.0104301 0.0584316 
0.105862 -0.00760786 -0.0127087 
0.215469 0.0716836 0.0498865 
0.113076 0.040064 0.0179769 
0.159161 0.0149481 0.0499105 
0.104633 0.0403652 -0.0119481 
0.126433 -0.0147706 -0.0414942 
0.20923 0.0477328 -0.0590352 
0.429781 -0.0143071 -0.0624912 
0.08245329999999999 0.00857373 -0.0593169 
0.332493 0.0392347 -0.0577613 
0.110179 0.00320668 -0.0177654 
0.166153 -0.007964880000000001 0.0505264 
0.192884 0.0142629 -0.0590715 
0.132599 0.018657 0.0238621 
0.238316 0.0448449 -0.0618241 
0.12563 -0.0037274 -0.00930716 
0.16838 0.008690420000000001 -0.05279 
0.30893 0.0178464 0.0621867 
0.363262 0.0603046 -0.0328279 
0.108993 0.0312752 -0.01431 
0.257564 0.06549149999999999 0.0569272 
0.127025 0.0315445 0.00506476 
0.258054 0.0718992 0.0372779 
0.276679 -0.00615206 0.000491672 
0.156937 0.0458894 0.0568489 
0.209253 0.0375304 -0.0580351 
0.150504 0.037353 0.00457846 
0.148978 -0.00501263 0.0641849 
0.106971 0.0288547 0.0340748 
0.107575 0.00438055 -0.0582611 
0.115957 -0.00672456 0.0115728 
0.119337 -0.0153551 -0.058235 
0.418083 0.041389 -0.0529101 
0.113489 -0.0120251 -0.00778185 
0.133877 -0.0164459 -0.00400168 
0.224062 0.0711566 -0.0176725 
0.12795 0.0117368 0.0276252 
0.474406 0.00534735 -0.0603343 
0.271234 0.0671013 -0.0151578 
0.137461 0.0324219 -0.05921 
0.178691 0.06690169999999999 0.056348 
0.121655 0.0120405 0.00614798 
0.186817 -0.016912 -0.0118096 
0.257114 0.0268499 0.0570715 
0.402481 0.00688222 0.0573945 
0.257986 -0.0103871 0.0130374 
0.185031 0.0607319 -0.0599374 
0.104367 0.0192686 -0.0127893 
-0.0380694 -0.00252826 0.0593161 
0.116436 0.0240124 -0.0369215 
0.102793 0.000741068 0.0387334 
-0.0372103 -0.0209353 -0.0585828 
0.271844 0.0123069 0.00901795 
0.123836 0.00973389 0.0283139 
0.0725671 0.0558673 0.0579145 
0.379632 0.0485925 0.05855 
0.09815889999999999 0.0090954 -0.0155583 
0.110571 0.021516 -0.0373425 
0.230857 0.00240587 0.0570132 
0.306686 -0.00723283 -0.0115974 
0.104235 -0.0254304 -0.0592685 
0.414293 0.0502526 0.0198125 
0.383049 0.0532551 0.0408512 
0.281614 0.0705302 -0.0289417 
0.156661 0.0151594 -0.0207578 
0.201832 -0.0049595 -0.0055316 
0.102064 0.0112237 -0.00222221 
0.238402 0.0283078 -0.0579704 
0.150498 -0.0136544 -0.027594 
0.311616 0.0674182 0.019628 
0.186081 0.0718641 -0.0179316 
0.0683332 -0.0312995 0.057652 
0.04166 0.0446022 -0.06340759999999999 
3 824 398 507 
3 824 720 398 
3 265 125 507 
3 763 689 516 
3 373 763 516 
3 373 8 763 
3 312 226 883 
3 226 312 804 
3 975 824 507 
3 125 975 507 
3 60 380 804 
3 380 265 804 
3 380 125 265 
3 646 689 763 
3 8 646 763 
3 824 722 720 
3 722 373 720 
3 722 8 373 
3 75 646 8 
3 75 125 594 
3 186 226 804 
3 265 186 804 
3 978 265 507 
3 398 978 507 
3 816 978 398 
3 978 186 265 
3 186 978 816 
3 720 510 398 
3 226 510 883 
3 591 589 537 
3 650 622 334 
3 228 222 804 
3 222 60 804 
3 222 533 60 
3 735 766 757 
3 109 934 720 
3 483 640 883 
3 109 483 883 
3 144 373 516 
3 144 483 109 
3 646 251 608 
3 251 279 608 
3 251 75 594 
3 75 251 646 
3 903 766 640 
3 279 63 947 
3 63 251 594 
3 251 63 279 
3 125 805 594 
3 805 63 594 
3 949 928 334 
3 68 610 949 
3 499 610 608 
3 279 499 608 
3 499 279 947 
3 568 722 824 
3 722 568 8 
3 786 816 398 
3 510 786 398 
3 786 510 226 
3 186 786 226 
3 786 186 816 
3 591 378 589 
3 378 591 533 
3 378 222 589 
3 222 378 533 
3 222 40 589 
3 494 650 621 
3 766 267 640 
3 267 766 735 
3 640 267 883 
3 312 855 804 
3 855 243 804 
3 855 312 883 
3 267 855 883 
3 243 855 735 
3 855 267 735 
3 146 735 757 
3 146 243 735 
3 243 146 804 
3 306 146 757 
3 146 306 228 
3 146 228 804 
3 934 6 720 
3 6 109 883 
3 6 934 109 
3 373 223 720 
3 144 223 373 
3 223 109 720 
3 223 144 109 
3 689 397 516 
3 397 144 516 
3 144 397 689 
3 483 833 640 
3 144 833 483 
3 372 345 608 
3 345 144 689 
3 59 372 696 
3 601 610 696 
3 372 601 696 
3 610 601 608 
3 601 372 608 
3 380 981 125 
3 981 805 125 
3 63 967 947 
3 805 967 63 
3 610 263 949 
3 263 928 949 
3 499 263 610 
3 263 499 928 
3 654 75 8 
3 568 654 8 
3 654 568 75 
3 568 899 75 
3 899 975 125 
3 75 899 125 
3 975 899 824 
3 899 568 824 
3 682 306 757 
3 847 949 334 
3 600 847 334 
3 637 494 154 
3 494 637 650 
3 622 116 334 
3 116 600 334 
3 218 510 720 
3 6 218 720 
3 510 218 883 
3 218 6 883 
3 559 682 757 
3 766 559 757 
3 903 559 766 
3 27 833 144 
3 27 559 903 
3 27 903 640 
3 833 27 640 
3 139 646 608 
3 345 139 608 
3 646 139 689 
3 139 345 689 
3 682 544 319 
3 981 368 805 
3 967 767 947 
3 767 967 928 
3 767 499 947 
3 499 767 928 
3 308 967 805 
3 368 308 805 
3 533 308 60 
3 308 368 981 
3 308 591 621 
3 591 308 533 
3 308 380 60 
3 308 981 380 
3 225 688 268 
3 225 40 222 
3 225 591 537 
3 225 268 591 
3 589 225 537 
3 40 225 589 
3 225 222 228 
3 597 590 154 
3 597 494 621 
3 494 597 154 
3 306 597 228 
3 590 597 306 
3 597 225 228 
3 225 597 688 
3 319 177 68 
3 177 996 696 
3 610 177 696 
3 68 177 610 
3 590 88 154 
3 88 637 154 
3 88 116 622 
3 650 88 622 
3 637 88 650 
3 292 590 306 
3 116 292 306 
3 292 88 590 
3 88 292 116 
3 83 847 600 
3 116 83 600 
3 83 116 306 
3 682 83 306 
3 83 682 319 
3 559 879 501 
3 27 879 559 
3 748 27 345 
3 345 701 144 
3 701 27 144 
3 27 701 345 
3 559 871 682 
3 871 544 682 
3 544 871 559 
3 544 744 319 
3 967 467 928 
3 308 467 967 
3 467 650 334 
3 928 467 334 
3 650 467 621 
3 467 308 621 
3 597 576 688 
3 688 576 268 
3 591 576 621 
3 268 576 591 
3 441 83 319 
3 83 441 847 
3 59 834 372 
3 834 746 372 
3 988 345 372 
3 746 988 372 
3 865 559 501 
3 865 544 559 
3 865 945 544 
3 461 544 696 
3 177 212 996 
3 212 744 996 
3 530 597 621 
3 576 530 621 
3 530 576 597 
3 847 431 949 
3 431 68 949 
3 391 319 68 
3 391 441 319 
3 988 762 345 
3 762 748 345 
3 875 865 501 
3 945 0 59 
3 0 865 59 
3 865 0 945 
3 269 59 696 
3 253 269 696 
3 208 945 59 
3 208 269 253 
3 945 208 544 
3 544 208 696 
3 208 253 696 
3 145 744 544 
3 461 145 544 
3 145 461 744 
3 461 123 744 
3 744 123 996 
3 996 123 696 
3 123 461 696 
3 744 990 319 
3 212 990 744 
3 990 177 319 
3 990 212 177 
3 441 913 847 
3 913 431 847 
3 431 913 68 
3 913 391 68 
3 391 913 441 
3 852 762 988 
3 852 879 27 
3 879 852 501 
3 852 875 501 
3 748 852 27 
3 762 852 748 
3 834 86 746 
3 875 158 865 
3 158 834 59 
3 865 158 59 
3 158 86 834 
3 158 875 746 
3 86 158 746 
3 269 390 59 
3 390 208 59 
3 208 390 269 
3 555 852 988 
3 852 555 875 
3 555 988 746 
3 875 555 746 
Vertices and facets:
- p824(v13): 0.015 -0.049 0.059
- p398(v7): -0.0095 -0.047 -0.059
- p507(v0): -0.05 -0.0035 0.057
- p720(v12):  0.46 -0.039 -0.061
- p125(v18): 0.013 0.037 0.062
- p265(v14): -0.027 0.031 -0.059
- p689(v19):  0.48 0.0053 0.058
- p763(v6):  0.49 -0.017 0.058
- p516(v1):   0.5 -0.011 -0.008
- p373(v22):   0.5 -0.028 -0.012
- p8(v23):  0.43 -0.024 0.062
- p312(v29): 0.021 0.048 -0.063
- p226(v15): 0.059 0.00036 -0.065
- p883(v3):  0.18 0.0056 -0.065
- p804(v5): 0.013  0.05 -0.063
- p975(v32): -0.038 -0.0025 0.059
- p380(v33): 0.051 0.057 0.043
- p60(v8): 0.066 0.063 0.036
- p646(v34):  0.47 0.011 0.063
- p722(v41):  0.39 -0.03 0.062
- p75(v42):  0.14 0.0068 0.065
- p594(v10):  0.22 0.054 0.062
- p186(v43): 0.0079 0.042 -0.063
- p978(v44): -0.037 -0.021 -0.059
- p816(v24): -0.012 -0.036 -0.063
- p510(v45): 0.011 -0.043 -0.063
- p591(v47):   0.1 0.068 0.032
- p589(v26): 0.098 0.068 0.0059
- p537(v16):   0.1 0.068 0.0029
- p650(v48):   0.2 0.074 0.041
- p622(v27):  0.19 0.074 0.0096
- p334(v2):  0.21 0.074  0.04
- p222(v49): 0.094 0.067 -0.021
- p228(v28):  0.13 0.069 -0.051
- p533(v46): 0.085 0.066 0.035
- p766(v52):  0.35 0.049 -0.061
- p735(v30):  0.22 0.058 -0.062
- p757(v9):  0.28 0.065 -0.057
- p934(v54):  0.43 -0.014 -0.062
- p109(v31):  0.47 0.007 -0.062
- p483(v55):  0.46  0.02 -0.062
- p640(v17):  0.44 0.034 -0.063
- p144(v56):  0.48  0.01 -0.057
- p251(v57):  0.34 0.045 0.062
- p608(v11):  0.44  0.04 0.061
- p279(v37):  0.31 0.054 0.061
- p903(v58):   0.4 0.046 -0.058
- p63(v60):  0.25 0.058 0.061
- p947(v21):  0.26 0.065 0.057
- p805(v61):  0.15 0.064 0.058
- p928(v62):  0.22 0.072  0.05
- p949(v39):  0.26 0.072 0.037
- p68(v63):  0.27 0.071 0.035
- p610(v40):  0.33 0.063  0.05
- p499(v64):  0.27 0.066 0.056
- p568(v65):  0.08 -0.039 0.062
- p786(v66): 0.0026 -0.042 -0.063
- p378(v68):  0.09 0.067 0.024
- p40(v69):  0.11 0.068 -0.013
- p494(v72):  0.15 0.072 0.026
- p621(v25):  0.14 0.072 0.038
- p267(v74):  0.35 0.043 -0.063
- p855(v75):  0.15 0.053 -0.063
- p243(v53):  0.19 0.058 -0.063
- p146(v77):  0.18 0.064 -0.06
- p306(v50):  0.22 0.073 -0.047
- p6(v78):   0.4 -0.024 -0.063
- p223(v79):  0.48 -0.013 -0.057
- p397(v80):  0.49 -0.0027 0.0039
- p833(v81):  0.44  0.04 -0.052
- p345(v83):  0.44 0.044 0.015
- p372(v59):   0.4 0.052 0.046
- p59(v84):  0.37 0.059 0.021
- p696(v20):  0.35 0.063 0.033
- p601(v85):  0.36 0.058  0.05
- p981(v86): 0.073 0.056 0.058
- p967(v87):  0.18 0.067 0.056
- p263(v88):  0.27 0.069 0.047
- p654(v90):  0.16 -0.02 0.064
- p899(v91): 0.021 -0.032 0.061
- p682(v94):  0.26  0.07 -0.047
- p847(v95):  0.24 0.073 0.032
- p600(v71):  0.22 0.073 0.011
- p637(v96):  0.18 0.073 0.024
- p154(v51):  0.15 0.072 0.018
- p116(v97):  0.21 0.074 -0.023
- p218(v98): 0.049 -0.042 -0.063
- p559(v99):  0.38 0.054 -0.054
- p27(v101):  0.44 0.045 -0.047
- p139(v102):  0.44 0.041 0.035
- p544(v103):  0.34 0.064 -0.032
- p319(v70):  0.28 0.071 -0.033
- p368(v105): 0.098  0.06 0.057
- p767(v106):  0.24 0.067 0.055
- p308(v107):   0.1 0.067 0.048
- p225(v108):  0.11 0.069 -0.021
- p688(v92):  0.12 0.069 -0.019
- p268(v67):  0.11 0.069 0.014
- p597(v109):  0.15 0.072 -0.018
- p590(v73):  0.17 0.073 -0.012
- p177(v110):  0.29  0.07 0.029
- p996(v93):  0.31 0.067  0.02
- p88(v111):  0.19 0.073 0.0063
- p292(v112):  0.17 0.073 -0.012
- p83(v113):  0.23 0.073 -0.04
- p879(v115):  0.43 0.048 -0.046
- p501(v36):  0.42 0.049 -0.045
- p748(v116):  0.43 0.046 -0.0011
- p701(v117):  0.44 0.043 -0.013
- p871(v119):  0.37 0.056 -0.05
- p744(v120):  0.32 0.066 -0.016
- p467(v121):  0.19 0.073 0.045
- p576(v122):  0.13 0.071 -0.0094
- p441(v123):  0.26 0.072 -0.034
- p834(v124):  0.39 0.056 0.023
- p746(v114):   0.4 0.053 0.025
- p988(v125):  0.41  0.05  0.02
- p865(v126):  0.37 0.058 -0.036
- p945(v118):  0.36  0.06 -0.033
- p461(v129):  0.34 0.064 0.023
- p212(v130):  0.28  0.07 -0.025
- p530(v131):  0.14 0.072 0.0042
- p431(v132):  0.26 0.072 -0.0013
- p391(v133):  0.27 0.071 -0.017
- p762(v134):  0.42 0.049 0.0097
- p875(v135):  0.41 0.052 -0.019
- p0(v136):  0.37 0.059 -0.032
- p269(v137):  0.36 0.061 0.018
- p253(v127):  0.36 0.061 0.00039
- p208(v138):  0.36 0.061 -0.029
- p145(v139):  0.34 0.064 0.00014
- p123(v140):  0.33 0.065 0.022
- p990(v141):  0.28 0.071 -0.029
- p913(v142):  0.26 0.072 -0.03
- p852(v143):  0.42  0.05 -0.027
- p86(v144):  0.39 0.055 0.022
- p158(v145):  0.39 0.055 0.011
- p390(v146):  0.37  0.06 -0.0024
- p555(v147):  0.41 0.051 -0.0074
- f38
    - flags: top simplicial
    - normal:   -0.5765  -0.8104   0.1044
    - offset: -0.03745807
    - vertices: p824(v13) p398(v7) p507(v0)
    - neighboring facets: f192 f136 f41
- f41
    - flags: top simplicial
    - normal:   0.01794  -0.9996 -0.02106
    - offset: -0.04802179
    - vertices: p824(v13) p720(v12) p398(v7)
    - neighboring facets: f196 f38 f177
- f62
    - flags: bottom simplicial
    - normal:   -0.5464   0.8259   0.1388
    - offset: -0.03213469
    - vertices: p125(v18) p265(v14) p507(v0)
    - neighboring facets: f191 f137 f141
- f69
    - flags: bottom simplicial
    - normal:    0.9741   0.1111   0.1972
    - offset:  -0.482706
    - vertices: p689(v19) p763(v6) p516(v1)
    - neighboring facets: f83 f380 f144
- f83
    - flags: top simplicial
    - normal:    0.9712  -0.1685   0.1687
    - offset: -0.4845074
    - vertices: p373(v22) p763(v6) p516(v1)
    - neighboring facets: f69 f254 f88
- f88
    - flags: bottom simplicial
    - normal:    0.1437  -0.9748   0.1707
    - offset: -0.09668347
    - vertices: p8(v23) p373(v22) p763(v6)
    - neighboring facets: f83 f146 f180
- f122
    - flags: top simplicial
    - normal:  -0.002436  0.03503  -0.9994
    - offset: -0.06505459
    - vertices: p312(v29) p226(v15) p883(v3)
    - neighboring facets: f199 f357 f123
- f123
    - flags: bottom simplicial
    - normal:  -0.01077  0.02842  -0.9995
    - offset: -0.06457355
    - vertices: p312(v29) p226(v15) p804(v5)
    - neighboring facets: f187 f355 f122
- f136
    - flags: top simplicial
    - normal:   -0.1679  -0.1902   0.9673
    - offset: -0.06424714
    - vertices: p975(v32) p824(v13) p507(v0)
    - neighboring facets: f38 f137 f432
- f137
    - flags: bottom simplicial
    - normal:   -0.2005   0.2046   0.9581
    - offset: -0.06394636
    - vertices: p975(v32) p125(v18) p507(v0)
    - neighboring facets: f62 f136 f430
- f139
    - flags: bottom simplicial
    - normal:   -0.3704   0.9261   0.0716
    - offset: -0.03694086
    - vertices: p380(v33) p60(v8) p804(v5)
    - neighboring facets: f214 f140 f520
- f140
    - flags: top simplicial
    - normal:   -0.4209   0.9025  0.09146
    - offset: -0.03386212
    - vertices: p380(v33) p265(v14) p804(v5)
    - neighboring facets: f189 f139 f141
- f141
    - flags: top simplicial
    - normal:   -0.4233   0.9011  0.09367
    - offset: -0.03375647
    - vertices: p380(v33) p125(v18) p265(v14)
    - neighboring facets: f62 f140 f408
- f144
    - flags: top simplicial
    - normal:    0.5356   0.0783   0.8408
    - offset: -0.3076805
    - vertices: p646(v34) p689(v19) p763(v6)
    - neighboring facets: f69 f146 f490
- f146
    - flags: bottom simplicial
    - normal:   0.09857  -0.1148   0.9885
    - offset: -0.1073148
    - vertices: p646(v34) p8(v23) p763(v6)
    - neighboring facets: f88 f144 f184
- f177
    - flags: bottom simplicial
    - normal:   0.05007  -0.9939  0.09855
    - offset: -0.05530807
    - vertices: p722(v41) p824(v13) p720(v12)
    - neighboring facets: f41 f179 f306
- f179
    - flags: top simplicial
    - normal:    0.1077  -0.9858   0.1287
    - offset: -0.07963499
    - vertices: p722(v41) p373(v22) p720(v12)
    - neighboring facets: f376 f177 f180
- f180
    - flags: top simplicial
    - normal:    0.1294  -0.9788    0.159
    - offset: -0.08984366
    - vertices: p722(v41) p8(v23) p373(v22)
    - neighboring facets: f88 f179 f307
- f184
    - flags: top simplicial
    - normal:  0.007125 -0.01065   0.9999
    - offset: -0.06581074
    - vertices: p75(v42) p646(v34) p8(v23)
    - neighboring facets: f146 f426 f267
- f185
    - flags: top simplicial
    - normal:  -0.008119  0.07388   0.9972
    - offset: -0.06400009
    - vertices: p75(v42) p125(v18) p594(v10)
    - neighboring facets: f281 f266 f431
- f187
    - flags: top simplicial
    - normal:  -0.01223  0.02707  -0.9996
    - offset: -0.06448904
    - vertices: p186(v43) p226(v15) p804(v5)
    - neighboring facets: f123 f189 f313
- f189
    - flags: bottom simplicial
    - normal:   -0.1767   0.1255  -0.9762
    - offset: -0.06582629
    - vertices: p186(v43) p265(v14) p804(v5)
    - neighboring facets: f140 f187 f194
- f191
    - flags: top simplicial
    - normal:   -0.9727   0.1898  -0.1332
    - offset: -0.04002302
    - vertices: p978(v44) p265(v14) p507(v0)
    - neighboring facets: f62 f192 f194
- f192
    - flags: bottom simplicial
    - normal:    -0.685  -0.7277  0.03576
    - offset: -0.03862759
    - vertices: p978(v44) p398(v7) p507(v0)
    - neighboring facets: f38 f191 f193
- f193
    - flags: bottom simplicial
    - normal:   -0.3783  -0.4039   -0.833
    - offset: -0.07132707
    - vertices: p978(v44) p816(v24) p398(v7)
    - neighboring facets: f310 f192 f195
- f194
    - flags: top simplicial
    - normal:   -0.1483  0.02936  -0.9885
    - offset: -0.06281281
    - vertices: p978(v44) p186(v43) p265(v14)
    - neighboring facets: f189 f191 f195
- f195
    - flags: bottom simplicial
    - normal:   -0.1474  0.02871  -0.9887
    - offset: -0.06280234
    - vertices: p978(v44) p186(v43) p816(v24)
    - neighboring facets: f314 f193 f194
- f196
    - flags: bottom simplicial
    - normal:   0.01235  -0.8198  -0.5725
    - offset: -0.07189855
    - vertices: p510(v45) p720(v12) p398(v7)
    - neighboring facets: f41 f311 f465
- f199
    - flags: bottom simplicial
    - normal:  0.0009828 -0.04122  -0.9991
    - offset: -0.06521254
    - vertices: p510(v45) p226(v15) p883(v3)
    - neighboring facets: f122 f467 f312
- f205
    - flags: top simplicial
    - normal:  -0.09662   0.9953 0.002736
    - offset: -0.05778238
    - vertices: p591(v47) p589(v26) p537(v16)
    - neighboring facets: f526 f524 f318
- f208
    - flags: top simplicial
    - normal:  -0.003031        1 -0.0007289
    - offset: -0.07296332
    - vertices: p650(v48) p622(v27) p334(v2)
    - neighboring facets: f460 f592 f547
- f213
    - flags: bottom simplicial
    - normal:   -0.1474   0.9824   -0.115
    - offset: -0.05441019
    - vertices: p222(v49) p228(v28) p804(v5)
    - neighboring facets: f370 f214 f528
- f214
    - flags: top simplicial
    - normal:    -0.191   0.9811 -0.03117
    - offset: -0.04848109
    - vertices: p222(v49) p60(v8) p804(v5)
    - neighboring facets: f139 f213 f216
- f216
    - flags: top simplicial
    - normal:   -0.1369   0.9906 -0.003116
    - offset: -0.05364268
    - vertices: p222(v49) p533(v46) p60(v8)
    - neighboring facets: f516 f214 f321
- f235
    - flags: bottom simplicial
    - normal:   0.03389   0.4124  -0.9104
    - offset: -0.08805733
    - vertices: p766(v52) p735(v30) p757(v9)
    - neighboring facets: f365 f474 f351
- f244
    - flags: bottom simplicial
    - normal:    0.0265 -0.04954  -0.9984
    - offset: -0.07449045
    - vertices: p934(v54) p109(v31) p720(v12)
    - neighboring facets: f378 f372 f375
- f247
    - flags: top simplicial
    - normal:  0.009359  0.01323  -0.9999
    - offset: -0.06704704
    - vertices: p483(v55) p640(v17) p883(v3)
    - neighboring facets: f352 f248 f387
- f248
    - flags: bottom simplicial
    - normal:  0.009734 0.005721  -0.9999
    - offset: -0.06707536
    - vertices: p483(v55) p109(v31) p883(v3)
    - neighboring facets: f374 f247 f255
- f254
    - flags: top simplicial
    - normal:    0.9467 -0.05523  -0.3173
    - offset: -0.4749757
    - vertices: p144(v56) p373(v22) p516(v1)
    - neighboring facets: f83 f381 f377
- f255
    - flags: top simplicial
    - normal:    0.3196   0.2419  -0.9162
    - offset: -0.2094939
    - vertices: p144(v56) p483(v55) p109(v31)
    - neighboring facets: f248 f379 f388
- f263
    - flags: bottom simplicial
    - normal:   0.01738  0.08323   0.9964
    - offset: -0.0715211
    - vertices: p251(v57) p646(v34) p608(v11)
    - neighboring facets: f488 f265 f267
- f265
    - flags: top simplicial
    - normal:   0.02311    0.195   0.9805
    - offset: -0.07748769
    - vertices: p251(v57) p279(v37) p608(v11)
    - neighboring facets: f301 f263 f280
- f266
    - flags: top simplicial
    - normal:  0.002526  0.05769   0.9983
    - offset: -0.06550355
    - vertices: p251(v57) p75(v42) p594(v10)
    - neighboring facets: f185 f279 f267
- f267
    - flags: bottom simplicial
    - normal:  0.006444  0.03818   0.9992
    - offset: -0.06599874
    - vertices: p251(v57) p75(v42) p646(v34)
    - neighboring facets: f184 f263 f266
- f271
    - flags: top simplicial
    - normal:   0.09619   0.5877  -0.8033
    - offset: -0.1119216
    - vertices: p903(v58) p766(v52) p640(v17)
    - neighboring facets: f350 f486 f475
- f276
    - flags: bottom simplicial
    - normal:   0.03165   0.4608   0.8869
    - offset: -0.08881991
    - vertices: p63(v60) p279(v37) p947(v21)
    - neighboring facets: f302 f413 f280
- f279
    - flags: top simplicial
    - normal:  0.006413    0.112   0.9937
    - offset: -0.06896451
    - vertices: p63(v60) p251(v57) p594(v10)
    - neighboring facets: f266 f282 f280
- f280
    - flags: bottom simplicial
    - normal:   0.01544   0.1737   0.9847
    - offset: -0.07421319
    - vertices: p63(v60) p251(v57) p279(v37)
    - neighboring facets: f265 f276 f279
- f281
    - flags: bottom simplicial
    - normal:   -0.0227   0.2559   0.9664
    - offset: -0.06868238
    - vertices: p805(v61) p125(v18) p594(v10)
    - neighboring facets: f185 f282 f409
- f282
    - flags: top simplicial
    - normal:  -0.01741   0.2854   0.9583
    - offset: -0.07089945
    - vertices: p805(v61) p63(v60) p594(v10)
    - neighboring facets: f279 f281 f414
- f289
    - flags: bottom simplicial
    - normal:   0.04449   0.9849   0.1671
    - offset: -0.08852485
    - vertices: p928(v62) p949(v39) p334(v2)
    - neighboring facets: f447 f593 f419
- f299
    - flags: top simplicial
    - normal:   0.08803    0.984    0.155
    - offset: -0.09924147
    - vertices: p68(v63) p610(v40) p949(v39)
    - neighboring facets: f418 f646 f542
- f300
    - flags: top simplicial
    - normal:   0.09329   0.7277   0.6796
    - offset: -0.1109166
    - vertices: p499(v64) p610(v40) p608(v11)
    - neighboring facets: f406 f301 f420
- f301
    - flags: bottom simplicial
    - normal:   0.06944    0.601   0.7962
    - offset: -0.1025882
    - vertices: p499(v64) p279(v37) p608(v11)
    - neighboring facets: f265 f300 f302
- f302
    - flags: top simplicial
    - normal:   0.06847   0.5986   0.7981
    - offset: -0.1022742
    - vertices: p499(v64) p279(v37) p947(v21)
    - neighboring facets: f276 f509 f301
- f306
    - flags: top simplicial
    - normal:  0.007577  -0.2644   0.9644
    - offset: -0.07028878
    - vertices: p568(v65) p722(v41) p824(v13)
    - neighboring facets: f177 f433 f307
- f307
    - flags: bottom simplicial
    - normal:  0.005373  -0.1865   0.9824
    - offset: -0.06822067
    - vertices: p568(v65) p722(v41) p8(v23)
    - neighboring facets: f180 f427 f306
- f310
    - flags: top simplicial
    - normal:   -0.2041  -0.3943   -0.896
    - offset: -0.07290756
    - vertices: p786(v66) p816(v24) p398(v7)
    - neighboring facets: f193 f311 f314
- f311
    - flags: bottom simplicial
    - normal:  -0.08086  -0.5968  -0.7983
    - offset: -0.07552605
    - vertices: p786(v66) p510(v45) p398(v7)
    - neighboring facets: f196 f310 f312
- f312
    - flags: top simplicial
    - normal:  -0.002906 -0.03701  -0.9993
    - offset: -0.06499656
    - vertices: p786(v66) p510(v45) p226(v15)
    - neighboring facets: f199 f313 f311
- f313
    - flags: bottom simplicial
    - normal:  -0.03253 0.002176  -0.9995
    - offset: -0.06328392
    - vertices: p786(v66) p186(v43) p226(v15)
    - neighboring facets: f187 f312 f314
- f314
    - flags: top simplicial
    - normal:  -0.04537  0.00298   -0.999
    - offset: -0.06318464
    - vertices: p786(v66) p186(v43) p816(v24)
    - neighboring facets: f195 f310 f313
- f318
    - flags: bottom simplicial
    - normal:   -0.1021   0.9948  0.00382
    - offset: -0.0572155
    - vertices: p378(v68) p591(v47) p589(v26)
    - neighboring facets: f205 f320 f319
- f319
    - flags: top simplicial
    - normal:   -0.1067   0.9942  0.01059
    - offset: -0.05692598
    - vertices: p378(v68) p591(v47) p533(v46)
    - neighboring facets: f519 f321 f318
- f320
    - flags: top simplicial
    - normal:   -0.1128   0.9936 -0.0005913
    - offset: -0.05607166
    - vertices: p378(v68) p222(v49) p589(v26)
    - neighboring facets: f323 f318 f321
- f321
    - flags: bottom simplicial
    - normal:   -0.1323   0.9912 -0.002327
    - offset: -0.05410186
    - vertices: p378(v68) p222(v49) p533(v46)
    - neighboring facets: f216 f319 f320
- f323
    - flags: bottom simplicial
    - normal:   -0.1065   0.9943 -0.001413
    - offset: -0.05672829
    - vertices: p40(v69) p222(v49) p589(v26)
    - neighboring facets: f320 f527 f523
- f341
    - flags: top simplicial
    - normal:  -0.03719   0.9992  0.01606
    - offset: -0.06684987
    - vertices: p494(v72) p650(v48) p621(v25)
    - neighboring facets: f594 f532 f457
- f350
    - flags: bottom simplicial
    - normal:   0.02246   0.1931  -0.9809
    - offset: -0.0776216
    - vertices: p267(v74) p766(v52) p640(v17)
    - neighboring facets: f271 f352 f351
- f351
    - flags: top simplicial
    - normal:   0.01998   0.1932   -0.981
    - offset: -0.07676102
    - vertices: p267(v74) p766(v52) p735(v30)
    - neighboring facets: f235 f360 f350
- f352
    - flags: bottom simplicial
    - normal:  0.006114  0.04319   -0.999
    - offset: -0.06658936
    - vertices: p267(v74) p640(v17) p883(v3)
    - neighboring facets: f247 f358 f350
- f355
    - flags: bottom simplicial
    - normal:  -5.838e-05  0.07915  -0.9969
    - offset: -0.06707132
    - vertices: p855(v75) p312(v29) p804(v5)
    - neighboring facets: f123 f356 f357
- f356
    - flags: top simplicial
    - normal:  -0.0007323   0.1127  -0.9936
    - offset: -0.06853307
    - vertices: p855(v75) p243(v53) p804(v5)
    - neighboring facets: f367 f355 f359
- f357
    - flags: top simplicial
    - normal:  0.001006  0.04762  -0.9989
    - offset: -0.06569991
    - vertices: p855(v75) p312(v29) p883(v3)
    - neighboring facets: f122 f358 f355
- f358
    - flags: bottom simplicial
    - normal:  0.004755  0.04949  -0.9988
    - offset: -0.0663662
    - vertices: p855(v75) p267(v74) p883(v3)
    - neighboring facets: f352 f357 f360
- f359
    - flags: bottom simplicial
    - normal:   0.00406  0.07795  -0.9969
    - offset: -0.06764438
    - vertices: p855(v75) p243(v53) p735(v30)
    - neighboring facets: f366 f360 f356
- f360
    - flags: top simplicial
    - normal:  0.005388  0.06239   -0.998
    - offset: -0.0670972
    - vertices: p855(v75) p267(v74) p735(v30)
    - neighboring facets: f351 f359 f358
- f365
    - flags: top simplicial
    - normal:   0.02129   0.4914  -0.8707
    - offset: -0.08744168
    - vertices: p146(v77) p735(v30) p757(v9)
    - neighboring facets: f235 f368 f366
- f366
    - flags: top simplicial
    - normal:  0.0003832   0.3902  -0.9207
    - offset: -0.08019307
    - vertices: p146(v77) p243(v53) p735(v30)
    - neighboring facets: f359 f365 f367
- f367
    - flags: bottom simplicial
    - normal:   -0.0125   0.3733  -0.9276
    - offset: -0.07720255
    - vertices: p146(v77) p243(v53) p804(v5)
    - neighboring facets: f356 f370 f366
- f368
    - flags: bottom simplicial
    - normal:  0.009936   0.8011  -0.5985
    - offset: -0.08891282
    - vertices: p146(v77) p306(v50) p757(v9)
    - neighboring facets: f444 f365 f369
- f369
    - flags: top simplicial
    - normal:   -0.0138   0.8357  -0.5491
    - offset: -0.08388855
    - vertices: p146(v77) p306(v50) p228(v28)
    - neighboring facets: f534 f370 f368
- f370
    - flags: top simplicial
    - normal:  -0.04807   0.7344   -0.677
    - offset: -0.07889307
    - vertices: p146(v77) p228(v28) p804(v5)
    - neighboring facets: f213 f367 f369
- f372
    - flags: bottom simplicial
    - normal:   0.02391 -0.05265  -0.9983
    - offset: -0.07341645
    - vertices: p6(v78) p934(v54) p720(v12)
    - neighboring facets: f244 f466 f375
- f374
    - flags: top simplicial
    - normal:  0.009837 -0.01655  -0.9998
    - offset: -0.06695985
    - vertices: p6(v78) p109(v31) p883(v3)
    - neighboring facets: f248 f468 f375
- f375
    - flags: top simplicial
    - normal:   0.01291 -0.02323  -0.9996
    - offset: -0.06835161
    - vertices: p6(v78) p934(v54) p109(v31)
    - neighboring facets: f244 f374 f372
- f376
    - flags: bottom simplicial
    - normal:    0.7543  -0.4461  -0.4817
    - offset: -0.3924772
    - vertices: p223(v79) p373(v22) p720(v12)
    - neighboring facets: f179 f378 f377
- f377
    - flags: bottom simplicial
    - normal:    0.8499  -0.2572  -0.4599
    - offset: -0.4343211
    - vertices: p223(v79) p144(v56) p373(v22)
    - neighboring facets: f254 f376 f379
- f378
    - flags: top simplicial
    - normal:     0.372  -0.1389  -0.9178
    - offset: -0.2315756
    - vertices: p223(v79) p109(v31) p720(v12)
    - neighboring facets: f244 f376 f379
- f379
    - flags: top simplicial
    - normal:     0.413  -0.1245  -0.9022
    - offset: -0.2500352
    - vertices: p223(v79) p144(v56) p109(v31)
    - neighboring facets: f255 f378 f377
- f380
    - flags: bottom simplicial
    - normal:    0.9723   0.1351   0.1909
    - offset: -0.4816091
    - vertices: p397(v80) p689(v19) p516(v1)
    - neighboring facets: f69 f381 f382
- f381
    - flags: top simplicial
    - normal:    0.8765   0.4764  -0.0692
    - offset:  -0.432261
    - vertices: p397(v80) p144(v56) p516(v1)
    - neighboring facets: f254 f380 f382
- f382
    - flags: bottom simplicial
    - normal:    0.6586   0.7519  0.03126
    - offset: -0.3240647
    - vertices: p397(v80) p144(v56) p689(v19)
    - neighboring facets: f397 f380 f381
- f387
    - flags: bottom simplicial
    - normal:    0.3897   0.7197  -0.5746
    - offset: -0.2299584
    - vertices: p833(v81) p483(v55) p640(v17)
    - neighboring facets: f247 f487 f388
- f388
    - flags: bottom simplicial
    - normal:    0.4441   0.7418  -0.5024
    - offset: -0.2510053
    - vertices: p833(v81) p144(v56) p483(v55)
    - neighboring facets: f255 f387 f483
- f393
    - flags: bottom simplicial
    - normal:    0.3095   0.9437   0.1167
    - offset: -0.1795517
    - vertices: p345(v83) p372(v59) p608(v11)
    - neighboring facets: f407 f489 f612
- f397
    - flags: top simplicial
    - normal:    0.6475   0.7614   0.0317
    - offset: -0.3187876
    - vertices: p345(v83) p144(v56) p689(v19)
    - neighboring facets: f382 f491 f573
- f400
    - flags: top simplicial
    - normal:    0.1803    0.983  0.03449
    - offset: -0.1255771
    - vertices: p59(v84) p372(v59) p696(v20)
    - neighboring facets: f405 f666 f608
- f404
    - flags: top simplicial
    - normal:    0.1487   0.9826    0.111
    - offset: -0.1170985
    - vertices: p601(v85) p610(v40) p696(v20)
    - neighboring facets: f541 f405 f406
- f405
    - flags: bottom simplicial
    - normal:    0.1667   0.9816  0.09328
    - offset: -0.1227123
    - vertices: p601(v85) p372(v59) p696(v20)
    - neighboring facets: f400 f404 f407
- f406
    - flags: bottom simplicial
    - normal:    0.1221   0.8072   0.5775
    - offset: -0.1204183
    - vertices: p601(v85) p610(v40) p608(v11)
    - neighboring facets: f300 f407 f404
- f407
    - flags: top simplicial
    - normal:    0.1822   0.9134    0.364
    - offset:  -0.137858
    - vertices: p601(v85) p372(v59) p608(v11)
    - neighboring facets: f393 f406 f405
- f408
    - flags: bottom simplicial
    - normal:   -0.2472   0.8702   0.4263
    - offset: -0.05536243
    - vertices: p981(v86) p380(v33) p125(v18)
    - neighboring facets: f141 f409 f521
- f409
    - flags: top simplicial
    - normal:  -0.02436   0.2641   0.9642
    - offset: -0.06882846
    - vertices: p981(v86) p805(v61) p125(v18)
    - neighboring facets: f281 f408 f502
- f413
    - flags: bottom simplicial
    - normal:  0.002338    0.489   0.8723
    - offset: -0.08228546
    - vertices: p967(v87) p63(v60) p947(v21)
    - neighboring facets: f276 f507 f414
- f414
    - flags: bottom simplicial
    - normal:  -0.004431   0.4493   0.8934
    - offset: -0.07960502
    - vertices: p967(v87) p805(v61) p63(v60)
    - neighboring facets: f282 f413 f514
- f418
    - flags: bottom simplicial
    - normal:   0.08433    0.981   0.1747
    - offset: -0.09880677
    - vertices: p263(v88) p610(v40) p949(v39)
    - neighboring facets: f299 f419 f420
- f419
    - flags: top simplicial
    - normal:   0.05842   0.9751    0.214
    - offset: -0.09316014
    - vertices: p263(v88) p928(v62) p949(v39)
    - neighboring facets: f289 f418 f421
- f420
    - flags: bottom simplicial
    - normal:   0.07102   0.9338   0.3507
    - offset: -0.1001787
    - vertices: p263(v88) p499(v64) p610(v40)
    - neighboring facets: f300 f418 f421
- f421
    - flags: top simplicial
    - normal:   0.06336   0.9349   0.3493
    - offset: -0.09809178
    - vertices: p263(v88) p499(v64) p928(v62)
    - neighboring facets: f510 f419 f420
- f426
    - flags: top simplicial
    - normal:   0.00348  -0.0446    0.999
    - offset: -0.06499379
    - vertices: p654(v90) p75(v42) p8(v23)
    - neighboring facets: f184 f427 f428
- f427
    - flags: bottom simplicial
    - normal:  0.002334  -0.1121   0.9937
    - offset: -0.06580148
    - vertices: p654(v90) p568(v65) p8(v23)
    - neighboring facets: f307 f426 f428
- f428
    - flags: top simplicial
    - normal:  -0.01146 -0.05352   0.9985
    - offset: -0.06273718
    - vertices: p654(v90) p568(v65) p75(v42)
    - neighboring facets: f429 f426 f427
- f429
    - flags: bottom simplicial
    - normal:  -0.01727 -0.04519   0.9988
    - offset: -0.06197364
    - vertices: p899(v91) p568(v65) p75(v42)
    - neighboring facets: f428 f431 f433
- f430
    - flags: top simplicial
    - normal:  -0.03401 -0.01193   0.9994
    - offset: -0.06060248
    - vertices: p899(v91) p975(v32) p125(v18)
    - neighboring facets: f137 f431 f432
- f431
    - flags: bottom simplicial
    - normal:  -0.02782 -0.01123   0.9995
    - offset: -0.0607215
    - vertices: p899(v91) p75(v42) p125(v18)
    - neighboring facets: f185 f430 f429
- f432
    - flags: bottom simplicial
    - normal:  -0.06352 -0.07184   0.9954
    - offset: -0.06164265
    - vertices: p899(v91) p975(v32) p824(v13)
    - neighboring facets: f136 f433 f430
- f433
    - flags: top simplicial
    - normal:  -0.02212 -0.08666    0.996
    - offset: -0.06301292
    - vertices: p899(v91) p568(v65) p824(v13)
    - neighboring facets: f306 f432 f429
- f444
    - flags: top simplicial
    - normal:   0.07126    0.936  -0.3446
    - offset: -0.1001897
    - vertices: p682(v94) p306(v50) p757(v9)
    - neighboring facets: f368 f472 f557
- f447
    - flags: top simplicial
    - normal:   0.03879   0.9969  0.06802
    - offset: -0.08422432
    - vertices: p847(v95) p949(v39) p334(v2)
    - neighboring facets: f289 f448 f644
- f448
    - flags: bottom simplicial
    - normal:   0.01989   0.9998 0.002979
    - offset: -0.07787354
    - vertices: p847(v95) p600(v71) p334(v2)
    - neighboring facets: f461 f447 f553
- f453
    - flags: top simplicial
    - normal:  -0.03357   0.9994 0.002959
    - offset: -0.06707064
    - vertices: p637(v96) p494(v72) p154(v51)
    - neighboring facets: f533 f544 f457
- f457
    - flags: bottom simplicial
    - normal:  -0.03342   0.9994 0.004191
    - offset: -0.06712538
    - vertices: p637(v96) p494(v72) p650(v48)
    - neighboring facets: f341 f548 f453
- f460
    - flags: bottom simplicial
    - normal:  -0.002382        1 -0.001044
    - offset: -0.07308582
    - vertices: p116(v97) p622(v27) p334(v2)
    - neighboring facets: f208 f461 f545
- f461
    - flags: top simplicial
    - normal:   0.01299   0.9999 0.0002436
    - offset: -0.07633371
    - vertices: p116(v97) p600(v71) p334(v2)
    - neighboring facets: f448 f460 f554
- f465
    - flags: top simplicial
    - normal:   0.00889  -0.2362  -0.9717
    - offset: -0.07198175
    - vertices: p218(v98) p510(v45) p720(v12)
    - neighboring facets: f196 f466 f467
- f466
    - flags: bottom simplicial
    - normal:  0.007977   -0.115  -0.9933
    - offset: -0.06820556
    - vertices: p218(v98) p6(v78) p720(v12)
    - neighboring facets: f372 f465 f468
- f467
    - flags: bottom simplicial
    - normal:   0.00365 -0.05022  -0.9987
    - offset: -0.06560559
    - vertices: p218(v98) p510(v45) p883(v3)
    - neighboring facets: f199 f468 f465
- f468
    - flags: top simplicial
    - normal:  0.004906 -0.05357  -0.9986
    - offset: -0.06579687
    - vertices: p218(v98) p6(v78) p883(v3)
    - neighboring facets: f374 f467 f466
- f472
    - flags: top simplicial
    - normal:     0.112   0.9563  -0.2701
    - offset: -0.1085456
    - vertices: p559(v99) p682(v94) p757(v9)
    - neighboring facets: f444 f474 f582
- f474
    - flags: bottom simplicial
    - normal:   0.09273   0.6429  -0.7603
    - offset: -0.1107725
    - vertices: p559(v99) p766(v52) p757(v9)
    - neighboring facets: f235 f472 f475
- f475
    - flags: bottom simplicial
    - normal:   0.09651   0.6328  -0.7683
    - offset: -0.1120914
    - vertices: p559(v99) p903(v58) p766(v52)
    - neighboring facets: f271 f474 f485
- f483
    - flags: top simplicial
    - normal:    0.4553   0.7533  -0.4746
    - offset: -0.2549166
    - vertices: p27(v101) p833(v81) p144(v56)
    - neighboring facets: f388 f574 f487
- f485
    - flags: top simplicial
    - normal:    0.1887   0.8023  -0.5663
    - offset: -0.1453086
    - vertices: p27(v101) p559(v99) p903(v58)
    - neighboring facets: f475 f486 f568
- f486
    - flags: top simplicial
    - normal:    0.1967   0.7803  -0.5937
    - offset: -0.1490761
    - vertices: p27(v101) p903(v58) p640(v17)
    - neighboring facets: f271 f487 f485
- f487
    - flags: bottom simplicial
    - normal:    0.3293   0.7515  -0.5718
    - offset: -0.2045178
    - vertices: p27(v101) p833(v81) p640(v17)
    - neighboring facets: f387 f486 f483
- f488
    - flags: top simplicial
    - normal:    0.5821   0.7985   0.1534
    - offset: -0.2948983
    - vertices: p139(v102) p646(v34) p608(v11)
    - neighboring facets: f263 f489 f490
- f489
    - flags: bottom simplicial
    - normal:    0.3477   0.9301   0.1183
    - offset: -0.1957744
    - vertices: p139(v102) p345(v83) p608(v11)
    - neighboring facets: f393 f488 f491
- f490
    - flags: bottom simplicial
    - normal:    0.6086   0.7862   0.1071
    - offset:  -0.304434
    - vertices: p139(v102) p646(v34) p689(v19)
    - neighboring facets: f144 f491 f488
- f491
    - flags: top simplicial
    - normal:    0.6188   0.7815  0.07995
    - offset: -0.3077846
    - vertices: p139(v102) p345(v83) p689(v19)
    - neighboring facets: f397 f490 f489
- f495
    - flags: bottom simplicial
    - normal:    0.1113   0.9695  -0.2184
    - offset: -0.1068562
    - vertices: p544(v103) p682(v94) p319(v70)
    - neighboring facets: f558 f587 f583
- f502
    - flags: bottom simplicial
    - normal:  -0.03278   0.3458   0.9377
    - offset: -0.07124898
    - vertices: p368(v105) p981(v86) p805(v61)
    - neighboring facets: f409 f515 f517
- f507
    - flags: bottom simplicial
    - normal:  0.005952   0.6463    0.763
    - offset: -0.08729952
    - vertices: p767(v106) p967(v87) p947(v21)
    - neighboring facets: f413 f509 f508
- f508
    - flags: top simplicial
    - normal:  0.002917   0.7958   0.6055
    - offset: -0.08788332
    - vertices: p767(v106) p967(v87) p928(v62)
    - neighboring facets: f590 f510 f507
- f509
    - flags: top simplicial
    - normal:   0.04358   0.8006   0.5977
    - offset: -0.09767707
    - vertices: p767(v106) p499(v64) p947(v21)
    - neighboring facets: f302 f507 f510
- f510
    - flags: bottom simplicial
    - normal:   0.04881   0.8922    0.449
    - offset: -0.09687174
    - vertices: p767(v106) p499(v64) p928(v62)
    - neighboring facets: f421 f508 f509
- f514
    - flags: top simplicial
    - normal:  -0.06187   0.8242   0.5629
    - offset: -0.07580353
    - vertices: p308(v107) p967(v87) p805(v61)
    - neighboring facets: f414 f515 f591
- f515
    - flags: bottom simplicial
    - normal:  -0.06809   0.8055   0.5887
    - offset: -0.07515087
    - vertices: p308(v107) p368(v105) p805(v61)
    - neighboring facets: f502 f514 f517
- f516
    - flags: bottom simplicial
    - normal:   -0.1298   0.9872   0.0924
    - offset: -0.0573463
    - vertices: p308(v107) p533(v46) p60(v8)
    - neighboring facets: f216 f520 f519
- f517
    - flags: top simplicial
    - normal:   -0.1086   0.8099   0.5764
    - offset: -0.07074879
    - vertices: p308(v107) p368(v105) p981(v86)
    - neighboring facets: f502 f521 f515
- f518
    - flags: top simplicial
    - normal:  -0.09706   0.9937  0.05518
    - offset: -0.05932447
    - vertices: p308(v107) p591(v47) p621(v25)
    - neighboring facets: f599 f595 f519
- f519
    - flags: bottom simplicial
    - normal:   -0.1006   0.9934  0.05484
    - offset: -0.05893058
    - vertices: p308(v107) p591(v47) p533(v46)
    - neighboring facets: f319 f516 f518
- f520
    - flags: top simplicial
    - normal:   -0.2124   0.9032    0.373
    - offset: -0.05673427
    - vertices: p308(v107) p380(v33) p60(v8)
    - neighboring facets: f139 f516 f521
- f521
    - flags: top simplicial
    - normal:   -0.2125   0.9007   0.3789
    - offset: -0.05684504
    - vertices: p308(v107) p981(v86) p380(v33)
    - neighboring facets: f408 f520 f517
- f522
    - flags: top simplicial
    - normal:  -0.09586   0.9954 0.002811
    - offset: -0.05787183
    - vertices: p225(v108) p688(v92) p268(v67)
    - neighboring facets: f598 f525 f537
- f523
    - flags: top simplicial
    - normal:   -0.1045   0.9945 -0.004335
    - offset: -0.05698355
    - vertices: p225(v108) p40(v69) p222(v49)
    - neighboring facets: f323 f528 f527
- f524
    - flags: top simplicial
    - normal:  -0.09662   0.9953 0.002736
    - offset: -0.05778248
    - vertices: p225(v108) p591(v47) p537(v16)
    - neighboring facets: f205 f526 f525
- f525
    - flags: top simplicial
    - normal:  -0.09662   0.9953 0.002737
    - offset: -0.05778339
    - vertices: p225(v108) p268(v67) p591(v47)
    - neighboring facets: f600 f524 f522
- f526
    - flags: bottom simplicial
    - normal:  -0.09662   0.9953 0.002735
    - offset: -0.05778235
    - vertices: p225(v108) p589(v26) p537(v16)
    - neighboring facets: f205 f524 f527
- f527
    - flags: bottom simplicial
    - normal:  -0.09665   0.9953 0.002718
    - offset: -0.05777909
    - vertices: p225(v108) p40(v69) p589(v26)
    - neighboring facets: f323 f526 f523
- f528
    - flags: top simplicial
    - normal:   -0.1045   0.9926 -0.06192
    - offset: -0.0580406
    - vertices: p225(v108) p222(v49) p228(v28)
    - neighboring facets: f213 f536 f523
- f530
    - flags: top simplicial
    - normal:  -0.04174   0.9991 -0.002267
    - offset: -0.06570265
    - vertices: p597(v109) p590(v73) p154(v51)
    - neighboring facets: f543 f533 f535
- f532
    - flags: top simplicial
    - normal:  -0.06119   0.9981 -0.000291
    - offset: -0.06270241
    - vertices: p597(v109) p494(v72) p621(v25)
    - neighboring facets: f341 f641 f533
- f533
    - flags: bottom simplicial
    - normal:  -0.05371   0.9986 -0.0007745
    - offset: -0.06385545
    - vertices: p597(v109) p494(v72) p154(v51)
    - neighboring facets: f453 f530 f532
- f534
    - flags: bottom simplicial
    - normal:  -0.04016   0.9972 -0.06324
    - offset: -0.06688343
    - vertices: p597(v109) p306(v50) p228(v28)
    - neighboring facets: f369 f536 f535
- f535
    - flags: bottom simplicial
    - normal:  -0.03108   0.9987 -0.04148
    - offset: -0.0679528
    - vertices: p597(v109) p590(v73) p306(v50)
    - neighboring facets: f549 f534 f530
- f536
    - flags: top simplicial
    - normal:   -0.0763   0.9961 -0.04415
    - offset: -0.06108929
    - vertices: p597(v109) p225(v108) p228(v28)
    - neighboring facets: f528 f534 f537
- f537
    - flags: bottom simplicial
    - normal:  -0.07786   0.9967 -0.02494
    - offset: -0.06055435
    - vertices: p597(v109) p225(v108) p688(v92)
    - neighboring facets: f522 f597 f536
- f538
    - flags: bottom simplicial
    - normal:   0.06934   0.9976  0.00154
    - offset: -0.08984761
    - vertices: p177(v110) p319(v70) p68(v63)
    - neighboring facets: f648 f542 f684
- f540
    - flags: top simplicial
    - normal:    0.1166   0.9928   0.0277
    - offset:  -0.103799
    - vertices: p177(v110) p996(v93) p696(v20)
    - neighboring facets: f680 f541 f637
- f541
    - flags: bottom simplicial
    - normal:    0.1133   0.9906  0.07714
    - offset: -0.1041773
    - vertices: p177(v110) p610(v40) p696(v20)
    - neighboring facets: f404 f540 f542
- f542
    - flags: bottom simplicial
    - normal:    0.1023   0.9896   0.1016
    - offset:  -0.101655
    - vertices: p177(v110) p68(v63) p610(v40)
    - neighboring facets: f299 f541 f538
- f543
    - flags: bottom simplicial
    - normal:  -0.03353   0.9994 0.002105
    - offset: -0.0670606
    - vertices: p88(v111) p590(v73) p154(v51)
    - neighboring facets: f530 f544 f551
- f544
    - flags: top simplicial
    - normal:  -0.03343   0.9994 0.002441
    - offset: -0.06708282
    - vertices: p88(v111) p637(v96) p154(v51)
    - neighboring facets: f453 f543 f548
- f545
    - flags: top simplicial
    - normal:  -0.01674   0.9998 -0.01007
    - offset: -0.07020904
    - vertices: p88(v111) p116(v97) p622(v27)
    - neighboring facets: f460 f547 f552
- f547
    - flags: bottom simplicial
    - normal:  -0.03072   0.9995 0.002777
    - offset: -0.0676065
    - vertices: p88(v111) p650(v48) p622(v27)
    - neighboring facets: f208 f545 f548
- f548
    - flags: bottom simplicial
    - normal:  -0.03262   0.9995 0.003158
    - offset: -0.06724379
    - vertices: p88(v111) p637(v96) p650(v48)
    - neighboring facets: f457 f547 f544
- f549
    - flags: top simplicial
    - normal:  -0.02825   0.9989 -0.03743
    - offset: -0.06839999
    - vertices: p292(v112) p590(v73) p306(v50)
    - neighboring facets: f535 f550 f551
- f550
    - flags: bottom simplicial
    - normal:  -0.02448   0.9992 -0.03257
    - offset: -0.0690157
    - vertices: p292(v112) p116(v97) p306(v50)
    - neighboring facets: f556 f549 f552
- f551
    - flags: top simplicial
    - normal:  -0.02924   0.9996 -0.002801
    - offset: -0.06785608
    - vertices: p292(v112) p88(v111) p590(v73)
    - neighboring facets: f543 f549 f552
- f552
    - flags: bottom simplicial
    - normal:  -0.01905   0.9997 -0.01193
    - offset: -0.06975214
    - vertices: p292(v112) p88(v111) p116(v97)
    - neighboring facets: f545 f550 f551
- f553
    - flags: top simplicial
    - normal:   0.02416   0.9997 -0.0005253
    - offset: -0.07876718
    - vertices: p83(v113) p847(v95) p600(v71)
    - neighboring facets: f448 f554 f602
- f554
    - flags: bottom simplicial
    - normal:   0.02118   0.9998 -0.001305
    - offset: -0.07810846
    - vertices: p83(v113) p116(v97) p600(v71)
    - neighboring facets: f461 f553 f556
- f556
    - flags: top simplicial
    - normal:  -0.002052   0.9996 -0.02732
    - offset: -0.07372167
    - vertices: p83(v113) p116(v97) p306(v50)
    - neighboring facets: f550 f557 f554
- f557
    - flags: bottom simplicial
    - normal:   0.07405   0.9818   -0.175
    - offset: -0.09610943
    - vertices: p83(v113) p682(v94) p306(v50)
    - neighboring facets: f444 f556 f558
- f558
    - flags: top simplicial
    - normal:   0.07767   0.9834  -0.1639
    - offset: -0.09662559
    - vertices: p83(v113) p682(v94) p319(v70)
    - neighboring facets: f495 f601 f557
- f567
    - flags: bottom simplicial
    - normal:    0.1723    0.948  -0.2676
    - offset: -0.1308255
    - vertices: p879(v115) p559(v99) p501(v36)
    - neighboring facets: f619 f694 f568
- f568
    - flags: bottom simplicial
    - normal:    0.1817   0.9197  -0.3481
    - offset: -0.1372175
    - vertices: p879(v115) p27(v101) p559(v99)
    - neighboring facets: f485 f567 f693
- f570
    - flags: top simplicial
    - normal:     0.243     0.97 0.0003926
    - offset: -0.1496741
    - vertices: p748(v116) p27(v101) p345(v83)
    - neighboring facets: f575 f652 f696
- f573
    - flags: bottom simplicial
    - normal:    0.6372   0.7704  0.02138
    - offset: -0.3145004
    - vertices: p701(v117) p345(v83) p144(v56)
    - neighboring facets: f397 f574 f575
- f574
    - flags: top simplicial
    - normal:    0.5852    0.809 -0.05586
    - offset: -0.2941882
    - vertices: p701(v117) p27(v101) p144(v56)
    - neighboring facets: f483 f573 f575
- f575
    - flags: bottom simplicial
    - normal:    0.3168   0.9485 -0.004468
    - offset: -0.1811026
    - vertices: p701(v117) p27(v101) p345(v83)
    - neighboring facets: f570 f573 f574
- f582
    - flags: bottom simplicial
    - normal:    0.1145   0.9634  -0.2425
    - offset: -0.1083663
    - vertices: p871(v119) p559(v99) p682(v94)
    - neighboring facets: f472 f583 f584
- f583
    - flags: top simplicial
    - normal:    0.1147   0.9642   -0.239
    - offset: -0.1083099
    - vertices: p871(v119) p544(v103) p682(v94)
    - neighboring facets: f495 f582 f584
- f584
    - flags: bottom simplicial
    - normal:    0.1199   0.9656  -0.2307
    - offset: -0.1099266
    - vertices: p871(v119) p544(v103) p559(v99)
    - neighboring facets: f621 f582 f583
- f587
    - flags: bottom simplicial
    - normal:    0.1113   0.9936 -0.02043
    - offset: -0.1020228
    - vertices: p744(v120) p544(v103) p319(v70)
    - neighboring facets: f495 f682 f675
- f590
    - flags: bottom simplicial
    - normal:  -0.03419   0.8865   0.4615
    - offset: -0.07920202
    - vertices: p467(v121) p967(v87) p928(v62)
    - neighboring facets: f508 f593 f591
- f591
    - flags: bottom simplicial
    - normal:  -0.04947   0.8908   0.4517
    - offset: -0.07620805
    - vertices: p467(v121) p308(v107) p967(v87)
    - neighboring facets: f514 f590 f595
- f592
    - flags: top simplicial
    - normal:   0.00755   0.9863   0.1651
    - offset: -0.08084479
    - vertices: p467(v121) p650(v48) p334(v2)
    - neighboring facets: f208 f593 f594
- f593
    - flags: bottom simplicial
    - normal:   0.01359   0.9818   0.1895
    - offset: -0.08276184
    - vertices: p467(v121) p928(v62) p334(v2)
    - neighboring facets: f289 f592 f590
- f594
    - flags: bottom simplicial
    - normal:  -0.03967   0.9975  0.05824
    - offset: -0.06796877
    - vertices: p467(v121) p650(v48) p621(v25)
    - neighboring facets: f341 f595 f592
- f595
    - flags: top simplicial
    - normal:  -0.06278    0.979   0.1941
    - offset: -0.06845265
    - vertices: p467(v121) p308(v107) p621(v25)
    - neighboring facets: f518 f594 f591
- f597
    - flags: bottom simplicial
    - normal:  -0.07792   0.9967 -0.02323
    - offset: -0.06051882
    - vertices: p576(v122) p597(v109) p688(v92)
    - neighboring facets: f537 f598 f643
- f598
    - flags: bottom simplicial
    - normal:  -0.09252   0.9957 0.003452
    - offset: -0.05826693
    - vertices: p576(v122) p688(v92) p268(v67)
    - neighboring facets: f522 f600 f597
- f599
    - flags: bottom simplicial
    - normal:  -0.09053   0.9959 0.005163
    - offset: -0.0585267
    - vertices: p576(v122) p591(v47) p621(v25)
    - neighboring facets: f518 f642 f600
- f600
    - flags: bottom simplicial
    - normal:  -0.09147   0.9958  0.00449
    - offset: -0.05840173
    - vertices: p576(v122) p268(v67) p591(v47)
    - neighboring facets: f525 f599 f598
- f601
    - flags: top simplicial
    - normal:   0.07424   0.9873  -0.1406
    - offset: -0.09517416
    - vertices: p441(v123) p83(v113) p319(v70)
    - neighboring facets: f558 f650 f602
- f602
    - flags: bottom simplicial
    - normal:   0.04315   0.9991 -0.001517
    - offset: -0.08319263
    - vertices: p441(v123) p83(v113) p847(v95)
    - neighboring facets: f553 f686 f601
- f608
    - flags: bottom simplicial
    - normal:    0.1847   0.9824  0.02834
    - offset:  -0.127038
    - vertices: p834(v124) p59(v84) p372(v59)
    - neighboring facets: f400 f609 f702
- f609
    - flags: top simplicial
    - normal:    0.1908   0.9814  0.02298
    - offset: -0.1292227
    - vertices: p834(v124) p746(v114) p372(v59)
    - neighboring facets: f613 f608 f698
- f612
    - flags: top simplicial
    - normal:    0.2382   0.9708  0.02708
    - offset: -0.1480241
    - vertices: p988(v125) p345(v83) p372(v59)
    - neighboring facets: f393 f613 f651
- f613
    - flags: bottom simplicial
    - normal:    0.2238   0.9744  0.02128
    - offset: -0.1420942
    - vertices: p988(v125) p746(v114) p372(v59)
    - neighboring facets: f609 f612 f712
- f619
    - flags: top simplicial
    - normal:    0.1574   0.9684  -0.1934
    - offset: -0.1222747
    - vertices: p865(v126) p559(v99) p501(v36)
    - neighboring facets: f567 f660 f621
- f621
    - flags: top simplicial
    - normal:    0.1381     0.97  -0.1999
    - offset: -0.1154059
    - vertices: p865(v126) p544(v103) p559(v99)
    - neighboring facets: f584 f619 f622
- f622
    - flags: top simplicial
    - normal:    0.1495   0.9813  -0.1209
    - offset: -0.1174442
    - vertices: p865(v126) p945(v118) p544(v103)
    - neighboring facets: f672 f621 f665
- f632
    - flags: top simplicial
    - normal:    0.1443   0.9895 6.466e-05
    - offset: -0.1123315
    - vertices: p461(v129) p544(v103) p696(v20)
    - neighboring facets: f673 f681 f676
- f637
    - flags: bottom simplicial
    - normal:    0.1055   0.9944 -0.001324
    - offset: -0.09988332
    - vertices: p212(v130) p177(v110) p996(v93)
    - neighboring facets: f540 f638 f685
- f638
    - flags: top simplicial
    - normal:    0.1056   0.9944 -0.001411
    - offset: -0.09992152
    - vertices: p212(v130) p744(v120) p996(v93)
    - neighboring facets: f679 f637 f683
- f641
    - flags: top simplicial
    - normal:  -0.06597   0.9978 -0.0007106
    - offset: -0.06197651
    - vertices: p530(v131) p597(v109) p621(v25)
    - neighboring facets: f532 f642 f643
- f642
    - flags: bottom simplicial
    - normal:  -0.06696   0.9978 -0.0006633
    - offset: -0.06183139
    - vertices: p530(v131) p576(v122) p621(v25)
    - neighboring facets: f599 f641 f643
- f643
    - flags: top simplicial
    - normal:  -0.06663   0.9978 -0.0009051
    - offset: -0.06187861
    - vertices: p530(v131) p576(v122) p597(v109)
    - neighboring facets: f597 f641 f642
- f644
    - flags: bottom simplicial
    - normal:   0.05544   0.9985 0.002873
    - offset: -0.08620207
    - vertices: p431(v132) p847(v95) p949(v39)
    - neighboring facets: f447 f646 f687
- f646
    - flags: top simplicial
    - normal:   0.05675   0.9984 0.003018
    - offset: -0.08653931
    - vertices: p431(v132) p68(v63) p949(v39)
    - neighboring facets: f299 f644 f688
- f648
    - flags: top simplicial
    - normal:   0.06823   0.9977   0.0014
    - offset: -0.08954632
    - vertices: p391(v133) p319(v70) p68(v63)
    - neighboring facets: f538 f689 f650
- f650
    - flags: top simplicial
    - normal:   0.06635   0.9978 0.0001522
    - offset: -0.08907055
    - vertices: p391(v133) p441(v123) p319(v70)
    - neighboring facets: f601 f648 f690
- f651
    - flags: bottom simplicial
    - normal:     0.235    0.972 0.006945
    - offset: -0.1463419
    - vertices: p762(v134) p988(v125) p345(v83)
    - neighboring facets: f612 f652 f691
- f652
    - flags: top simplicial
    - normal:    0.2357   0.9718 0.004259
    - offset: -0.1466086
    - vertices: p762(v134) p748(v116) p345(v83)
    - neighboring facets: f570 f651 f697
- f660
    - flags: top simplicial
    - normal:    0.1969   0.9803 -0.01564
    - offset: -0.1312989
    - vertices: p875(v135) p865(v126) p501(v36)
    - neighboring facets: f619 f695 f701
- f663
    - flags: bottom simplicial
    - normal:    0.1876   0.9822 -0.002395
    - offset: -0.1274596
    - vertices: p0(v136) p945(v118) p59(v84)
    - neighboring facets: f669 f664 f665
- f664
    - flags: top simplicial
    - normal:    0.1877   0.9822 -0.002392
    - offset: -0.1274842
    - vertices: p0(v136) p865(v126) p59(v84)
    - neighboring facets: f703 f663 f665
- f665
    - flags: bottom simplicial
    - normal:    0.1876   0.9822 -0.002407
    - offset: -0.1274605
    - vertices: p0(v136) p865(v126) p945(v118)
    - neighboring facets: f622 f663 f664
- f666
    - flags: top simplicial
    - normal:     0.166   0.9861 0.007052
    - offset: -0.1198721
    - vertices: p269(v137) p59(v84) p696(v20)
    - neighboring facets: f400 f667 f707
- f667
    - flags: bottom simplicial
    - normal:    0.1593   0.9872 0.001049
    - offset: -0.1174236
    - vertices: p269(v137) p253(v127) p696(v20)
    - neighboring facets: f674 f666 f671
- f669
    - flags: top simplicial
    - normal:    0.1781    0.984 -0.001117
    - offset: -0.1240747
    - vertices: p208(v138) p945(v118) p59(v84)
    - neighboring facets: f663 f708 f672
- f671
    - flags: top simplicial
    - normal:    0.1674   0.9859 0.0008534
    - offset: -0.1202771
    - vertices: p208(v138) p269(v137) p253(v127)
    - neighboring facets: f667 f674 f709
- f672
    - flags: bottom simplicial
    - normal:    0.1537    0.988 -0.01537
    - offset: -0.1159111
    - vertices: p208(v138) p945(v118) p544(v103)
    - neighboring facets: f622 f673 f669
- f673
    - flags: bottom simplicial
    - normal:    0.1515   0.9885 -0.0008108
    - offset: -0.1147303
    - vertices: p208(v138) p544(v103) p696(v20)
    - neighboring facets: f632 f674 f672
- f674
    - flags: top simplicial
    - normal:    0.1584   0.9874 0.0007041
    - offset: -0.1171207
    - vertices: p208(v138) p253(v127) p696(v20)
    - neighboring facets: f667 f673 f671
- f675
    - flags: top simplicial
    - normal:    0.1307   0.9914 0.0002856
    - offset: -0.1078192
    - vertices: p145(v139) p744(v120) p544(v103)
    - neighboring facets: f587 f676 f677
- f676
    - flags: bottom simplicial
    - normal:    0.1308   0.9914 0.0002885
    - offset: -0.1078349
    - vertices: p145(v139) p461(v129) p544(v103)
    - neighboring facets: f632 f675 f677
- f677
    - flags: top simplicial
    - normal:    0.1307   0.9914 0.0002961
    - offset: -0.1078153
    - vertices: p145(v139) p461(v129) p744(v120)
    - neighboring facets: f678 f675 f676
- f678
    - flags: bottom simplicial
    - normal:    0.1266   0.9919 0.002121
    - offset: -0.1065089
    - vertices: p123(v140) p461(v129) p744(v120)
    - neighboring facets: f677 f679 f681
- f679
    - flags: bottom simplicial
    - normal:    0.1209   0.9927 0.003698
    - offset: -0.1046758
    - vertices: p123(v140) p744(v120) p996(v93)
    - neighboring facets: f638 f680 f678
- f680
    - flags: bottom simplicial
    - normal:    0.1194   0.9926  0.02005
    - offset: -0.1045237
    - vertices: p123(v140) p996(v93) p696(v20)
    - neighboring facets: f540 f681 f679
- f681
    - flags: top simplicial
    - normal:    0.1249   0.9921  0.01321
    - offset: -0.1061895
    - vertices: p123(v140) p461(v129) p696(v20)
    - neighboring facets: f632 f680 f678
- f682
    - flags: bottom simplicial
    - normal:    0.1102   0.9938 -0.01735
    - offset: -0.1016149
    - vertices: p990(v141) p744(v120) p319(v70)
    - neighboring facets: f587 f684 f683
- f683
    - flags: bottom simplicial
    - normal:    0.1059   0.9944 -0.002857
    - offset: -0.1000408
    - vertices: p990(v141) p212(v130) p744(v120)
    - neighboring facets: f638 f682 f685
- f684
    - flags: top simplicial
    - normal:   0.07209   0.9974 0.001249
    - offset: -0.09061205
    - vertices: p990(v141) p177(v110) p319(v70)
    - neighboring facets: f538 f682 f685
- f685
    - flags: top simplicial
    - normal:   0.09073   0.9959 -0.0002395
    - offset: -0.09579814
    - vertices: p990(v141) p212(v130) p177(v110)
    - neighboring facets: f637 f684 f683
- f686
    - flags: bottom simplicial
    - normal:   0.05481   0.9985 0.002492
    - offset: -0.0860427
    - vertices: p913(v142) p441(v123) p847(v95)
    - neighboring facets: f602 f687 f690
- f687
    - flags: top simplicial
    - normal:   0.05507   0.9985 0.002594
    - offset: -0.08610751
    - vertices: p913(v142) p431(v132) p847(v95)
    - neighboring facets: f644 f686 f688
- f688
    - flags: bottom simplicial
    - normal:   0.05949   0.9982 0.002338
    - offset: -0.0872482
    - vertices: p913(v142) p431(v132) p68(v63)
    - neighboring facets: f646 f689 f687
- f689
    - flags: top simplicial
    - normal:   0.06435   0.9979  0.00154
    - offset: -0.08851738
    - vertices: p913(v142) p391(v133) p68(v63)
    - neighboring facets: f648 f688 f690
- f690
    - flags: bottom simplicial
    - normal:   0.06632   0.9978 0.0001685
    - offset: -0.08906266
    - vertices: p913(v142) p391(v133) p441(v123)
    - neighboring facets: f650 f686 f689
- f691
    - flags: top simplicial
    - normal:     0.223   0.9748 0.0004922
    - offset: -0.1413669
    - vertices: p852(v143) p762(v134) p988(v125)
    - neighboring facets: f651 f710 f697
- f693
    - flags: top simplicial
    - normal:    0.2297   0.9733 -0.003445
    - offset: -0.1442018
    - vertices: p852(v143) p879(v115) p27(v101)
    - neighboring facets: f568 f696 f694
- f694
    - flags: bottom simplicial
    - normal:    0.2141   0.9767 -0.01146
    - offset: -0.1380993
    - vertices: p852(v143) p879(v115) p501(v36)
    - neighboring facets: f567 f695 f693
- f695
    - flags: top simplicial
    - normal:    0.2069   0.9783 -0.01181
    - offset: -0.1351844
    - vertices: p852(v143) p875(v135) p501(v36)
    - neighboring facets: f660 f694 f711
- f696
    - flags: bottom simplicial
    - normal:    0.2323   0.9726 -0.0006733
    - offset: -0.1451971
    - vertices: p852(v143) p748(v116) p27(v101)
    - neighboring facets: f570 f693 f697
- f697
    - flags: bottom simplicial
    - normal:    0.2318   0.9728 -0.0003481
    - offset: -0.1449739
    - vertices: p852(v143) p762(v134) p748(v116)
    - neighboring facets: f652 f696 f691
- f698
    - flags: bottom simplicial
    - normal:     0.193   0.9812 -0.0002245
    - offset: -0.1295085
    - vertices: p86(v144) p834(v124) p746(v114)
    - neighboring facets: f609 f706 f704
- f701
    - flags: bottom simplicial
    - normal:    0.1907   0.9816 -0.003048
    - offset:  -0.128606
    - vertices: p158(v145) p875(v135) p865(v126)
    - neighboring facets: f660 f703 f705
- f702
    - flags: top simplicial
    - normal:     0.189    0.982  -0.0015
    - offset:  -0.127993
    - vertices: p158(v145) p834(v124) p59(v84)
    - neighboring facets: f608 f703 f704
- f703
    - flags: bottom simplicial
    - normal:    0.1886   0.9821 -0.002336
    - offset:  -0.127817
    - vertices: p158(v145) p865(v126) p59(v84)
    - neighboring facets: f664 f702 f701
- f704
    - flags: top simplicial
    - normal:     0.193   0.9812 -0.0002306
    - offset: -0.1295078
    - vertices: p158(v145) p86(v144) p834(v124)
    - neighboring facets: f698 f702 f706
- f705
    - flags: top simplicial
    - normal:    0.1938    0.981 -0.001064
    - offset: -0.1297979
    - vertices: p158(v145) p875(v135) p746(v114)
    - neighboring facets: f713 f706 f701
- f706
    - flags: bottom simplicial
    - normal:     0.193   0.9812 -0.0002307
    - offset: -0.1295088
    - vertices: p158(v145) p86(v144) p746(v114)
    - neighboring facets: f698 f705 f704
- f707
    - flags: bottom simplicial
    - normal:    0.1678   0.9858 0.0009172
    - offset: -0.1204053
    - vertices: p390(v146) p269(v137) p59(v84)
    - neighboring facets: f666 f708 f709
- f708
    - flags: top simplicial
    - normal:    0.1717   0.9851 0.0001082
    - offset: -0.1217986
    - vertices: p390(v146) p208(v138) p59(v84)
    - neighboring facets: f669 f707 f709
- f709
    - flags: bottom simplicial
    - normal:    0.1675   0.9859 0.0008535
    - offset: -0.1203077
    - vertices: p390(v146) p208(v138) p269(v137)
    - neighboring facets: f671 f707 f708
- f710
    - flags: top simplicial
    - normal:    0.2186   0.9758 0.0003209
    - offset: -0.1396267
    - vertices: p555(v147) p852(v143) p988(v125)
    - neighboring facets: f691 f712 f711
- f711
    - flags: bottom simplicial
    - normal:    0.2178    0.976 3.796e-06
    - offset: -0.1392976
    - vertices: p555(v147) p852(v143) p875(v135)
    - neighboring facets: f695 f713 f710
- f712
    - flags: top simplicial
    - normal:     0.215   0.9766   0.0011
    - offset: -0.1381542
    - vertices: p555(v147) p988(v125) p746(v114)
    - neighboring facets: f613 f713 f710
- f713
    - flags: bottom simplicial
    - normal:    0.2128   0.9771 0.0007219
    - offset: -0.1373161
    - vertices: p555(v147) p875(v135) p746(v114)
    - neighboring facets: f705 f712 f711
