3
1000 296 444
-0.0684324 -0.118003  0.075 
0.00570037 -0.192444 0.0563917 
0.0447812 0.0759297  0.108 
-0.123306 -0.0459375 0.0571186 
0.00196932 -0.195702 0.20967 
0.104728 0.135789 0.0604729 
0.0350339 0.00274568 -0.111 
0.111633 -0.0679713 -0.008995339999999999 
-0.0787059 0.00185208 -0.043 
-5.87254e-05 0.0412983 -0.0638734 
-0.104069 0.0370983 0.0793619 
-0.00688652 -0.190489 0.159409 
-0.103973 -0.169758 0.115151 
0.0520435 0.00675262 0.230794 
-0.134761 -0.012368 0.0270803 
0.0274397 0.186248 0.181249 
0.0384034 0.0503055 -0.0505334 
-0.081856 -0.08142820000000001 -4.6272e-08 
-0.0166016 0.140023 0.204879 
-0.08030619999999999 0.124464 -0.000974006 
-0.06452769999999999 0.129294 -0.118122 
-0.00369508 0.135556 0.200408 
0.0296938 0.122055 -0.0564067 
-0.0299252 -0.0589039 0.343439 
0.053043 0.125624 -0.118149 
0.0553525 0.161877 0.044435 
-0.028535 -0.0443118 0.0522 
-0.0608781 0.041816  0.192 
-0.0005451260000000001 0.0582365 0.464837 
-0.0464283 0.118845 -0.103046 
0.09439699999999999 -0.145613 0.0358935 
0.00661084 0.101258 0.05695 
0.0716601 -0.153645 -0.00535914 
-0.0581805 -0.0307017 -0.0780603 
-0.0408175 0.0645585 -0.06756230000000001 
0.0941038 0.07507419999999999 -0.119378 
-0.00472192 -0.00870167 0.297095 
0.0474174 0.195298 0.144505 
-0.0393169 -0.0647765 -0.0637982 
-0.0176451 0.140466 0.144134 
-0.00341309 0.129539  0.106 
-0.114018 -0.0555349 0.0865443 
-0.053068 0.09119339999999999 0.265696 
-0.0147071 0.190297 0.1461 
0.0803716 -0.00181943 0.389964 
0.0141804 0.00183195  0.027 
-0.110223 0.152082 0.0936989 
-0.08200449999999999 0.0156832 0.374184 
-0.07690710000000001 -0.00476956 0.342721 
-0.0351984 -0.160647 -0.0649993 
-0.117677 -0.108628  -0.03 
0.07319349999999999 -0.0428397  0.108 
-0.08934060000000001 -0.171101 0.212767 
0.0576938 0.06904440000000001 -0.0673325 
0.0570714 -0.189528 0.0653907 
-0.0419647 0.185965 0.144733 
0.0523461 0.0424241 0.335247 
-0.0856782 -0.0202184 0.360524 
-0.0887194 -0.0152903  0.108 
-0.0778037 -0.130667 0.105436 
-0.0292835 0.0183597 0.0448 
-0.00777277 -0.163072 -0.0490028 
-0.118226 0.0055517 0.0253681 
0.0297954 -0.0994353 0.00149996 
-0.0120248 0.0922983 0.014075 
0.0526083 0.0394336 0.219109 
-0.120306 0.104819 0.0960425 
-0.121006 0.07801619999999999 -0.06641569999999999 
-0.00524731 0.0903327 0.167047 
-0.06304899999999999 0.0221968 0.343897 
-0.06479699999999999 -0.0408445 -0.224129 
0.0710952 0.0903328 0.139721 
-0.0219047 0.162148 -0.0585136 
-0.0231887 -0.198205 0.0718348 
-0.0407228 0.197017 0.08741169999999999 
0.0191327 -0.047353 -0.119566 
0.0280442 0.0319359  0.106 
-0.06636889999999999 0.187958 0.232515 
0.06696149999999999 -0.156979 0.214508 
-0.0620649 0.197133 0.165196 
0.0729722 0.16894 0.09931139999999999 
-0.0340967 0.0925222  0.106 
0.0446451 0.0169798 0.466763 
0.0846938 0.07478949999999999 0.130953 
0.0212113 0.159958 -0.07749830000000001 
0.0109032 -0.0619845 0.336831 
-0.0591363 0.0555889  0.192 
-0.108149 0.0962983 -0.000881065 
0.0645614 -0.0896672 0.167898 
-0.118965 0.107357 -0.0465694 
-0.0881859 -0.130996 -0.0360001 
0.0212559 -0.190283 0.191564 
-0.08539480000000001 0.125237  0.108 
0.0684144 0.0556097 0.40077 
-0.0472823 -0.0604795 0.400929 
0.102708 0.132944 0.06319080000000001 
0.0658353 0.022992 0.448667 
-0.0366763 -0.19851 0.227182 
-0.0522277 0.044099 0.236775 
-0.03922 0.0719255 0.412558 
-0.134455 0.0497389 0.0388849 
-0.0616102 -0.0801316 -0.176887 
0.0112482 0.0127983 0.0478933 
-0.104558 0.150764 0.0370441 
0.000528018 -0.15955 -0.0862914 
0.0184825 -0.0304497 0.464154 
0.0175868 0.195091 0.161899 
-0.0114091 0.165086 0.156924 
-0.111138 0.0597921 0.0242279 
0.0699588 -0.0452017 -0.07765900000000001 
-0.07561519999999999 0.185922 0.0540539 
0.030035 0.0590533 -0.034 
0.0210342 0.199909 0.08049480000000001 
-0.120306 0.0271992 0.102382 
-0.0106198 0.0013626 0.29283 
0.0795799 -0.03171 0.365266 
0.00880678 -0.0896672 0.111404 
0.0603246 0.123964 -0.144011 
0.0978773 0.117342 -0.0379634 
0.110206 -0.119989 0.07661800000000001 
-0.125465 -0.0294682 -0.0345496 
-0.113806 -0.100827 0.0157254 
-0.0383326 0.125437  0.106 
-0.0853062 -0.0638899 0.134772 
-0.102483 -0.0558074 0.217198 
-0.08030619999999999 0.08219310000000001 -0.07444290000000001 
0.00162828 0.183983 0.158518 
0.0952949 0.11858 -0.031827 
-0.120306 0.0561153 0.0327202 
-0.08412749999999999 -0.00753434 0.379685 
0.0156199 -0.06978189999999999 0.42017 
0.0450593 0.07399269999999999 -0.106636 
-0.0505549 0.0840848 0.266287 
0.0831375 0.127526  0.108 
0.08983380000000001 -0.0867426 -0.0992648 
-0.0247783 -0.0527279 -0.133491 
-0.00317019 -0.124433 0.0135 
0.0387138 -0.0133432 0.0577 
0.0223032 0.151416 0.13164 
0.0131859 0.029286 0.0577 
-0.0603062 0.00132731 -0.08266179999999999 
-0.0300547 0.106224 -0.116786 
-0.0786317 0.0335596 0.431917 
0.0588055 0.148479 -0.0437751 
0.0357087 0.00485513  0.108 
-0.0436408 0.0668991  0.192 
-0.0375681 -0.0852363 0.0315001 
0.0578822 -0.00365098 -0.0234981 
0.0306394 -0.058151 0.241729 
0.00255629 0.132603 0.174277 
-0.0183958 0.139056 0.140806 
0.0206696 0.0469815 0.250463 
-0.0992579 0.110868 0.241685 
-0.00411881 0.09720090000000001 0.0009500519999999999 
0.063276 0.126333 0.136313 
-0.114018 -0.150569 0.0934846 
0.0908832 0.13038 0.191269 
-0.135125 0.00688395 0.0702096 
-0.00122422 -0.0277089  0.192 
-0.0134929 -0.0651988 0.378349 
0.0535912 0.189786 0.08198129999999999 
-0.000801196 0.0545317 0.01285 
-0.118319 0.129167 0.0106259 
0.0864843 0.13628 0.196881 
-0.09796530000000001 -0.134511 -0.0987958 
-0.123759 -0.0306114 0.0185883 
0.111853 -0.0802411 -0.0156747 
-0.117614 -0.0864805 -0.0785317 
0.0288583 0.0110279 -0.0599348 
0.0714736 -0.0998045 0.0480001 
-0.123306 0.0513441 0.0247893 
0.00486648 0.171149 0.154753 
0.0364017 -0.0981929 -0.139387 
0.02206 -0.179589 0.182354 
-0.0362817 -0.194702 0.104113 
-0.0383671 0.0405479 0.246276 
0.06815359999999999 0.029217 0.21453 
0.0389656 0.0903328 0.158754 
-0.0671838 0.108044 -4.6272e-08 
-0.07615130000000001 -0.18357 0.0496512 
-0.0583062 0.0689448 -0.0759857 
-0.0669561 -0.155782 0.248989 
-0.0586939 0.0180138 0.327207 
-0.0643011 -0.0870678 -0.140996 
-0.0501511 0.0272477 0.335139 
-0.123176 -0.0802298 -0.0405068 
0.0796938 0.0153026 -0.0579802 
-0.115607 0.0689361 0.0245686 
0.0801277 0.106682 -0.120949 
-0.0310424 0.201753 0.148334 
-0.131715 0.0266264 0.0312902 
-0.0162103 0.135556 0.128454 
-0.072107 -0.0701702 -0.043 
-0.0190505 0.0207647 -0.06261419999999999 
-0.00796092 0.06565169999999999 0.344935 
-0.0217995 0.184827 0.133819 
-0.0763735 -0.0454017 -0.07090730000000001 
0.096666 0.157341 0.08760999999999999 
0.0657343 0.150467 -0.0269689 
0.0873244 0.0552324  0.108 
0.0315686 0.102061 0.260313 
-0.115118 0.0384419 0.0330458 
0.045907 -0.0481639 0.0507 
-0.115961 -0.0142086 0.0206361 
-0.0345002 0.0437983 0.0240275 
0.0996938 -0.00423117 -0.0271204 
0.0154351 0.161199 0.203568 
-0.0177366 0.135709 -0.07313219999999999 
0.0018325 0.0738065  0.192 
-0.0214903 -0.0233014 0.0336 
0.0592425 0.177018 0.138963 
0.105056 0.132309 0.0467625 
-0.0535806 0.0903328 0.11289 
-0.033679 -0.00170178 0.263212 
0.0574865 0.175994 0.184373 
0.0484825 -0.0843922 -4.6272e-08 
0.0319107 0.0947751 -0.116 
-0.08030619999999999 0.0518502 -0.091985 
0.0596938 -0.0388891 -0.048329 
-0.0388624 0.199712 0.0836689 
0.00644962 0.155789 0.126348 
0.0638239 0.14575 -0.0210213 
0.0561938 -0.124726 0.143157 
0.102909 -0.000199148 0.1091 
-0.0927272 -0.0814893 0.255928 
0.000193775 0.12036 0.0829795 
-0.062581 -0.115098 -0.239432 
0.0210247 -0.0190971 0.291992 
-0.07830620000000001 -0.108911 0.034767 
0.071341 0.134452 -0.0631583 
0.027242 0.0593307 0.45455 
-0.0289033 0.138831 0.156203 
-0.118413 -0.042597 -0.0360001 
-0.000254208 0.136027 0.252992 
-0.06850059999999999 0.112044  0.106 
-0.106443 0.150352 0.0244438 
0.0305216 -0.0252347  0.108 
-0.106634 0.12798 -0.07709390000000001 
-0.121413 -0.0878017 0.0744056 
-0.0754693 -0.0131623 0.432859 
0.0536402 0.0856227 -0.173001 
-0.0205871 0.0297268 -0.0759016 
0.0046057 0.185454 0.190333 
0.0206896 -0.08581080000000001  0.045 
-0.0361076 0.183098 0.177987 
-0.0332972 0.186361 0.190712 
-0.120306 -0.0569071 0.0220883 
-0.0333894 -0.00194016 -0.0489157 
-0.007861669999999999 -0.00619661  0.108 
0.0298495 -0.0627838 0.241734 
-0.0914089 -0.0324114 0.0159 
-0.109244 0.0338974  0.108 
-0.0499398 0.000557566  0.192 
-0.0568201 0.08437409999999999  0.192 
-0.0899779 0.0689758 0.244113 
-0.0478635 -0.127672 -0.152511 
0.0685216 -0.0731265 0.230492 
0.0796938 -0.0685446 -0.0764025 
-0.00468008 0.185036 0.180185 
0.0205449 -0.0474401 -0.066861 
0.0977736 0.151148 0.0593771 
-0.0182688 -0.121545 -0.0308117 
-0.0262176 0.0932993 -0.134127 
-0.0112772 0.105367 -4.6272e-08 
-0.0312689 0.165486 0.14303 
-0.0114604 0.0238377  0.108 
-0.0456588 -0.185939 0.176503 
-0.00767728 -0.0787103 0.0331 
0.0481938 -0.110024 0.121752 
0.0800356 0.008854570000000001  0.192 
0.0902517 -0.0218037 -0.00850003 
-0.0248319 -0.0172045 0.0198531 
0.082758 0.06743399999999999 -4.6272e-08 
-0.08111989999999999 0.171469 0.205343 
-0.0322312 0.138556 0.14101 
-0.134114 -0.0645025 0.038104 
-0.0438973 -0.188907 0.134207 
-0.0267029 -0.113603 -0.00200002 
-0.118302 0.109298 -0.0789726 
0.0747511 -0.08136640000000001 0.00159998 
-0.120443 -0.111296 -0.037561 
0.0470778 0.0227181 0.0405 
-0.0887863 0.0289432  0.108 
-0.122563 0.115587 0.0174094 
-0.00294588 0.06649670000000001 0.42954 
-0.0180769 0.168152 0.179595 
0.102579 0.07718270000000001 -0.07805869999999999 
-0.10315 -0.17539 0.152269 
-0.00394738 0.127148 0.155924 
-0.0603062 0.0616825 -0.0604388 
-0.0193783 -0.11495 0.258171 
0.0846938 0.0152735 0.156854 
0.0716159 -0.0896672 0.1642 
0.06369379999999999 -0.09282360000000001 -0.186736 
0.0818575 0.0336626 0.208305 
-0.0774624 -0.0673777 -0.00200002 
-0.123191 -0.00914061 -0.0115407 
-0.027258 -0.0400427 0.33021 
-0.035193 0.0214612 -4.6272e-08 
0.00456103 0.113557 0.269405 
0.0445276 0.0901111 -0.107919 
-0.0113021 0.140931 0.15784 
0.103746 0.137152 0.0543119 
0.0332391 0.0806427  0.108 
-0.0467227 0.0371588  -0.03 
-0.111315 0.0685211 0.0254727 
-0.0720224 -0.114442 0.0435 
-0.113004 0.0206994 -0.111526 
-0.104562 0.0652065  0.108 
-0.07127029999999999 0.13545  -0.03 
0.0227492 0.06849230000000001 -0.132914 
-0.0187601 -0.041349 -0.111 
0.0576938 0.06741809999999999 -0.0849792 
-0.0893249 0.185069 0.201144 
-0.0329571 -0.0119165 -4.6272e-08 
0.09458999999999999 -0.129099 -0.011476 
0.0152605 -0.160537 -0.057 
-0.0686793 -0.120219 -0.247162 
0.00676233 0.0671528 0.385133 
-0.0596742 0.0903327 0.111066 
0.0449504 -0.168666 0.240958 
-0.0197523 -0.195317 0.205063 
0.0679869 0.014864 0.448848 
0.0654951 0.184613 0.179052 
-0.0244275 -0.127411 -0.133204 
-0.0853062 -0.0115924 0.189396 
-0.06579309999999999 0.0675053 -4.6272e-08 
-0.0403062 0.0180924 -0.00959248 
0.0796938 -0.0186607 -0.07629519999999999 
0.0260652 -0.0648431 0.381454 
-0.123306 -0.0604663 0.019154 
-0.133584 -0.09157129999999999 0.0798381 
0.0659655 -0.11768  0.106 
0.0408508 0.10727 -0.00200002 
0.0846938 0.0269444 0.159883 
-0.00523272 -0.00984199  0.108 
-0.107523 -0.152221 0.176405 
0.0774898 0.0787983 -0.0451208 
-0.0279153 0.153584 0.184121 
0.0320269 0.0427025 -0.0652899 
-0.0120197 -0.192777 0.175558 
-0.0679408 -0.151724 -0.058917 
0.0182414 -0.0769748 0.374489 
-0.101832 -0.116189 0.235374 
0.104642 0.137244 0.0682256 
-0.0355801 0.0401758  0.192 
-0.0950013 -0.185197 0.172656 
0.0342663 -0.163604 -0.0136225 
-0.0257438 -0.0369997 0.269706 
0.110587 0.0475789 -0.0326614 
0.00550208 -0.0368464 0.26497 
-0.0890466 -0.171103 0.18808 
-0.118955 0.121741 -0.0271044 
-0.08132830000000001 -0.189863 0.150305 
0.0576938 0.0706656 -0.0876451 
-0.0140868 -0.181042 0.021378 
-0.0474904 0.0963678 -0.111 
0.075886 -0.0105561 -0.0170745 
-0.0635672 0.197981 0.155625 
-0.11355 0.0537436 0.199961 
0.00433059 0.146193 0.179407 
-0.055405 0.197378 0.111863 
-0.131344 0.0673792 0.0124032 
-0.0709161 0.192031 0.0972915 
-0.117109 -0.0156638 0.09235 
0.0368023 -0.0321372 0.0522 
0.0186007 -0.0116046 0.0507 
0.09911499999999999 -0.113307 -0.0232486 
0.0193705 -0.121702 0.00248444 
0.0442203 0.188771 0.224128 
-0.0538115 0.0143009 0.331831 
0.0270511 0.06798319999999999 0.382022 
0.104016 -0.0505081  0.108 
-0.0168448 0.047865 0.471142 
0.0217763 -0.08547449999999999 0.259411 
0.0273482 -0.193508 0.138911 
-0.0443125 -0.0445796 0.444458 
0.0406948 -0.0572807 -0.114547 
0.0540339 -0.113671 0.138709 
-0.133843 0.0717662 0.0271889 
-0.0440261 -0.0261985 -0.0062267 
-0.0572038 -0.0222506 -0.0181958 
-0.0330753 -0.0562406 -0.00200002 
-0.0454156 0.145211 0.187298 
-0.0122736 -0.105555 -4.6272e-08 
0.0118409 0.196298 0.230615 
-0.0143432 0.07714890000000001  0.106 
0.0317453 0.123745 -0.135077 
-0.0391016 -0.196418 0.08653370000000001 
0.021777 0.187298 0.19824 
0.0457908 0.0465239  0.192 
0.0619118 0.0903327 0.112956 
0.100732 0.0693073 -0.0817036 
0.0929846 0.116254 -0.0549319 
0.0161762 -0.0815529 0.258432 
-0.0031086 0.130336  -0.03 
0.00207915 0.0586445 0.464246 
-0.0158561 0.00948154 0.48204 
-0.0575995 -0.0374513  0.108 
0.0576938 0.0395999 -0.0449127 
-0.0572757 -0.172283 0.0073348 
0.0400223 0.0119687 0.0522 
0.0950855 0.0204982 0.188709 
-0.0855368 0.00873554 0.435191 
-0.0274399 -0.180338 0.19709 
0.02364 0.0225288 0.26135 
0.0667804 -0.0145731 0.446059 
-0.0894884 0.0803328 0.134432 
-0.0107194 0.195706 0.172142 
-0.0303062 0.128102 -0.0448668 
-0.0197517 -0.0302219 0.478972 
0.0566938 0.0207265 -0.06520049999999999 
-0.0710822 -0.15178 -0.09151579999999999 
-0.123306 0.0573621 0.00777305 
-0.0480894 -0.0172062 0.472427 
0.0182481 0.180232 0.171048 
0.0748419 0.0414278 0.416347 
-0.0758783 0.193041 0.141259 
-0.112548 0.0308049 -0.120117 
-0.119866 -0.0516017 0.08137560000000001 
0.0401447 0.130403 -0.0639677 
0.0552521 0.15516 0.0293463 
0.025911 -0.101839 -4.6272e-08 
0.06369379999999999 0.09293120000000001 -0.175024 
-0.120306 0.06814969999999999 0.107623 
-0.00863615 -0.117482 -0.00200002 
-0.000253125 0.129431 0.156566 
0.0446958 0.107508 -0.0426044 
0.0381846 0.198937 0.0866354 
0.076806 -0.181332 0.0950064 
0.0310144 -0.200702 0.165929 
-0.0657943 0.0903328 0.145566 
-0.0213958 0.0207538 -0.0780153 
-0.0551721 0.157944 -0.08674469999999999 
-0.0274118 -0.102991 -0.141225 
0.04541 0.0526788  0.106 
0.06761350000000001 -0.0714413  0.106 
-0.0602622 -0.192702 0.221671 
-0.115258 -0.109442 0.191648 
-0.0258862 0.0056469 0.0228011 
0.0917866 -0.0835409 0.193447 
0.0429414 0.0903328 0.112601 
-0.0128366 0.0982707 -0.123929 
-0.114086 0.0135187 -0.0302 
0.06888180000000001 0.0382896 0.428619 
-0.122135 0.087378 -0.0916995 
-0.084342 0.164864 0.0855486 
-0.0766334 -0.06305910000000001 0.249139 
-0.0151323 0.131008 0.182336 
-0.00316421 0.00324532 -0.00200002 
0.00408156 -0.0452819 -4.6272e-08 
0.0846938 0.0297945 0.133061 
-0.0223836 0.0385591 0.269862 
0.0384804 0.0557983 0.0349275 
-0.105176 -0.126619 0.221023 
0.00222864 0.00929833 0.276387 
0.0918337 -0.159706 0.0545259 
-0.0395449 -0.0797017 0.0031193 
0.0153174 0.00923147 0.267701 
0.0382758 -0.0473602 0.233257 
0.08459999999999999 -0.0969955 -0.104024 
-0.0304033 0.0594326  0.192 
-0.0367655 0.127904 0.255182 
-0.0109586 0.132331 0.178668 
-0.0246062 0.046456 0.0497273 
0.0157203 0.09073639999999999 -0.00500004 
-0.0155926 0.185978 0.160253 
0.0635091 -0.11881  0.108 
-0.120108 -0.0549989 -0.109165 
-0.0332555 0.0570581 -0.0795125 
0.000530516 0.141223 0.287172 
-0.0198984 -0.160818 -0.0567358 
-0.0269295 -0.0123464 0.0418316 
-0.00689928 0.0290988 -0.00200002 
0.0844086 -0.0914614 0.214005 
-0.07267220000000001 0.195298 0.152317 
0.0471583 -0.0849231 -0.162119 
0.0435586 -0.07764 -0.103129 
-0.0983342 -0.0135278 0.20692 
-0.0163023 0.0619709 0.43751 
0.0854065 -0.0297017 -0.017475 
-0.0050724 -0.0223905 0.266763 
-0.07770050000000001 -0.0558807 0.236348 
0.0796938 -0.0894937 -0.0520648 
0.0922408 0.0174959  0.106 
-0.0674477 -0.184181 0.0392547 
0.008808760000000001 0.193056 0.160358 
-0.0750304 -0.0372633 0.406731 
-0.0864374 0.122187 0.246538 
-0.0614208 -0.122679 0.258352 
-0.0924326 0.152453 0.0100892 
0.0647747 0.06953380000000001 0.0182203 
-0.117331 -0.122865 -0.0368622 
0.0445498 -0.0387951 0.0522 
0.06319379999999999 0.0975084 0.15132 
-0.0807889 -0.00704555 0.366205 
0.0310996 -0.0760324 -4.6272e-08 
0.08283359999999999 0.147868 -0.00923452 
0.0020124 -0.176331 0.154754 
0.0561938 -0.0921459 0.0259386 
0.08986909999999999 0.0588485 0.197441 
0.07003239999999999 -0.109056 0.0315001 
0.0654001 -0.0886778  0.106 
-0.069733 -0.0159079 0.349214 
-0.0147244 -0.176078 0.240702 
-0.0922253 0.173517 0.17035 
0.0709762 -0.00299303 0.31447 
0.0525779 0.117272 0.135829 
-0.123306 -0.009017910000000001 0.0803883 
0.0195469 0.162836 -0.0360001 
0.0576938 0.0136294 -0.0623097 
0.0195702 -0.06584379999999999 0.386593 
-0.0426137 0.0570403 0.242599 
0.0437914 0.09738910000000001  -0.03 
0.0356857 -0.0360193 0.0507 
0.008384310000000001 -0.0566071  0.108 
-0.00258249 0.068452 0.451579 
0.0604938 -0.176193 0.21919 
-0.130816 -0.07331509999999999 0.0321366 
0.00469378 0.114953 0.272622 
0.0838614 0.110478 -0.0982581 
-0.0201948 0.100383  0.106 
-0.0620577 -0.0976017 0.0193519 
0.0581842 -0.105198 0.0267 
-0.0935266 0.170688 0.110021 
0.0460496 -0.11046 -0.114117 
0.0673586 -0.0318616  0.108 
0.0262433 0.180233 0.177953 
0.0563443 -0.0764387 -0.132314 
0.0312462 -0.195702 0.222441 
-0.0290956 -0.0856672 0.0753871 
-0.09461940000000001 -0.173212 0.152372 
0.09977850000000001 -0.13902 0.0582552 
0.0732261 -0.135067 0.1165 
0.0281892 -0.0279668 0.264748 
0.106918 0.0739411 -0.0566516 
-0.0299651 -0.0700423 0.361841 
0.0504186 -0.131836 0.109654 
0.00249595 -0.140269 0.286716 
-0.0146351 -0.0308142 0.269964 
0.0673844 -0.00823891 -0.0299411 
0.106306 -0.07704999999999999 -0.00200002 
-0.011479 0.185771 0.172929 
-0.0935817 0.183086 0.193505 
-0.0158985 0.0320493  0.192 
-0.032653 0.0272605  0.108 
0.0761039 -0.185579 0.17035 
0.0548665 -0.0623425 0.427443 
0.009447229999999999 0.0608339 -4.6272e-08 
-0.134798 -0.0355688 0.051655 
0.0122706 0.156677 0.178486 
-0.0164731 0.0198018 0.0577 
0.0160693 0.0659254  0.108 
0.0384015 0.0599243 -0.0673832 
0.00634366 0.199065 0.150009 
-0.07209690000000001 -0.0228362  0.192 
-0.0287296 0.192203 0.201866 
0.042232 0.14542 -0.0982898 
-0.0102772 -0.181037 0.133615 
-0.07791099999999999 -0.104303 -4.6272e-08 
-0.0350531 0.152082 0.172398 
0.06345720000000001 0.107966  0.108 
0.102716 0.06976830000000001 -0.0709012 
0.013169 -0.184359 0.18956 
-0.103235 -0.0547905 0.215209 
0.00295717 0.030885 -0.00200002 
0.07241359999999999 0.0407139  0.106 
0.00635805 0.166095 0.190669 
0.0796938 -0.0679792 -0.0990627 
0.0524312 0.0999931 0.128314 
-0.0407109 0.0354542 0.250186 
0.0985038 -0.0584948 -0.111927 
6.75975e-05 -0.0820028 -4.6272e-08 
-0.0316874 -0.00870166 0.300595 
-0.0423705 -0.157087 -0.0890312 
0.0153654 -0.07678160000000001 0.39561 
-0.0707928 -0.0856672 0.0891005 
-0.0693062 -0.0554202 -0.156637 
-0.08916979999999999 0.0282503 -0.00200002 
-0.0819278 -0.179634 0.216047 
0.0130733 0.0463793 0.321468 
0.0043637 0.00818581 0.484618 
-0.0584688 -0.138355 -0.118842 
-0.09557690000000001 0.0868097 -0.00200002 
-0.0317143 -0.0247017 0.306888 
-0.0146975 0.176395 0.205352 
0.0350433 0.161679 0.174008 
-0.1167 -0.0653393 0.200637 
0.0626444 0.0557983 0.0262174 
0.000193775 0.112419 0.0838337 
-0.0700877 -0.110681 0.0877482 
-0.0424714 0.125263   0.08 
-0.00186059 0.199847 0.188579 
0.00509971 0.178271 0.0201804 
0.0513744 0.131333 0.107505 
-0.120306 0.0278098 0.0301835 
0.0112615 0.0279574 0.26135 
0.0745807 -0.135405 0.1635 
0.00223302 -0.083993 -0.149049 
-0.0521875 0.117952 -0.0884137 
0.0846938 0.00576448 0.167686 
0.08425240000000001 -0.07129099999999999  0.108 
0.0394184 0.144218 0.246742 
0.0266374 -0.0516403 -0.0592143 
0.0579692 0.0109946 0.457522 
0.0576938 -0.0737058 -0.0524476 
-0.0276554 0.08933439999999999 -0.139857 
-0.0364159 -0.0252143 0.258432 
0.0133072 -0.0882995 -4.6272e-08 
0.0869269 -0.135056 0.196372 
-0.0116525 -0.0952283  0.108 
-0.0954102 0.126112 -0.121 
-0.0443407 -0.200702 0.190476 
-0.103928 0.158454 0.0710257 
-0.0123281 -0.0617473 0.438798 
0.0842094 -0.114688 0.210105 
-0.0574254 0.107833 0.259281 
0.00469378 -0.101119 0.265054 
0.0796938 0.0470104 -0.0831784 
-0.0746598 0.0370907  0.106 
0.06483129999999999 0.17595 0.133866 
0.0646938 -0.108352 0.161237 
-0.0481349 -0.0896672 0.151911 
0.110765 0.08471670000000001 -0.0190662 
0.0472081 -0.0652011 0.359261 
0.030529 -0.08135009999999999 -0.00200002 
0.0173856 0.0174033 0.0336 
0.021861 0.008324379999999999 0.290379 
-0.0405212 -0.118259 -0.123259 
-0.0161495 0.140931 0.155004 
-0.11348 -0.109326 -0.121 
-0.131504 0.0476666 0.0397325 
0.0296937 -0.156647  -0.03 
0.08722580000000001 -0.121849 -0.0302001 
-0.0399728 -0.159961  -0.03 
0.113289 0.09807920000000001 0.0377369 
0.0431561 0.0428331 0.457466 
-0.0108513 -0.0896672 0.121626 
-0.121015 0.0775207 0.0133063 
-0.0206188 0.159306 -0.0949455 
0.0576938 0.000366876 -0.07634009999999999 
0.0322458 -0.126498  0.106 
-0.0311344 -0.0305273 0.0522 
-0.0271673 0.163992 -0.0436799 
-0.0112663 0.188827 0.173128 
-0.07587869999999999 0.00409632 0.224863 
-0.07830620000000001 0.0633794 -0.091186 
0.0265899 0.0728853 -0.00200002 
-0.000322027 -0.19595 0.0758297 
-0.008357450000000001 0.0922983 0.0256556 
-0.0190073 -0.08966730000000001 0.148779 
0.0163523 0.180693 0.0176641 
-0.0599735 -0.13738  -0.03 
0.00031554 0.139844 0.150328 
-0.0224853 -0.115667 -0.131625 
-0.0474901 0.0971878 -0.155606 
-0.0201965 0.0649757 -0.00200002 
0.07720779999999999 0.101003  0.106 
0.0904853 -0.1417 -0.0119175 
-0.00115453 0.101584  0.106 
-0.114449 0.135287 0.040128 
0.0685844 0.0589934 0.225741 
-0.0058122 0.122881 0.168219 
-0.0708945 0.0903328 0.12354 
-0.0269395 0.180542 0.019637 
-0.085495 -0.171702 0.177492 
-0.123306 -0.056919 0.0303095 
-0.0105046 0.0440584 0.324735 
-0.0402 -0.06370489999999999 -4.6272e-08 
0.011618 0.154947 0.187146 
-0.113522 0.0544278 -0.0302001 
-0.0740431 0.190104 0.0985187 
-0.102653 0.0528179 0.213824 
-0.08744540000000001 -0.147163 0.243268 
-0.0423741 0.128802 -0.0811283 
0.106941 -0.0556673 -4.6272e-08 
-0.0595569 0.0211071  0.108 
0.100544 -0.09850100000000001 -0.053402 
-0.00109292 0.180704 0.1394 
-0.0296605 -0.00634982 0.0180926 
0.0576938 0.0297992 -0.0742319 
-0.121056 -0.08621910000000001 -0.0320066 
-0.0790882 0.0359138 -4.6272e-08 
0.0651325 -0.138047 -0.00200002 
-0.0456519 -0.163064 -0.0203251 
-0.0495257 0.11748 -0.096487 
-0.061465 -0.0232783 -0.08560189999999999 
0.0119321 0.201298 0.226343 
-0.0465152 0.131333 0.09540319999999999 
0.0370107 -0.0005873780000000001  -0.03 
-0.0383733 0.0199269 0.305948 
-0.0168494 -0.0569562 0.445797 
0.0665803 0.149423 -0.0292927 
-0.08470560000000001 0.00708397 0.382527 
-0.0113154 -0.137907 0.252884 
0.0462496 0.099786 -0.16134 
-0.0153495 0.0652462  0.192 
-0.0183501 0.00136884 0.0577 
-0.09692580000000001 0.103329 0.247089 
0.0479044 -0.135089 -0.067763 
0.01254 -0.117031 -0.129911 
0.0185675 0.0220924 0.0577 
-0.094831 -0.136473 -0.0958277 
0.0571183 0.0910033  0.106 
-0.00688596 0.144747 0.139045 
-0.0161967 0.104427 0.27055 
-0.120306 -0.00434078 0.00834553 
0.0282248 0.0826876  0.108 
-0.0269465 0.00929834 0.281959 
-0.07830620000000001 -0.0438746 -0.07481980000000001 
0.0825297 -0.0130795  0.108 
0.00190355 0.0381771 0.261752 
0.109128 0.123079 0.0669631 
0.0567405 0.185692 0.0583684 
-0.08168930000000001 -0.0257658 -0.0108296 
0.0873799 0.121221 -0.06871629999999999 
0.0516082 0.0434012 0.220662 
0.0223068 -0.0647944 0.44654 
-0.0237752 0.0204051  0.106 
-0.0583062 -0.0760892 -0.0834766 
-0.0336277 -0.0276713 -0.00700002 
0.06334040000000001 0.171837 0.166535 
0.06663529999999999 -0.121203 0.0331 
0.0596938 0.0748596 -0.0657392 
0.0430984 -0.0681513 0.425701 
-0.125318 0.0487922 -0.0321937 
0.0555864 0.193882 0.118435 
-0.0153387 -0.200471 0.120026 
-0.0837947 -0.144561 -0.0321607 
0.00201678 0.135556 0.199141 
0.0352836 0.0398094  0.108 
0.09629749999999999 0.0876083 -0.0828955 
0.0431725 -0.112147 -0.125445 
-0.0208381 -0.0420454  0.025 
0.081401 -0.0189193 0.34844 
0.0128533 -0.0769686  0.045 
-0.00437758 -0.0383641 0.280396 
-0.120306 0.0347262 0.018556 
-0.118319 -0.130721 0.0233917 
-0.0558339 0.0321746 -0.110936 
-0.0551117 0.148651 0.175118 
0.044541 0.0144611  0.027 
0.0211655 0.138787 0.142343 
-0.0109357 -0.119294 0.260199 
-0.0853062 -0.0894605 0.180665 
-0.119896 0.0974348 -0.095 
-0.0270437 -0.053414  0.192 
-0.031112 0.159279 -0.0926578 
-0.0408893 0.0159274  0.192 
0.0569201 0.110395 -0.231832 
-0.0255461 -0.0917284 -4.6272e-08 
-0.0590179 -0.0346418 -0.00200002 
0.065607 0.08417860000000001  0.041 
-0.0687435 -0.0895749 0.264447 
0.0383434 -0.0115461 -0.0335969 
0.0291953 0.0125704 -0.0507872 
0.020452 -0.200731 0.09614159999999999 
0.0561938 -0.0921879 0.0517337 
-0.08085290000000001 -0.0624985 0.242438 
-0.08030619999999999 0.0555247 -0.07509879999999999 
0.0425217 -0.008072660000000001 -0.0148439 
-0.0563062 -0.057064 -0.235213 
0.0100384 -0.0204402  0.192 
0.0481938 0.100868 0.137397 
-0.0413485 -0.0472017 -0.122169 
0.0178691 0.0601255  0.108 
-0.0717344 -0.0747017 0.0391792 
0.0601887 -0.0747017 0.0122445 
0.108817 0.08925379999999999 -0.0279367 
-0.0951993 0.00433729 0.408158 
-0.0738137 -0.183193 0.09106649999999999 
-0.00550132 0.0692014 0.443516 
-0.04171 0.139862 0.164575 
0.0050126 0.10102 -0.134048 
-0.12255 0.0557189 -0.110156 
-0.0308865 0.174957 0.189315 
-0.0164384 0.146813 0.174448 
-0.0253062 -0.171185 0.265247 
0.070046 0.00346516 -0.00850003 
-0.0140595 0.0534002 0.452077 
-0.0136279 -0.179764 0.200547 
-0.0306277 0.00409592 0.0542 
0.0564122 0.0807073 -0.198984 
0.0173976 -0.0771511 0.419707 
-0.0864602 0.0803328 0.14266 
-0.0224394 0.141085 0.179825 
0.0576938 0.0174445 -0.0486445 
-0.122702 -0.07048649999999999 -0.0944255 
-0.0494138 -0.129542  0.106 
0.0868411 0.121401 0.19582 
-0.0144146 0.201298 0.220367 
0.0236509 0.176668 0.134146 
-0.112786 0.0337888 0.0445711 
0.0094363 -0.0537065 0.320253 
-0.0501977 0.09654890000000001 -0.116142 
0.0804189 -0.180412 0.127156 
0.0238646 0.180186 0.153099 
-0.124049 0.0697121 0.0180071 
-0.0236582 0.0853158  0.108 
-0.00418441 -0.0060582 0.0577 
-0.0548722 0.0153317 0.33283 
-0.103461 0.137508 -0.0435914 
-0.06290320000000001 0.0481094 0.436805 
-0.122617 -0.0254065 -0.0320047 
-0.0612927 -0.0818017 0.052336 
0.0545665 -0.116702 0.00985259 
0.0917448 -0.000781565 -4.6272e-08 
0.0743364 -0.138268 -0.0360001 
-0.0484919 -0.00533374 0.269187 
0.0698184 0.0339609 0.432308 
0.114858 0.0409888 -0.0245738 
-0.0451103 0.180861 0.158074 
-0.0291345 0.146951 0.12573 
-0.0727299 0.151763 -0.08620120000000001 
-0.133556 0.0799323 0.0239219 
0.0131364 0.07098690000000001 0.253552 
0.0485545 -0.0323003 0.0522 
-0.0072113 0.0392914  0.025 
-0.0583287 -0.0505595 -0.204454 
0.06977129999999999 0.0362862 0.42825 
-0.0540596 0.104134 -0.171806 
0.00542097 0.163006 -0.054275 
0.00071268 0.128241 0.153553 
-0.104185 -0.08492909999999999 0.239291 
-0.06253590000000001 0.0370593 -0.084137 
0.0395342 0.0640619 -0.103 
0.09993109999999999 0.0263733 -0.116029 
-0.0731102 0.144164 -0.111 
0.0597735 0.196298 0.154391 
-0.13355 -0.0833699 0.0371798 
-0.0603062 0.0224001 -0.0731861 
-0.120167 0.0444251 -0.0408997 
-0.0163389 0.168101 0.257039 
-0.07830620000000001 -0.0839023 0.00773978 
-0.0322024 0.0177187  0.192 
-0.108469 0.10366 -0.00200002 
0.0821119 -0.116798  0.106 
0.00363214 -0.174566 0.270775 
-0.0303062 0.126481 -0.0553368 
-0.113718 0.06323960000000001 -0.111 
-0.0882035 -0.16493 0.0884292 
0.0975005 0.0502149  0.108 
-0.0734451 -0.00209201 -0.00200002 
0.0559869 0.0397575 0.334121 
-0.123957 -0.0830012 -0.0430766 
-0.0692965 0.0944049 -0.130697 
-0.0897626 0.168582 0.189393 
0.0846938 -0.0442013 0.164806 
0.0829014 -0.175802 0.0996582 
0.0431075 -0.08789669999999999 -0.0308316 
-0.0537068 0.0668864  0.108 
-0.123563 0.0164596 -0.097314 
-0.0356004 -0.0374073  0.192 
0.0191155 -0.116702 0.0425405 
0.00983873 0.148217 0.187984 
0.0589322 -0.12101  0.045 
0.0233272 0.201298 0.213312 
0.110446 -0.106329 0.0223197 
-0.0367695 0.09513389999999999 -0.00200002 
0.0329254 -0.153997 -0.102418 
-0.0276815 0.00929834 0.326276 
0.00778433 0.145833 0.252963 
0.0394656 0.149279 -0.0302001 
-0.1139 0.0756368 0.0265163 
-0.0313279 0.120373 -0.060262 
-0.0717946 -0.130667 0.0849168 
-0.0686148 -0.10006 -0.147584 
-0.0808126 -0.06973119999999999  0.106 
0.0227588 -0.0767478 0.414237 
0.00149642 -0.0196233  0.027 
-0.0554183 0.144518 -0.241008 
0.0539488 -0.0684661 -4.6272e-08 
-0.032249 -0.12077 -0.106161 
-0.120306 -0.0523407 0.01491 
-0.0353499 -0.0247732  0.106 
-0.06313149999999999 -0.0847157  0.192 
0.0605373 0.008008929999999999  0.106 
0.0502301 -0.0309535 0.444042 
-0.0576609 0.0312983 -0.034354 
0.07610980000000001 -0.0927383 0.0315001 
0.09171509999999999 -0.156019 0.0370371 
-0.0122779 0.0551327 0.341276 
0.0908296 0.0612148 0.195959 
0.0396051 0.107677 -0.11279 
0.00218661 0.07896350000000001 0.399962 
-0.104093 0.06788089999999999 0.08055 
0.0417828 0.10805 0.257396 
0.0650795 -0.145886 -0.041018 
0.0959551 -0.0996795 -0.0715765 
0.0600028 0.158582 0.0446137 
-0.0629069 -0.00478761 0.465538 
-0.027744 -0.0114664  0.027 
0.105753 0.121391 0.06801749999999999 
0.0355641 -0.151741 -0.09788860000000001 
0.0375981 0.195298 0.195923 
-0.0140952 -0.0450702 0.259758 
-0.031325 0.177605 0.0172032 
0.0287483 0.031572 0.266431 
0.0304251 0.0550909 0.236525 
-0.00674894 -0.0288504 0.0507 
-0.08030619999999999 -0.0695307 -0.0934169 
-0.0388918 -0.0118766  -0.03 
-0.00254046 0.104863  0.108 
0.0578569 -0.114602 0.0580454 
-0.0511912 0.149053 0.175865 
0.0540406 0.147188 0.00400765 
-0.0259812 -0.170429 0.156026 
0.0489084 -0.115064  0.045 
-0.120306 0.00610076 0.0270526 
0.08754919999999999 -0.169681 0.150987 
0.094953 0.155157 0.0961775 
0.0319874 -0.0164298 0.290449 
0.0343088 0.10029 -0.154816 
-0.0328898 0.0903328 0.11432 
0.0810731 -0.136957 -0.0476763 
-0.0320554 0.142179 0.171112 
0.015145 0.154323 -0.0360001 
0.0525654 -0.0172329 0.231998 
-0.026866 0.144844 0.1384 
-0.0607073 -0.113602 0.0220216 
-0.0301242 0.085883  0.192 
-0.0421124 0.157026 0.193281 
0.0466179 0.13527 -0.0509511 
0.0454774 -0.0075791 0.278649 
-0.0305155 -0.06773419999999999 -0.14422 
0.06369379999999999 -0.0992859 -0.183056 
-0.111143 -0.0832188 -0.120246 
0.0149674 -0.0699891 0.417958 
-0.0271478 -0.0818011  0.108 
-0.0171662 -0.0610904 0.352141 
0.0610506 -0.101238 -0.204856 
0.0336952 0.0683728 0.398197 
-0.0333019 0.199035 0.161559 
-0.108668 -0.135094 -0.0331409 
-0.035465 -0.155359 -0.095 
-0.022458 -0.0913914 -0.00200002 
-0.0260092 0.00337575  0.106 
0.0336549 0.0738399 0.392838 
0.018573 -0.0979177 -0.122896 
-0.0592131 -0.15737 -0.0732092 
-0.0175549 0.188147 0.172021 
-0.0161038 -0.164587 -0.036486 
-0.0522875 -0.168636 0.242968 
0.0272101 0.0818738 -0.116 
-0.0767456 -0.0683584 -0.043 
-0.0673424 -0.130667 0.07668560000000001 
-0.123306 0.0256246 0.06473429999999999 
0.00233481 -0.0747017 0.00630001 
-0.120306 -0.00678033 0.0388043 
-0.0675139 0.0903327 0.169028 
-0.0523198 0.169597 0.242854 
-0.0459432 0.07500560000000001 -0.08699 
-0.0127434 -0.0474536  0.106 
-0.0230053 0.178036 0.145579 
-0.0613793 -0.0861904 -0.257696 
0.0317995 0.16824 0.159198 
0.08077520000000001 0.07889069999999999  0.108 
-0.0247342 -0.0331185 0.286663 
0.0512516 0.0538818  0.108 
-0.0239178 -0.120556  0.012 
-0.0785096 -0.0234412 0.419898 
-0.0739548 -0.0980864 0.256553 
-0.119371 0.0887705 -0.096716 
-0.00163926 0.202625 0.176418 
0.0311413 -0.158566 -0.0618269 
0.0976495 -0.0134128 -0.0271561 
0.0122651 0.147565 -0.119955 
0.0166084 -0.120916  0.012 
-0.00688217 0.19366 0.234912 
0.0607855 0.175851 0.0228179 
-0.0286315 0.0393367 -0.0401719 
-0.013479 -0.136427 -0.0593032 
-0.119185 -0.10546 -0.027 
-0.00521405 -0.00524324 -4.6272e-08 
0.0347155 0.00415368 0.27655 
0.0622794 -0.0167556 0.0522 
-0.135098 0.021136 0.0832377 
-0.00150205 0.0665597 0.364237 
-0.0210276 -0.0822007  0.194 
0.112075 0.0553197 -0.0138163 
-0.0106964 0.202312 0.15142 
0.09181400000000001 -0.0211517 0.106817 
0.0189644 -0.0829044 -4.6272e-08 
0.0138783 0.07652050000000001 0.378702 
0.0420236 0.0633229 0.382234 
0.0109563 -0.0280998 -0.09185889999999999 
-0.0915183 0.158625 0.026225 
0.0218236 -0.0157646 -0.00200002 
-0.0400091 -0.0641048  0.192 
0.0556938 -0.0452247 0.0465555 
0.0142481 0.0903328 0.145783 
0.0400528 0.0712728 0.378982 
-0.0960753 0.13357 0.240188 
-0.00424563 -0.076643 0.380214 
-0.09716669999999999 0.113159  0.106 
-0.11824 -0.110963 0.190527 
-0.0853062 -3.33842e-05 0.186046 
0.0211142 0.010122  0.027 
0.0167745 -0.00531329 0.0140089 
-0.0313185 0.122926 -0.111 
3 630 164 317 
3 890 960 403 
3 142 890 403 
3 890 142 802 
3 100 976 157 
3 976 331 157 
3 468 630 317 
3 814 46 543 
3 14 100 157 
3 73 104 317 
3 485 73 317 
3 546 547 909 
3 547 546 517 
3 859 930 317 
3 104 859 317 
3 54 859 756 
3 859 73 756 
3 73 859 104 
3 571 166 810 
3 888 571 930 
3 571 826 930 
3 826 571 810 
3 826 749 930 
3 870 774 317 
3 774 468 317 
3 774 14 851 
3 14 774 814 
3 12 492 155 
3 156 712 416 
3 410 397 581 
3 142 313 802 
3 313 142 543 
3 361 219 358 
3 416 369 323 
3 313 475 358 
3 475 313 543 
3 475 361 358 
3 613 46 235 
3 46 613 543 
3 769 995 331 
3 976 769 331 
3 769 454 995 
3 960 769 403 
3 769 992 543 
3 769 142 403 
3 142 769 543 
3 46 162 235 
3 331 549 157 
3 549 14 157 
3 14 787 851 
3 787 774 851 
3 774 787 468 
3 468 787 630 
3 14 379 100 
3 379 14 814 
3 379 976 100 
3 379 814 976 
3 179 353 388 
3 179 73 485 
3 73 179 388 
3 353 179 346 
3 179 12 346 
3 12 179 164 
3 179 485 317 
3 164 179 317 
3 612 73 388 
3 353 612 388 
3 612 353 346 
3 12 287 346 
3 287 12 155 
3 995 287 331 
3 287 155 331 
3 546 529 517 
3 837 529 97 
3 529 547 517 
3 166 119 810 
3 119 166 857 
3 795 546 909 
3 848 795 909 
3 658 888 930 
3 859 658 930 
3 658 859 54 
3 677 166 571 
3 888 677 571 
3 166 677 857 
3 677 658 857 
3 658 677 888 
3 954 870 317 
3 954 749 870 
3 930 954 317 
3 749 954 930 
3 749 969 870 
3 280 492 630 
3 155 738 331 
3 738 492 331 
3 492 738 155 
3 933 12 164 
3 933 492 12 
3 933 164 630 
3 492 933 630 
3 454 336 995 
3 287 336 346 
3 336 287 995 
3 437 612 346 
3 612 437 97 
3 163 416 323 
3 156 163 323 
3 163 156 416 
3 197 156 323 
3 156 197 712 
3 547 406 909 
3 313 77 802 
3 77 313 358 
3 219 189 358 
3 189 219 980 
3 219 110 870 
3 870 110 235 
3 110 613 235 
3 613 110 543 
3 369 230 687 
3 230 369 416 
3 963 189 980 
3 856 369 687 
3 963 856 687 
3 769 66 992 
3 66 814 543 
3 992 66 543 
3 814 66 976 
3 66 769 976 
3 814 283 46 
3 283 162 46 
3 162 283 814 
3 352 162 814 
3 162 352 235 
3 275 549 331 
3 549 275 14 
3 73 727 756 
3 727 612 756 
3 612 727 73 
3 430 529 546 
3 430 54 756 
3 430 546 54 
3 612 430 756 
3 430 612 97 
3 529 430 97 
3 712 44 416 
3 44 322 416 
3 44 406 322 
3 429 795 848 
3 546 429 54 
3 795 429 546 
3 969 428 870 
3 428 856 963 
3 35 749 826 
3 414 960 890 
3 414 376 960 
3 376 414 410 
3 397 414 890 
3 410 414 397 
3 376 579 960 
3 579 376 437 
3 579 437 346 
3 497 969 749 
3 35 118 749 
3 82 406 581 
3 105 410 581 
3 406 105 581 
3 691 376 410 
3 437 691 97 
3 376 691 437 
3 516 77 687 
3 230 516 687 
3 790 77 358 
3 77 790 687 
3 189 790 358 
3 790 963 687 
3 963 790 189 
3 363 219 361 
3 363 110 219 
3 475 363 361 
3 417 475 543 
3 110 417 543 
3 417 363 475 
3 363 417 110 
3 322 96 416 
3 82 96 322 
3 745 774 870 
3 829 787 14 
3 275 829 14 
3 829 275 331 
3 492 829 331 
3 280 829 492 
3 787 829 630 
3 829 280 630 
3 635 44 712 
3 44 635 119 
3 119 635 810 
3 635 623 810 
3 623 635 768 
3 115 44 119 
3 115 119 909 
3 44 115 406 
3 406 115 909 
3 880 658 54 
3 429 880 54 
3 658 880 857 
3 880 119 857 
3 219 112 980 
3 112 963 980 
3 112 428 963 
3 112 219 870 
3 428 112 870 
3 428 828 856 
3 369 828 323 
3 856 828 369 
3 828 197 323 
3 623 535 810 
3 535 623 768 
3 535 826 810 
3 579 52 960 
3 52 769 960 
3 769 52 454 
3 52 579 346 
3 336 52 346 
3 52 336 454 
3 260 197 969 
3 497 260 969 
3 260 497 749 
3 118 260 749 
3 118 286 768 
3 286 118 35 
3 286 535 768 
3 286 35 826 
3 535 286 826 
3 406 604 322 
3 604 82 322 
3 82 604 406 
3 717 691 410 
3 717 837 97 
3 691 717 97 
3 105 717 410 
3 529 717 547 
3 717 529 837 
3 717 406 547 
3 717 105 406 
3 77 373 802 
3 516 373 77 
3 373 890 802 
3 373 397 890 
3 397 373 581 
3 636 96 82 
3 636 82 581 
3 636 230 416 
3 444 636 416 
3 237 870 235 
3 352 237 235 
3 774 445 814 
3 445 745 814 
3 745 445 774 
3 456 429 848 
3 456 880 429 
3 456 848 909 
3 119 456 909 
3 880 456 119 
3 713 428 969 
3 713 828 428 
3 197 713 969 
3 828 713 197 
3 211 260 118 
3 211 118 768 
3 211 635 712 
3 635 211 768 
3 396 516 230 
3 396 636 581 
3 636 396 230 
3 636 809 96 
3 809 636 444 
3 96 809 416 
3 809 444 416 
3 278 237 352 
3 278 352 814 
3 745 278 814 
3 278 745 870 
3 237 278 870 
3 260 344 197 
3 197 344 712 
3 28 373 516 
3 396 28 516 
3 373 28 581 
3 28 396 581 
3 211 302 260 
3 302 344 260 
3 5 302 211 
3 302 5 344 
3 5 211 712 
3 344 5 712 
Vertices and facets:
- p164(v27): -0.098 -0.13 -0.099
- p630(v12): -0.11 -0.11 -0.12
- p317(v5): -0.069 -0.12 -0.25
- p960(v37): -0.079 -0.023  0.42
- p890(v19): -0.063 -0.0048  0.47
- p403(v9): -0.086 0.0087  0.44
- p142(v43): -0.079 0.034  0.43
- p802(v17): -0.063 0.048  0.44
- p976(v48): -0.14 0.021 0.083
- p100(v23): -0.13  0.05 0.039
- p157(v0): -0.14 0.0069  0.07
- p331(v18): -0.13 -0.092  0.08
- p468(v49): -0.12 -0.055 -0.11
- p814(v50): -0.13  0.08 0.024
- p46(v47): -0.11  0.15 0.094
- p543(v21): -0.094  0.18  0.19
- p14(v51): -0.13 -0.012 0.027
- p73(v53): -0.023  -0.2 0.072
- p104(v28): 0.00053 -0.16 -0.086
- p485(v13): -0.067 -0.18 0.039
- p546(v55): 0.076 -0.19  0.17
- p547(v41): 0.055 -0.062  0.43
- p909(v8): 0.088 -0.17  0.15
- p517(v16):  0.06 -0.18  0.22
- p859(v56): 0.033 -0.15  -0.1
- p930(v15): 0.061  -0.1  -0.2
- p54(v29): 0.057 -0.19 0.065
- p756(v2):  0.02  -0.2 0.096
- p166(v59):  0.11 -0.08 -0.016
- p571(v31): 0.099 -0.058 -0.11
- p810(v1):  0.11 0.041 -0.025
- p888(v60): 0.096  -0.1 -0.072
- p826(v61):   0.1 0.026 -0.12
- p749(v62): 0.057  0.11 -0.23
- p774(v63): -0.12 0.056 -0.11
- p870(v33): -0.055  0.14 -0.24
- p851(v24): -0.12 0.016 -0.097
- p492(v64): -0.12 -0.12 -0.037
- p12(v54):  -0.1 -0.17  0.12
- p155(v36): -0.11 -0.15 0.093
- p156(v68): 0.091  0.13  0.19
- p712(v39):  0.11  0.12 0.067
- p416(v20): 0.075 0.041  0.42
- p410(v71): -0.02 -0.03  0.48
- p397(v38): -0.016 0.0095  0.48
- p581(v3): 0.0044 0.0082  0.48
- p313(v72): -0.089  0.19   0.2
- p219(v73): -0.039   0.2 0.084
- p361(v22): -0.055   0.2  0.11
- p358(v6): -0.064   0.2  0.16
- p369(v74): 0.044  0.19  0.22
- p323(v10): 0.065  0.18  0.18
- p475(v77): -0.073   0.2  0.15
- p613(v78):  -0.1  0.16 0.071
- p235(v11): -0.11  0.15 0.024
- p769(v80): -0.095 0.0043  0.41
- p995(v35): -0.12 -0.11  0.19
- p454(v66): -0.11 -0.13  0.22
- p992(v79): -0.096  0.13  0.24
- p162(v82): -0.12  0.13 0.011
- p549(v83): -0.13 -0.036 0.052
- p787(v84): -0.12 -0.07 -0.094
- p379(v85): -0.13 0.072 0.027
- p179(v86): -0.076 -0.18  0.05
- p353(v52): -0.081 -0.19  0.15
- p388(v26): -0.039  -0.2 0.087
- p346(v7): -0.095 -0.19  0.17
- p612(v87): -0.044  -0.2  0.19
- p287(v88):  -0.1 -0.18  0.15
- p529(v89): 0.031  -0.2  0.22
- p837(v70): 0.0036 -0.17  0.27
- p97(v34): -0.037  -0.2  0.23
- p119(v91):  0.11 -0.12 0.077
- p857(v57):  0.11 -0.11 0.022
- p795(v92):  0.08 -0.18  0.13
- p848(v58): 0.083 -0.18   0.1
- p658(v95):  0.09 -0.14 -0.012
- p677(v96):   0.1 -0.099 -0.053
- p954(v97): -0.061 -0.086 -0.26
- p969(v98): 0.061  0.18 0.023
- p280(v100): -0.12 -0.11 -0.038
- p738(v101): -0.12 -0.13 0.023
- p933(v102): -0.11 -0.14 -0.033
- p336(v103): -0.11 -0.15  0.18
- p437(v104): -0.06 -0.19  0.22
- p163(v106): 0.086  0.14   0.2
- p197(v107): 0.097  0.16 0.088
- p406(v108): 0.067 -0.015  0.45
- p77(v110): -0.066  0.19  0.23
- p189(v111): -0.031   0.2  0.15
- p980(v44): -0.011   0.2  0.15
- p110(v112): -0.076  0.19 0.054
- p230(v113): 0.027 0.059  0.45
- p687(v45): 0.012   0.2  0.23
- p963(v114): -0.0016   0.2  0.18
- p856(v115): 0.023   0.2  0.21
- p66(v116): -0.12   0.1 0.096
- p283(v117): -0.12  0.12 0.017
- p352(v118): -0.12  0.12 -0.027
- p275(v119): -0.13 -0.065 0.038
- p727(v120): -0.015  -0.2  0.12
- p430(v121): 0.031  -0.2  0.17
- p44(v122):  0.08 -0.0018  0.39
- p322(v69): 0.068 0.015  0.45
- p429(v123): 0.077 -0.18 0.095
- p428(v125): 0.038   0.2 0.087
- p35(v127): 0.094 0.075 -0.12
- p414(v128): -0.048 -0.017  0.47
- p376(v105): -0.044 -0.045  0.44
- p579(v129): -0.082 -0.18  0.22
- p497(v130): 0.083  0.15 -0.0092
- p118(v131): 0.098  0.12 -0.038
- p82(v132): 0.045 0.017  0.47
- p105(v133): 0.018 -0.03  0.46
- p691(v135): -0.017 -0.057  0.45
- p516(v136): -0.0026 0.068  0.45
- p790(v137): -0.014   0.2  0.22
- p363(v138): -0.071  0.19 0.097
- p417(v139): -0.076  0.19  0.14
- p96(v140): 0.066 0.023  0.45
- p745(v141): -0.12 0.097 -0.095
- p829(v143): -0.13 -0.083 0.037
- p635(v144):  0.11 0.098 0.038
- p623(v126):  0.11 0.085 -0.019
- p768(v99):  0.11 0.089 -0.028
- p115(v145):  0.08 -0.032  0.37
- p880(v146): 0.092 -0.16 0.037
- p112(v147): 0.021   0.2  0.08
- p828(v148):  0.06   0.2  0.15
- p535(v149):  0.11 0.074 -0.057
- p52(v150): -0.089 -0.17  0.21
- p260(v151): 0.098  0.15 0.059
- p286(v152):   0.1 0.077 -0.078
- p604(v153): 0.058 0.011  0.46
- p717(v154): 0.022 -0.065  0.45
- p373(v155): -0.017 0.048  0.47
- p636(v157): 0.043 0.043  0.46
- p444(v156): 0.069 0.038  0.43
- p237(v158): -0.11  0.13 -0.077
- p445(v159): -0.12 0.087 -0.092
- p456(v160): 0.092 -0.16 0.055
- p713(v161): 0.057  0.19 0.058
- p211(v162):  0.11  0.13 0.047
- p396(v163): 0.0021 0.059  0.46
- p809(v164):  0.07 0.034  0.43
- p278(v165): -0.12  0.11 -0.079
- p344(v166):   0.1  0.14 0.068
- p28(v167): -0.00055 0.058  0.46
- p302(v168):   0.1  0.14 0.054
- p5(v169):   0.1  0.14  0.06
- f107
    - flags: bottom simplicial
    - normal:   -0.7404  -0.6393  -0.2077
    - offset: -0.1790436
    - vertices: p164(v27) p630(v12) p317(v5)
    - neighboring facets: f211 f409 f490
- f153
    - flags: bottom simplicial
    - normal:   -0.8139  -0.3847   0.4355
    - offset: -0.2557649
    - vertices: p960(v37) p890(v19) p403(v9)
    - neighboring facets: f182 f373 f621
- f182
    - flags: top simplicial
    - normal:   -0.7047   0.2819   0.6511
    - offset: -0.3460967
    - vertices: p142(v43) p890(v19) p403(v9)
    - neighboring facets: f153 f378 f183
- f183
    - flags: bottom simplicial
    - normal:   -0.5814   0.3884   0.7149
    - offset: -0.3675347
    - vertices: p142(v43) p890(v19) p802(v17)
    - neighboring facets: f760 f331 f182
- f204
    - flags: bottom simplicial
    - normal:   -0.9999 0.009528 -0.008351
    - offset: -0.1345934
    - vertices: p976(v48) p100(v23) p157(v0)
    - neighboring facets: f223 f205 f400
- f205
    - flags: top simplicial
    - normal:   -0.9998 -0.01395  0.01734
    - offset: -0.1362126
    - vertices: p976(v48) p331(v18) p157(v0)
    - neighboring facets: f389 f204 f371
- f211
    - flags: top simplicial
    - normal:   -0.9426 -0.04289   -0.331
    - offset: -0.1517152
    - vertices: p468(v49) p630(v12) p317(v5)
    - neighboring facets: f107 f291 f395
- f220
    - flags: top simplicial
    - normal:   -0.9701   0.2248   0.0919
    - offset: -0.1497264
    - vertices: p814(v50) p46(v47) p543(v21)
    - neighboring facets: f363 f566 f570
- f223
    - flags: top simplicial
    - normal:   -0.9999 0.007136 -0.01162
    - offset: -0.1343454
    - vertices: p14(v51) p100(v23) p157(v0)
    - neighboring facets: f204 f390 f398
- f236
    - flags: top simplicial
    - normal:  -5.322e-05  -0.9714  -0.2375
    - offset: -0.1754777
    - vertices: p73(v53) p104(v28) p317(v5)
    - neighboring facets: f251 f237 f254
- f237
    - flags: bottom simplicial
    - normal:   -0.1477  -0.9654   -0.215
    - offset: -0.1793292
    - vertices: p73(v53) p485(v13) p317(v5)
    - neighboring facets: f408 f236 f403
- f244
    - flags: top simplicial
    - normal:    0.9032  -0.3532   0.2439
    - offset:  -0.175828
    - vertices: p546(v55) p547(v41) p909(v8)
    - neighboring facets: f520 f443 f245
- f245
    - flags: bottom simplicial
    - normal:    0.7236  -0.5972    0.346
    - offset: -0.2248473
    - vertices: p546(v55) p547(v41) p517(v16)
    - neighboring facets: f424 f421 f244
- f250
    - flags: top simplicial
    - normal:    0.2556  -0.8863  -0.3863
    - offset: -0.1844582
    - vertices: p859(v56) p930(v15) p317(v5)
    - neighboring facets: f468 f251 f459
- f251
    - flags: bottom simplicial
    - normal:   0.03957  -0.9666  -0.2533
    - offset: -0.1760977
    - vertices: p859(v56) p104(v28) p317(v5)
    - neighboring facets: f236 f250 f254
- f252
    - flags: bottom simplicial
    - normal:    0.1108  -0.9689  -0.2211
    - offset: -0.1755053
    - vertices: p859(v56) p54(v29) p756(v2)
    - neighboring facets: f586 f253 f460
- f253
    - flags: top simplicial
    - normal:   0.06876  -0.9721  -0.2245
    - offset: -0.1749467
    - vertices: p859(v56) p73(v53) p756(v2)
    - neighboring facets: f582 f252 f254
- f254
    - flags: bottom simplicial
    - normal:   0.05222  -0.9718  -0.2297
    - offset:  -0.174911
    - vertices: p859(v56) p73(v53) p104(v28)
    - neighboring facets: f236 f251 f253
- f269
    - flags: bottom simplicial
    - normal:    0.9888 -0.03516  -0.1451
    - offset:  -0.115695
    - vertices: p166(v59) p571(v31) p810(v1)
    - neighboring facets: f280 f436 f461
- f274
    - flags: top simplicial
    - normal:    0.9262  -0.2916  -0.2391
    - offset: -0.1350546
    - vertices: p888(v60) p571(v31) p930(v15)
    - neighboring facets: f278 f454 f462
- f278
    - flags: bottom simplicial
    - normal:    0.9322  -0.0331  -0.3605
    - offset: -0.1341063
    - vertices: p826(v61) p571(v31) p930(v15)
    - neighboring facets: f274 f285 f280
- f280
    - flags: top simplicial
    - normal:    0.9873  -0.0242  -0.1573
    - offset: -0.1162672
    - vertices: p826(v61) p571(v31) p810(v1)
    - neighboring facets: f269 f728 f278
- f285
    - flags: bottom simplicial
    - normal:    0.9301 -0.02852  -0.3662
    - offset: -0.1346798
    - vertices: p749(v62) p826(v61) p930(v15)
    - neighboring facets: f278 f469 f617
- f290
    - flags: bottom simplicial
    - normal:   -0.9031  0.05514  -0.4259
    - offset: -0.1606611
    - vertices: p774(v63) p870(v33) p317(v5)
    - neighboring facets: f466 f291 f683
- f291
    - flags: top simplicial
    - normal:   -0.9404 -0.02378  -0.3392
    - offset: -0.1512898
    - vertices: p774(v63) p468(v49) p317(v5)
    - neighboring facets: f211 f290 f394
- f293
    - flags: top simplicial
    - normal:   -0.9959 -0.003926 -0.09056
    - offset: -0.1318024
    - vertices: p774(v63) p14(v51) p851(v24)
    - neighboring facets: f392 f393 f294
- f294
    - flags: bottom simplicial
    - normal:   -0.9964  0.01015 -0.08363
    - offset: -0.1318918
    - vertices: p774(v63) p14(v51) p814(v50)
    - neighboring facets: f399 f778 f293
- f299
    - flags: bottom simplicial
    - normal:   -0.8343  -0.5432 -0.09424
    - offset: -0.1681009
    - vertices: p492(v64) p12(v54) p155(v36)
    - neighboring facets: f417 f487 f489
- f315
    - flags: top simplicial
    - normal:    0.9776   0.1626   0.1339
    - offset: -0.1356599
    - vertices: p156(v68) p712(v39) p416(v20)
    - neighboring facets: f591 f510 f512
- f326
    - flags: top simplicial
    - normal:   -0.1302 -0.06368   0.9894
    - offset: -0.4784092
    - vertices: p410(v71) p397(v38) p581(v3)
    - neighboring facets: f762 f647 f625
- f331
    - flags: bottom simplicial
    - normal:   -0.6827   0.5959   0.4229
    - offset: -0.2563258
    - vertices: p313(v72) p142(v43) p802(v17)
    - neighboring facets: f183 f529 f332
- f332
    - flags: top simplicial
    - normal:   -0.8217   0.4582   0.3389
    - offset: -0.2263738
    - vertices: p313(v72) p142(v43) p543(v21)
    - neighboring facets: f379 f359 f331
- f336
    - flags: bottom simplicial
    - normal:   -0.2342   0.9705 -0.05705
    - offset: -0.1981521
    - vertices: p219(v73) p361(v22) p358(v6)
    - neighboring facets: f360 f534 f671
- f344
    - flags: bottom simplicial
    - normal:    0.7661   0.5632   0.3096
    - offset: -0.2095896
    - vertices: p369(v74) p416(v20) p323(v10)
    - neighboring facets: f508 f720 f546
- f358
    - flags: bottom simplicial
    - normal:    -0.312   0.9457  0.09171
    - offset: -0.2213249
    - vertices: p475(v77) p313(v72) p358(v6)
    - neighboring facets: f533 f360 f359
- f359
    - flags: top simplicial
    - normal:   -0.4627   0.8861  0.02782
    - offset: -0.2109125
    - vertices: p475(v77) p313(v72) p543(v21)
    - neighboring facets: f332 f675 f358
- f360
    - flags: top simplicial
    - normal:   -0.2613   0.9633 -0.06201
    - offset: -0.1976676
    - vertices: p475(v77) p361(v22) p358(v6)
    - neighboring facets: f336 f358 f673
- f362
    - flags: top simplicial
    - normal:   -0.8067    0.588 -0.05872
    - offset: -0.1728437
    - vertices: p613(v78) p46(v47) p235(v11)
    - neighboring facets: f384 f541 f363
- f363
    - flags: bottom simplicial
    - normal:   -0.7985   0.5997 -0.05315
    - offset: -0.1742305
    - vertices: p613(v78) p46(v47) p543(v21)
    - neighboring facets: f220 f543 f362
- f370
    - flags: top simplicial
    - normal:   -0.9905 -0.04602   0.1292
    - offset: -0.1468538
    - vertices: p769(v80) p995(v35) p331(v18)
    - neighboring facets: f419 f371 f372
- f371
    - flags: bottom simplicial
    - normal:   -0.9925 -0.01698    0.121
    - offset: -0.1437984
    - vertices: p769(v80) p976(v48) p331(v18)
    - neighboring facets: f205 f370 f569
- f372
    - flags: top simplicial
    - normal:   -0.9252   -0.286   0.2495
    - offset: -0.1886651
    - vertices: p769(v80) p454(v66) p995(v35)
    - neighboring facets: f493 f370 f732
- f373
    - flags: bottom simplicial
    - normal:    -0.858   -0.361   0.3654
    - offset: -0.2292579
    - vertices: p769(v80) p960(v37) p403(v9)
    - neighboring facets: f153 f378 f731
- f375
    - flags: top simplicial
    - normal:   -0.9685   0.1949    0.155
    - offset:  -0.156319
    - vertices: p769(v80) p992(v79) p543(v21)
    - neighboring facets: f567 f379 f565
- f378
    - flags: top simplicial
    - normal:   -0.9148   0.2914   0.2796
    - offset: -0.2024749
    - vertices: p769(v80) p142(v43) p403(v9)
    - neighboring facets: f182 f373 f379
- f379
    - flags: bottom simplicial
    - normal:   -0.9153   0.3128   0.2536
    - offset: -0.1919952
    - vertices: p769(v80) p142(v43) p543(v21)
    - neighboring facets: f332 f375 f378
- f384
    - flags: bottom simplicial
    - normal:   -0.8537   0.5174 -0.05952
    - offset: -0.1672031
    - vertices: p162(v82) p46(v47) p235(v11)
    - neighboring facets: f362 f577 f571
- f389
    - flags: bottom simplicial
    - normal:   -0.9998  -0.0142  0.01486
    - offset:  -0.136042
    - vertices: p549(v83) p331(v18) p157(v0)
    - neighboring facets: f205 f390 f578
- f390
    - flags: top simplicial
    - normal:        -1 -0.004987 -0.006214
    - offset: -0.1346501
    - vertices: p549(v83) p14(v51) p157(v0)
    - neighboring facets: f223 f389 f579
- f392
    - flags: bottom simplicial
    - normal:   -0.9956 -0.01294 -0.09262
    - offset: -0.1318221
    - vertices: p787(v84) p14(v51) p851(v24)
    - neighboring facets: f293 f393 f690
- f393
    - flags: top simplicial
    - normal:   -0.9926 -0.01384  -0.1206
    - offset: -0.1341572
    - vertices: p787(v84) p774(v63) p851(v24)
    - neighboring facets: f293 f392 f394
- f394
    - flags: bottom simplicial
    - normal:   -0.9801 -0.02338  -0.1971
    - offset: -0.1405172
    - vertices: p787(v84) p774(v63) p468(v49)
    - neighboring facets: f291 f395 f393
- f395
    - flags: bottom simplicial
    - normal:   -0.9686 -0.06594  -0.2398
    - offset: -0.1461347
    - vertices: p787(v84) p468(v49) p630(v12)
    - neighboring facets: f211 f695 f394
- f398
    - flags: bottom simplicial
    - normal:   -0.9994  0.01095 -0.03168
    - offset: -0.1336919
    - vertices: p379(v85) p14(v51) p100(v23)
    - neighboring facets: f223 f400 f399
- f399
    - flags: top simplicial
    - normal:   -0.9981  0.01097 -0.06027
    - offset: -0.1327402
    - vertices: p379(v85) p14(v51) p814(v50)
    - neighboring facets: f294 f401 f398
- f400
    - flags: top simplicial
    - normal:   -0.9995  0.03053 0.005199
    - offset: -0.1361112
    - vertices: p379(v85) p976(v48) p100(v23)
    - neighboring facets: f204 f398 f401
- f401
    - flags: top simplicial
    - normal:   -0.9991  0.04097  0.01464
    - offset: -0.1370544
    - vertices: p379(v85) p814(v50) p976(v48)
    - neighboring facets: f568 f400 f399
- f402
    - flags: top simplicial
    - normal:   -0.2606  -0.9626 -0.07359
    - offset:  -0.192902
    - vertices: p179(v86) p353(v52) p388(v26)
    - neighboring facets: f411 f404 f405
- f403
    - flags: top simplicial
    - normal:   -0.2158  -0.9686  -0.1237
    - offset:  -0.188089
    - vertices: p179(v86) p73(v53) p485(v13)
    - neighboring facets: f237 f408 f404
- f404
    - flags: bottom simplicial
    - normal:   -0.2181  -0.9687  -0.1184
    - offset: -0.1885611
    - vertices: p179(v86) p73(v53) p388(v26)
    - neighboring facets: f410 f402 f403
- f405
    - flags: bottom simplicial
    - normal:   -0.4344  -0.8973 -0.07844
    - offset: -0.1939018
    - vertices: p179(v86) p353(v52) p346(v7)
    - neighboring facets: f415 f406 f402
- f406
    - flags: top simplicial
    - normal:   -0.6329  -0.7668  -0.1071
    - offset: -0.1836369
    - vertices: p179(v86) p12(v54) p346(v7)
    - neighboring facets: f416 f405 f407
- f407
    - flags: bottom simplicial
    - normal:    -0.681  -0.7192  -0.1376
    - offset: -0.1770544
    - vertices: p179(v86) p12(v54) p164(v27)
    - neighboring facets: f488 f409 f406
- f408
    - flags: top simplicial
    - normal:    -0.311  -0.9278  -0.2059
    - offset:  -0.183787
    - vertices: p179(v86) p485(v13) p317(v5)
    - neighboring facets: f237 f409 f403
- f409
    - flags: bottom simplicial
    - normal:   -0.5524  -0.8123  -0.1873
    - offset: -0.1818773
    - vertices: p179(v86) p164(v27) p317(v5)
    - neighboring facets: f107 f408 f407
- f410
    - flags: top simplicial
    - normal:   -0.1556  -0.9866 -0.04851
    - offset: -0.1956783
    - vertices: p612(v87) p73(v53) p388(v26)
    - neighboring facets: f404 f411 f584
- f411
    - flags: bottom simplicial
    - normal:   -0.2288  -0.9721  -0.0516
    - offset: -0.1954201
    - vertices: p612(v87) p353(v52) p388(v26)
    - neighboring facets: f402 f410 f415
- f415
    - flags: top simplicial
    - normal:    -0.298  -0.9544  0.01691
    - offset: -0.2079872
    - vertices: p612(v87) p353(v52) p346(v7)
    - neighboring facets: f405 f499 f411
- f416
    - flags: bottom simplicial
    - normal:   -0.6541  -0.7499 -0.09928
    - offset: -0.1838728
    - vertices: p287(v88) p12(v54) p346(v7)
    - neighboring facets: f406 f494 f417
- f417
    - flags: top simplicial
    - normal:   -0.8554  -0.5145  -0.0591
    - offset:  -0.169482
    - vertices: p287(v88) p12(v54) p155(v36)
    - neighboring facets: f299 f420 f416
- f419
    - flags: bottom simplicial
    - normal:   -0.9578  -0.2746  0.08467
    - offset: -0.1598558
    - vertices: p287(v88) p995(v35) p331(v18)
    - neighboring facets: f370 f420 f495
- f420
    - flags: top simplicial
    - normal:   -0.9513  -0.3046  0.04728
    - offset: -0.1587448
    - vertices: p287(v88) p155(v36) p331(v18)
    - neighboring facets: f485 f419 f417
- f421
    - flags: bottom simplicial
    - normal:    0.5497  -0.7701   0.3237
    - offset: -0.2398905
    - vertices: p529(v89) p546(v55) p517(v16)
    - neighboring facets: f245 f424 f585
- f422
    - flags: bottom simplicial
    - normal:   0.06732  -0.8995   0.4318
    - offset: -0.2741769
    - vertices: p529(v89) p837(v70) p97(v34)
    - neighboring facets: f751 f590 f755
- f424
    - flags: top simplicial
    - normal:    0.5362  -0.7345    0.416
    - offset: -0.2530321
    - vertices: p529(v89) p547(v41) p517(v16)
    - neighboring facets: f245 f421 f754
- f436
    - flags: bottom simplicial
    - normal:    0.9997 -0.02424 0.007402
    - offset: -0.1136458
    - vertices: p119(v91) p166(v59) p810(v1)
    - neighboring facets: f269 f699 f437
- f437
    - flags: top simplicial
    - normal:    0.9971 -0.07474  -0.0144
    - offset: -0.1177516
    - vertices: p119(v91) p166(v59) p857(v57)
    - neighboring facets: f463 f713 f436
- f443
    - flags: top simplicial
    - normal:    0.8191  -0.5736  0.01321
    - offset: -0.1710251
    - vertices: p795(v92) p546(v55) p909(v8)
    - neighboring facets: f244 f444 f601
- f444
    - flags: bottom simplicial
    - normal:    0.8459  -0.5332 -0.01302
    - offset: -0.1625616
    - vertices: p795(v92) p848(v58) p909(v8)
    - neighboring facets: f783 f443 f597
- f454
    - flags: top simplicial
    - normal:    0.8739  -0.4315  -0.2238
    - offset: -0.1428888
    - vertices: p658(v95) p888(v60) p930(v15)
    - neighboring facets: f274 f459 f465
- f459
    - flags: bottom simplicial
    - normal:    0.5629  -0.7875   -0.251
    - offset: -0.1655121
    - vertices: p658(v95) p859(v56) p930(v15)
    - neighboring facets: f250 f454 f460
- f460
    - flags: top simplicial
    - normal:    0.5589  -0.7913   -0.248
    - offset: -0.1656534
    - vertices: p658(v95) p859(v56) p54(v29)
    - neighboring facets: f252 f708 f459
- f461
    - flags: top simplicial
    - normal:    0.9589  -0.2176  -0.1821
    - offset: -0.1275679
    - vertices: p677(v96) p166(v59) p571(v31)
    - neighboring facets: f269 f462 f463
- f462
    - flags: bottom simplicial
    - normal:    0.9369  -0.2725  -0.2189
    - offset: -0.1327299
    - vertices: p677(v96) p888(v60) p571(v31)
    - neighboring facets: f274 f461 f465
- f463
    - flags: bottom simplicial
    - normal:    0.9498  -0.2733  -0.1525
    - offset: -0.1305521
    - vertices: p677(v96) p166(v59) p857(v57)
    - neighboring facets: f437 f464 f461
- f464
    - flags: top simplicial
    - normal:    0.9175  -0.3651  -0.1577
    - offset: -0.1366359
    - vertices: p677(v96) p658(v95) p857(v57)
    - neighboring facets: f710 f463 f465
- f465
    - flags: bottom simplicial
    - normal:    0.8944  -0.4002  -0.1999
    - offset: -0.1400162
    - vertices: p677(v96) p658(v95) p888(v60)
    - neighboring facets: f454 f462 f464
- f466
    - flags: top simplicial
    - normal:   -0.8952  0.05512  -0.4423
    - offset: -0.1641705
    - vertices: p954(v97) p870(v33) p317(v5)
    - neighboring facets: f290 f468 f467
- f467
    - flags: top simplicial
    - normal:    0.1021  0.06914  -0.9924
    - offset: -0.2435062
    - vertices: p954(v97) p749(v62) p870(v33)
    - neighboring facets: f470 f466 f469
- f468
    - flags: bottom simplicial
    - normal:    0.3362  -0.3436  -0.8769
    - offset: -0.2349426
    - vertices: p954(v97) p930(v15) p317(v5)
    - neighboring facets: f250 f466 f469
- f469
    - flags: bottom simplicial
    - normal:    0.3825  -0.1095  -0.9174
    - offset: -0.2223794
    - vertices: p954(v97) p749(v62) p930(v15)
    - neighboring facets: f285 f468 f467
- f470
    - flags: bottom simplicial
    - normal:       0.3   0.9228  -0.2417
    - offset: -0.1749946
    - vertices: p969(v98) p749(v62) p870(v33)
    - neighboring facets: f467 f608 f631
- f481
    - flags: top simplicial
    - normal:   -0.9607  -0.2637  -0.0864
    - offset: -0.1483032
    - vertices: p280(v100) p492(v64) p630(v12)
    - neighboring facets: f491 f696 f694
- f485
    - flags: bottom simplicial
    - normal:   -0.9463  -0.3215 -0.03296
    - offset: -0.1532226
    - vertices: p738(v101) p155(v36) p331(v18)
    - neighboring facets: f420 f486 f487
- f486
    - flags: top simplicial
    - normal:   -0.9542  -0.2942   -0.054
    - offset: -0.1500967
    - vertices: p738(v101) p492(v64) p331(v18)
    - neighboring facets: f693 f485 f487
- f487
    - flags: bottom simplicial
    - normal:   -0.8888  -0.4523 -0.07355
    - offset: -0.1625732
    - vertices: p738(v101) p492(v64) p155(v36)
    - neighboring facets: f299 f485 f486
- f488
    - flags: top simplicial
    - normal:   -0.7498  -0.6491   -0.128
    - offset: -0.1734182
    - vertices: p933(v102) p12(v54) p164(v27)
    - neighboring facets: f407 f490 f489
- f489
    - flags: top simplicial
    - normal:   -0.7939  -0.5972  -0.1145
    - offset: -0.1707419
    - vertices: p933(v102) p492(v64) p12(v54)
    - neighboring facets: f299 f488 f491
- f490
    - flags: top simplicial
    - normal:   -0.7868  -0.6025  -0.1336
    - offset: -0.1713292
    - vertices: p933(v102) p164(v27) p630(v12)
    - neighboring facets: f107 f491 f488
- f491
    - flags: bottom simplicial
    - normal:   -0.7893  -0.5995  -0.1326
    - offset: -0.1711564
    - vertices: p933(v102) p492(v64) p630(v12)
    - neighboring facets: f481 f490 f489
- f493
    - flags: bottom simplicial
    - normal:   -0.9196  -0.3179   0.2308
    - offset:  -0.187975
    - vertices: p336(v103) p454(v66) p995(v35)
    - neighboring facets: f372 f495 f735
- f494
    - flags: bottom simplicial
    - normal:    -0.911  -0.3673   0.1875
    - offset: -0.1869321
    - vertices: p336(v103) p287(v88) p346(v7)
    - neighboring facets: f416 f734 f495
- f495
    - flags: top simplicial
    - normal:   -0.9547  -0.2812  0.09693
    - offset: -0.1625578
    - vertices: p336(v103) p287(v88) p995(v35)
    - neighboring facets: f419 f493 f494
- f499
    - flags: top simplicial
    - normal:   -0.3174  -0.9449   0.0803
    - offset:  -0.219009
    - vertices: p437(v104) p612(v87) p346(v7)
    - neighboring facets: f415 f628 f500
- f500
    - flags: bottom simplicial
    - normal:   -0.2622  -0.9585    0.112
    - offset: -0.2253286
    - vertices: p437(v104) p612(v87) p97(v34)
    - neighboring facets: f589 f658 f499
- f508
    - flags: top simplicial
    - normal:    0.8533   0.4607   0.2444
    - offset: -0.1846871
    - vertices: p163(v106) p416(v20) p323(v10)
    - neighboring facets: f344 f509 f510
- f509
    - flags: bottom simplicial
    - normal:     0.868   0.4524   0.2047
    - offset: -0.1770269
    - vertices: p163(v106) p156(v68) p323(v10)
    - neighboring facets: f511 f508 f510
- f510
    - flags: top simplicial
    - normal:    0.8726   0.4298   0.2321
    - offset: -0.1797309
    - vertices: p163(v106) p156(v68) p416(v20)
    - neighboring facets: f315 f508 f509
- f511
    - flags: top simplicial
    - normal:    0.8783   0.4485   0.1656
    - offset: -0.1699788
    - vertices: p197(v107) p156(v68) p323(v10)
    - neighboring facets: f509 f722 f512
- f512
    - flags: bottom simplicial
    - normal:    0.9542   0.2723   0.1241
    - offset: -0.1459498
    - vertices: p197(v107) p156(v68) p712(v39)
    - neighboring facets: f315 f812 f511
- f520
    - flags: bottom simplicial
    - normal:    0.9185  -0.3198   0.2327
    - offset: -0.1698099
    - vertices: p406(v108) p547(v41) p909(v8)
    - neighboring facets: f244 f706 f756
- f529
    - flags: bottom simplicial
    - normal:   -0.6644   0.6114   0.4298
    - offset: -0.2589632
    - vertices: p77(v110) p313(v72) p802(v17)
    - neighboring facets: f331 f758 f533
- f533
    - flags: top simplicial
    - normal:   -0.2763   0.9542   0.1143
    - offset:  -0.224278
    - vertices: p77(v110) p313(v72) p358(v6)
    - neighboring facets: f358 f666 f529
- f534
    - flags: bottom simplicial
    - normal:   -0.1189   0.9928 -0.01695
    - offset: -0.2014693
    - vertices: p189(v111) p219(v73) p358(v6)
    - neighboring facets: f336 f668 f535
- f535
    - flags: top simplicial
    - normal:   -0.0231   0.9993 -0.02875
    - offset: -0.1980684
    - vertices: p189(v111) p219(v73) p980(v44)
    - neighboring facets: f714 f554 f534
- f538
    - flags: bottom simplicial
    - normal:   -0.2383   0.9594  -0.1509
    - offset: -0.1882335
    - vertices: p110(v112) p219(v73) p870(v33)
    - neighboring facets: f717 f539 f672
- f539
    - flags: bottom simplicial
    - normal:   -0.6836   0.7149  -0.1471
    - offset: -0.1766528
    - vertices: p110(v112) p870(v33) p235(v11)
    - neighboring facets: f776 f541 f538
- f541
    - flags: top simplicial
    - normal:   -0.7187   0.6906 -0.08131
    - offset: -0.1783392
    - vertices: p110(v112) p613(v78) p235(v11)
    - neighboring facets: f362 f539 f543
- f543
    - flags: bottom simplicial
    - normal:    -0.718   0.6916 -0.07844
    - offset: -0.1786376
    - vertices: p110(v112) p613(v78) p543(v21)
    - neighboring facets: f363 f676 f541
- f545
    - flags: bottom simplicial
    - normal:    0.3459   0.8069   0.4788
    - offset: -0.2749266
    - vertices: p230(v113) p369(v74) p687(v45)
    - neighboring facets: f558 f663 f546
- f546
    - flags: top simplicial
    - normal:    0.5973   0.6796   0.4258
    - offset: -0.2501386
    - vertices: p230(v113) p369(v74) p416(v20)
    - neighboring facets: f344 f772 f545
- f554
    - flags: top simplicial
    - normal:  -0.02705   0.9996 -0.002715
    - offset: -0.2021155
    - vertices: p963(v114) p189(v111) p980(v44)
    - neighboring facets: f535 f715 f670
- f558
    - flags: top simplicial
    - normal:    0.3619   0.8769   0.3165
    - offset: -0.2524582
    - vertices: p856(v115) p369(v74) p687(v45)
    - neighboring facets: f545 f559 f721
- f559
    - flags: bottom simplicial
    - normal:   0.02318   0.9995  0.02027
    - offset: -0.2060664
    - vertices: p856(v115) p963(v114) p687(v45)
    - neighboring facets: f669 f558 f610
- f565
    - flags: bottom simplicial
    - normal:   -0.9776   0.1644   0.1315
    - offset: -0.1474718
    - vertices: p66(v116) p769(v80) p992(v79)
    - neighboring facets: f375 f567 f569
- f566
    - flags: top simplicial
    - normal:   -0.9748   0.1926   0.1126
    - offset: -0.1482779
    - vertices: p66(v116) p814(v50) p543(v21)
    - neighboring facets: f220 f567 f568
- f567
    - flags: bottom simplicial
    - normal:   -0.9766   0.1717   0.1299
    - offset: -0.1479562
    - vertices: p66(v116) p992(v79) p543(v21)
    - neighboring facets: f375 f566 f565
- f568
    - flags: bottom simplicial
    - normal:   -0.9799   0.1538    0.127
    - offset: -0.1462029
    - vertices: p66(v116) p814(v50) p976(v48)
    - neighboring facets: f401 f569 f566
- f569
    - flags: top simplicial
    - normal:   -0.9798   0.1536   0.1283
    - offset: -0.1462875
    - vertices: p66(v116) p769(v80) p976(v48)
    - neighboring facets: f371 f568 f565
- f570
    - flags: bottom simplicial
    - normal:   -0.9549   0.2967  0.01252
    - offset: -0.1515465
    - vertices: p283(v117) p814(v50) p46(v47)
    - neighboring facets: f220 f571 f572
- f571
    - flags: top simplicial
    - normal:   -0.9531   0.3026 0.009424
    - offset: -0.1519492
    - vertices: p283(v117) p162(v82) p46(v47)
    - neighboring facets: f384 f570 f572
- f572
    - flags: bottom simplicial
    - normal:   -0.9562   0.2925 -0.01267
    - offset: -0.1507806
    - vertices: p283(v117) p162(v82) p814(v50)
    - neighboring facets: f574 f570 f571
- f574
    - flags: top simplicial
    - normal:   -0.9575   0.2855 -0.04005
    - offset: -0.1497486
    - vertices: p352(v118) p162(v82) p814(v50)
    - neighboring facets: f572 f806 f577
- f577
    - flags: bottom simplicial
    - normal:   -0.8424   0.5312 -0.09035
    - offset: -0.1673262
    - vertices: p352(v118) p162(v82) p235(v11)
    - neighboring facets: f384 f777 f574
- f578
    - flags: top simplicial
    - normal:   -0.9997 -0.02269 -0.00202
    - offset: -0.1354657
    - vertices: p275(v119) p549(v83) p331(v18)
    - neighboring facets: f389 f692 f579
- f579
    - flags: bottom simplicial
    - normal:   -0.9997  -0.0159 -0.01652
    - offset:  -0.134475
    - vertices: p275(v119) p549(v83) p14(v51)
    - neighboring facets: f390 f691 f578
- f582
    - flags: bottom simplicial
    - normal:   -0.0348  -0.9985 -0.04128
    - offset: -0.1957573
    - vertices: p727(v120) p73(v53) p756(v2)
    - neighboring facets: f253 f583 f584
- f583
    - flags: top simplicial
    - normal:  -0.01303  -0.9999 -0.008643
    - offset:  -0.199609
    - vertices: p727(v120) p612(v87) p756(v2)
    - neighboring facets: f588 f582 f584
- f584
    - flags: bottom simplicial
    - normal:  -0.07587  -0.9965  -0.0345
    - offset: -0.1967964
    - vertices: p727(v120) p612(v87) p73(v53)
    - neighboring facets: f410 f582 f583
- f585
    - flags: top simplicial
    - normal:    0.3096  -0.9473  0.08254
    - offset: -0.2134179
    - vertices: p430(v121) p529(v89) p546(v55)
    - neighboring facets: f421 f587 f590
- f586
    - flags: top simplicial
    - normal:     0.262  -0.9643 -0.03926
    - offset: -0.1951418
    - vertices: p430(v121) p54(v29) p756(v2)
    - neighboring facets: f252 f588 f587
- f587
    - flags: top simplicial
    - normal:    0.3199  -0.9472 -0.02237
    - offset: -0.1963131
    - vertices: p430(v121) p546(v55) p54(v29)
    - neighboring facets: f600 f586 f585
- f588
    - flags: bottom simplicial
    - normal:  0.000129       -1 0.000396
    - offset: -0.2007717
    - vertices: p430(v121) p612(v87) p756(v2)
    - neighboring facets: f583 f586 f589
- f589
    - flags: top simplicial
    - normal:   0.01818  -0.9983  0.05582
    - offset: -0.2101816
    - vertices: p430(v121) p612(v87) p97(v34)
    - neighboring facets: f500 f590 f588
- f590
    - flags: bottom simplicial
    - normal:   0.04727   -0.995  0.08784
    - offset: -0.2157424
    - vertices: p430(v121) p529(v89) p97(v34)
    - neighboring facets: f422 f589 f585
- f591
    - flags: bottom simplicial
    - normal:     0.992  0.05904   0.1112
    - offset: -0.1229696
    - vertices: p44(v122) p712(v39) p416(v20)
    - neighboring facets: f315 f593 f697
- f593
    - flags: top simplicial
    - normal:    0.9786 -0.0005271    0.206
    - offset: -0.1589677
    - vertices: p44(v122) p322(v69) p416(v20)
    - neighboring facets: f679 f591 f594
- f594
    - flags: top simplicial
    - normal:    0.9732 -0.06091   0.2219
    - offset: -0.1648721
    - vertices: p44(v122) p406(v108) p322(v69)
    - neighboring facets: f747 f593 f705
- f597
    - flags: top simplicial
    - normal:    0.6945  -0.7172 -0.05753
    - offset:  -0.177922
    - vertices: p429(v123) p795(v92) p848(v58)
    - neighboring facets: f444 f781 f601
- f600
    - flags: bottom simplicial
    - normal:    0.4417   -0.896 -0.04639
    - offset: -0.1919847
    - vertices: p429(v123) p546(v55) p54(v29)
    - neighboring facets: f587 f709 f601
- f601
    - flags: bottom simplicial
    - normal:    0.5721  -0.8192 -0.04085
    - offset: -0.1886028
    - vertices: p429(v123) p795(v92) p546(v55)
    - neighboring facets: f443 f600 f597
- f608
    - flags: bottom simplicial
    - normal:    0.2842   0.9294  -0.2356
    - offset: -0.1753325
    - vertices: p428(v125) p969(v98) p870(v33)
    - neighboring facets: f470 f718 f786
- f610
    - flags: top simplicial
    - normal:   0.06861   0.9976 -0.01055
    - offset: -0.2001632
    - vertices: p428(v125) p856(v115) p963(v114)
    - neighboring facets: f559 f716 f719
- f617
    - flags: top simplicial
    - normal:    0.9537  0.09447  -0.2857
    - offset: -0.1309373
    - vertices: p35(v127) p749(v62) p826(v61)
    - neighboring facets: f285 f745 f639
- f621
    - flags: top simplicial
    - normal:   -0.6858   -0.561   0.4637
    - offset: -0.2617025
    - vertices: p414(v128) p960(v37) p890(v19)
    - neighboring facets: f153 f624 f622
- f622
    - flags: top simplicial
    - normal:   -0.6822  -0.5665   0.4623
    - offset:  -0.260956
    - vertices: p414(v128) p376(v105) p960(v37)
    - neighboring facets: f626 f621 f623
- f623
    - flags: bottom simplicial
    - normal:   -0.4449  -0.6694    0.595
    - offset: -0.3140169
    - vertices: p414(v128) p376(v105) p410(v71)
    - neighboring facets: f657 f625 f622
- f624
    - flags: bottom simplicial
    - normal:   -0.3545  0.09309   0.9304
    - offset: -0.4549913
    - vertices: p414(v128) p397(v38) p890(v19)
    - neighboring facets: f761 f621 f625
- f625
    - flags: bottom simplicial
    - normal:   -0.2467 -0.05057   0.9678
    - offset: -0.4699319
    - vertices: p414(v128) p410(v71) p397(v38)
    - neighboring facets: f326 f624 f623
- f626
    - flags: bottom simplicial
    - normal:   -0.6809  -0.5758   0.4526
    - offset: -0.2569917
    - vertices: p579(v129) p376(v105) p960(v37)
    - neighboring facets: f622 f730 f627
- f627
    - flags: top simplicial
    - normal:   -0.5397  -0.6827   0.4926
    - offset: -0.2732748
    - vertices: p579(v129) p376(v105) p437(v104)
    - neighboring facets: f659 f628 f626
- f628
    - flags: top simplicial
    - normal:   -0.5476  -0.7931   0.2667
    - offset: -0.2449463
    - vertices: p579(v129) p437(v104) p346(v7)
    - neighboring facets: f499 f733 f627
- f631
    - flags: top simplicial
    - normal:    0.6458   0.7371  -0.1993
    - offset: -0.1643203
    - vertices: p497(v130) p969(v98) p749(v62)
    - neighboring facets: f470 f740 f737
- f639
    - flags: bottom simplicial
    - normal:    0.9259   0.3159  -0.2069
    - offset: -0.1355565
    - vertices: p118(v131) p35(v127) p749(v62)
    - neighboring facets: f617 f741 f743
- f641
    - flags: top simplicial
    - normal:     0.438  -0.2578   0.8612
    - offset: -0.4171561
    - vertices: p82(v132) p406(v108) p581(v3)
    - neighboring facets: f648 f770 f749
- f647
    - flags: top simplicial
    - normal:    0.3379  -0.3411   0.8772
    - offset: -0.4237785
    - vertices: p105(v133) p410(v71) p581(v3)
    - neighboring facets: f326 f648 f753
- f648
    - flags: bottom simplicial
    - normal:    0.4196  -0.3003   0.8566
    - offset: -0.4144773
    - vertices: p105(v133) p406(v108) p581(v3)
    - neighboring facets: f641 f647 f757
- f657
    - flags: top simplicial
    - normal:   -0.3616  -0.7412   0.5656
    - offset: -0.3004632
    - vertices: p691(v135) p376(v105) p410(v71)
    - neighboring facets: f623 f750 f659
- f658
    - flags: bottom simplicial
    - normal:   -0.3178  -0.7825   0.5355
    - offset: -0.2886356
    - vertices: p691(v135) p437(v104) p97(v34)
    - neighboring facets: f500 f752 f659
- f659
    - flags: bottom simplicial
    - normal:   -0.3692  -0.7615   0.5327
    - offset: -0.2870847
    - vertices: p691(v135) p376(v105) p437(v104)
    - neighboring facets: f627 f658 f657
- f662
    - flags: top simplicial
    - normal:    -0.107   0.8594      0.5
    - offset: -0.2848864
    - vertices: p516(v136) p77(v110) p687(v45)
    - neighboring facets: f667 f663 f759
- f663
    - flags: bottom simplicial
    - normal:    0.2055   0.8371    0.507
    - offset: -0.2857095
    - vertices: p516(v136) p230(v113) p687(v45)
    - neighboring facets: f545 f662 f796
- f666
    - flags: top simplicial
    - normal:   -0.2209   0.9681   0.1181
    - offset: -0.2240976
    - vertices: p790(v137) p77(v110) p358(v6)
    - neighboring facets: f533 f668 f667
- f667
    - flags: bottom simplicial
    - normal:   -0.1098   0.8682   0.4839
    - offset: -0.2829909
    - vertices: p790(v137) p77(v110) p687(v45)
    - neighboring facets: f662 f669 f666
- f668
    - flags: bottom simplicial
    - normal:   -0.1082   0.9936  0.03126
    - offset: -0.2084652
    - vertices: p790(v137) p189(v111) p358(v6)
    - neighboring facets: f534 f666 f670
- f669
    - flags: top simplicial
    - normal:  -0.006422   0.9996  0.02831
    - offset: -0.2075453
    - vertices: p790(v137) p963(v114) p687(v45)
    - neighboring facets: f559 f667 f670
- f670
    - flags: bottom simplicial
    - normal:  -0.04573   0.9988  0.01687
    - offset: -0.2054345
    - vertices: p790(v137) p963(v114) p189(v111)
    - neighboring facets: f554 f668 f669
- f671
    - flags: top simplicial
    - normal:   -0.2621   0.9622 -0.07411
    - offset: -0.1961465
    - vertices: p363(v138) p219(v73) p361(v22)
    - neighboring facets: f336 f673 f672
- f672
    - flags: top simplicial
    - normal:   -0.2738    0.956  -0.1053
    - offset: -0.1927541
    - vertices: p363(v138) p110(v112) p219(v73)
    - neighboring facets: f538 f671 f678
- f673
    - flags: bottom simplicial
    - normal:   -0.2695   0.9608 -0.06564
    - offset: -0.1972215
    - vertices: p363(v138) p475(v77) p361(v22)
    - neighboring facets: f360 f671 f677
- f675
    - flags: top simplicial
    - normal:   -0.5315   0.8468 -0.01874
    - offset: -0.2011583
    - vertices: p417(v139) p475(v77) p543(v21)
    - neighboring facets: f359 f676 f677
- f676
    - flags: bottom simplicial
    - normal:   -0.6283   0.7752 -0.06518
    - offset: -0.1881192
    - vertices: p417(v139) p110(v112) p543(v21)
    - neighboring facets: f543 f675 f678
- f677
    - flags: top simplicial
    - normal:   -0.4092     0.91 -0.06709
    - offset: -0.1972352
    - vertices: p417(v139) p363(v138) p475(v77)
    - neighboring facets: f673 f675 f678
- f678
    - flags: bottom simplicial
    - normal:   -0.4698   0.8797 -0.07323
    - offset:  -0.195126
    - vertices: p417(v139) p363(v138) p110(v112)
    - neighboring facets: f672 f676 f677
- f679
    - flags: bottom simplicial
    - normal:    0.8892    0.244    0.387
    - offset: -0.2377782
    - vertices: p96(v140) p322(v69) p416(v20)
    - neighboring facets: f593 f803 f681
- f681
    - flags: bottom simplicial
    - normal:    0.6092   0.1785   0.7727
    - offset: -0.3908814
    - vertices: p96(v140) p82(v132) p322(v69)
    - neighboring facets: f748 f679 f768
- f683
    - flags: top simplicial
    - normal:   -0.9197   0.1845  -0.3467
    - offset: -0.1611701
    - vertices: p745(v141) p774(v63) p870(v33)
    - neighboring facets: f290 f808 f780
- f690
    - flags: top simplicial
    - normal:    -0.996 -0.02907 -0.08494
    - offset: -0.1322761
    - vertices: p829(v143) p787(v84) p14(v51)
    - neighboring facets: f392 f691 f695
- f691
    - flags: bottom simplicial
    - normal:   -0.9974 -0.02654 -0.06696
    - offset: -0.1329261
    - vertices: p829(v143) p275(v119) p14(v51)
    - neighboring facets: f579 f690 f692
- f692
    - flags: top simplicial
    - normal:   -0.9995 -0.02956 -0.00648
    - offset: -0.1357125
    - vertices: p829(v143) p275(v119) p331(v18)
    - neighboring facets: f578 f693 f691
- f693
    - flags: bottom simplicial
    - normal:   -0.9561  -0.2876 -0.05605
    - offset: -0.1495801
    - vertices: p829(v143) p492(v64) p331(v18)
    - neighboring facets: f486 f692 f694
- f694
    - flags: bottom simplicial
    - normal:   -0.9622  -0.2631 -0.07044
    - offset: -0.1478158
    - vertices: p829(v143) p280(v100) p492(v64)
    - neighboring facets: f481 f693 f696
- f695
    - flags: bottom simplicial
    - normal:   -0.9812  -0.1665 -0.09718
    - offset: -0.1413122
    - vertices: p829(v143) p787(v84) p630(v12)
    - neighboring facets: f395 f696 f690
- f696
    - flags: top simplicial
    - normal:   -0.9706  -0.2246  -0.0863
    - offset: -0.1451419
    - vertices: p829(v143) p280(v100) p630(v12)
    - neighboring facets: f481 f695 f694
- f697
    - flags: top simplicial
    - normal:    0.9936  0.04267    0.105
    - offset: -0.1207053
    - vertices: p635(v144) p44(v122) p712(v39)
    - neighboring facets: f591 f794 f698
- f698
    - flags: bottom simplicial
    - normal:    0.9956 0.002648  0.09379
    - offset: -0.1165884
    - vertices: p635(v144) p44(v122) p119(v91)
    - neighboring facets: f703 f699 f697
- f699
    - flags: bottom simplicial
    - normal:    0.9994 -0.008289  0.03276
    - offset: -0.1136476
    - vertices: p635(v144) p119(v91) p810(v1)
    - neighboring facets: f436 f700 f698
- f700
    - flags: top simplicial
    - normal:    0.9925   0.1015 -0.06797
    - offset: -0.1198273
    - vertices: p635(v144) p623(v126) p810(v1)
    - neighboring facets: f726 f699 f702
- f702
    - flags: bottom simplicial
    - normal:     0.969   0.2273 -0.09653
    - offset: -0.1284321
    - vertices: p635(v144) p623(v126) p768(v99)
    - neighboring facets: f727 f795 f700
- f703
    - flags: top simplicial
    - normal:    0.9774  -0.1493   0.1494
    - offset: -0.1370807
    - vertices: p115(v145) p44(v122) p119(v91)
    - neighboring facets: f698 f704 f705
- f704
    - flags: top simplicial
    - normal:    0.9668  -0.1971   0.1628
    - offset: -0.1426676
    - vertices: p115(v145) p119(v91) p909(v8)
    - neighboring facets: f784 f706 f703
- f705
    - flags: bottom simplicial
    - normal:     0.964   -0.184   0.1917
    - offset: -0.1525922
    - vertices: p115(v145) p44(v122) p406(v108)
    - neighboring facets: f594 f706 f703
- f706
    - flags: bottom simplicial
    - normal:    0.9422  -0.2646   0.2054
    - offset: -0.1583944
    - vertices: p115(v145) p406(v108) p909(v8)
    - neighboring facets: f520 f704 f705
- f708
    - flags: top simplicial
    - normal:     0.563  -0.7893   -0.245
    - offset: -0.1657078
    - vertices: p880(v146) p658(v95) p54(v29)
    - neighboring facets: f460 f709 f710
- f709
    - flags: bottom simplicial
    - normal:    0.6008  -0.7777  -0.1851
    - offset: -0.1695809
    - vertices: p880(v146) p429(v123) p54(v29)
    - neighboring facets: f600 f708 f782
- f710
    - flags: bottom simplicial
    - normal:    0.9132  -0.3843  -0.1354
    - offset: -0.1387059
    - vertices: p880(v146) p658(v95) p857(v57)
    - neighboring facets: f464 f713 f708
- f713
    - flags: top simplicial
    - normal:    0.9228  -0.3746 -0.09015
    - offset:  -0.139735
    - vertices: p880(v146) p119(v91) p857(v57)
    - neighboring facets: f437 f710 f785
- f714
    - flags: bottom simplicial
    - normal:  -0.005204   0.9993 -0.03619
    - offset: -0.1967531
    - vertices: p112(v147) p219(v73) p980(v44)
    - neighboring facets: f535 f715 f717
- f715
    - flags: top simplicial
    - normal:   0.02636   0.9994 -0.02207
    - offset: -0.1985692
    - vertices: p112(v147) p963(v114) p980(v44)
    - neighboring facets: f554 f714 f716
- f716
    - flags: top simplicial
    - normal:   0.06148    0.998 -0.01373
    - offset: -0.1997002
    - vertices: p112(v147) p428(v125) p963(v114)
    - neighboring facets: f610 f715 f718
- f717
    - flags: top simplicial
    - normal:  -0.01209   0.9859   -0.167
    - offset: -0.1833921
    - vertices: p112(v147) p219(v73) p870(v33)
    - neighboring facets: f538 f718 f714
- f718
    - flags: bottom simplicial
    - normal:    0.1258   0.9722  -0.1974
    - offset: -0.1811102
    - vertices: p112(v147) p428(v125) p870(v33)
    - neighboring facets: f608 f717 f716
- f719
    - flags: bottom simplicial
    - normal:     0.131   0.9914 -0.003117
    - offset: -0.2019534
    - vertices: p828(v148) p428(v125) p856(v115)
    - neighboring facets: f610 f721 f787
- f720
    - flags: bottom simplicial
    - normal:    0.6115   0.7605   0.2185
    - offset: -0.2195624
    - vertices: p828(v148) p369(v74) p323(v10)
    - neighboring facets: f344 f722 f721
- f721
    - flags: bottom simplicial
    - normal:    0.4301   0.8823   0.1911
    - offset: -0.2284178
    - vertices: p828(v148) p856(v115) p369(v74)
    - neighboring facets: f558 f720 f719
- f722
    - flags: top simplicial
    - normal:    0.7994   0.5932  0.09559
    - offset:  -0.178977
    - vertices: p828(v148) p197(v107) p323(v10)
    - neighboring facets: f511 f720 f789
- f726
    - flags: bottom simplicial
    - normal:    0.9852   0.1089  -0.1321
    - offset: -0.1208704
    - vertices: p535(v149) p623(v126) p810(v1)
    - neighboring facets: f700 f728 f727
- f727
    - flags: top simplicial
    - normal:    0.9794   0.1439  -0.1415
    - offset: -0.1233728
    - vertices: p535(v149) p623(v126) p768(v99)
    - neighboring facets: f702 f744 f726
- f728
    - flags: top simplicial
    - normal:    0.9827  0.06979  -0.1715
    - offset: -0.1199473
    - vertices: p535(v149) p826(v61) p810(v1)
    - neighboring facets: f280 f726 f746
- f730
    - flags: bottom simplicial
    - normal:   -0.7621  -0.5077   0.4018
    - offset:  -0.240433
    - vertices: p52(v150) p579(v129) p960(v37)
    - neighboring facets: f626 f731 f733
- f731
    - flags: top simplicial
    - normal:   -0.8657   -0.385   0.3197
    - offset: -0.2112552
    - vertices: p52(v150) p769(v80) p960(v37)
    - neighboring facets: f373 f730 f732
- f732
    - flags: bottom simplicial
    - normal:   -0.8779  -0.3691   0.3051
    - offset: -0.2065102
    - vertices: p52(v150) p769(v80) p454(v66)
    - neighboring facets: f372 f735 f731
- f733
    - flags: top simplicial
    - normal:   -0.7739  -0.5553   0.3044
    - offset: -0.2289219
    - vertices: p52(v150) p579(v129) p346(v7)
    - neighboring facets: f628 f734 f730
- f734
    - flags: bottom simplicial
    - normal:   -0.8938  -0.3685   0.2556
    - offset: -0.1972859
    - vertices: p52(v150) p336(v103) p346(v7)
    - neighboring facets: f494 f733 f735
- f735
    - flags: top simplicial
    - normal:   -0.8943  -0.3661   0.2571
    - offset: -0.1972487
    - vertices: p52(v150) p336(v103) p454(v66)
    - neighboring facets: f493 f732 f734
- f736
    - flags: top simplicial
    - normal:     0.642   0.7538  -0.1402
    - offset: -0.1683817
    - vertices: p260(v151) p197(v107) p969(v98)
    - neighboring facets: f788 f737 f810
- f737
    - flags: bottom simplicial
    - normal:    0.6627   0.7272  -0.1791
    - offset:  -0.164074
    - vertices: p260(v151) p497(v130) p969(v98)
    - neighboring facets: f631 f736 f740
- f740
    - flags: top simplicial
    - normal:     0.751   0.6313  -0.1937
    - offset: -0.1573429
    - vertices: p260(v151) p497(v130) p749(v62)
    - neighboring facets: f631 f741 f737
- f741
    - flags: bottom simplicial
    - normal:     0.811   0.5529  -0.1912
    - offset: -0.1515157
    - vertices: p260(v151) p118(v131) p749(v62)
    - neighboring facets: f639 f740 f790
- f742
    - flags: bottom simplicial
    - normal:     0.936   0.2974  -0.1881
    - offset: -0.1336567
    - vertices: p286(v152) p118(v131) p768(v99)
    - neighboring facets: f791 f744 f743
- f743
    - flags: top simplicial
    - normal:    0.9267   0.3143  -0.2061
    - offset: -0.1354044
    - vertices: p286(v152) p118(v131) p35(v127)
    - neighboring facets: f639 f745 f742
- f744
    - flags: top simplicial
    - normal:    0.9669   0.1929  -0.1668
    - offset: -0.1270927
    - vertices: p286(v152) p535(v149) p768(v99)
    - neighboring facets: f727 f742 f746
- f745
    - flags: top simplicial
    - normal:    0.9734   0.1024  -0.2049
    - offset: -0.1237476
    - vertices: p286(v152) p35(v127) p826(v61)
    - neighboring facets: f617 f746 f743
- f746
    - flags: bottom simplicial
    - normal:    0.9788  0.08737  -0.1852
    - offset:  -0.121603
    - vertices: p286(v152) p535(v149) p826(v61)
    - neighboring facets: f728 f745 f744
- f747
    - flags: bottom simplicial
    - normal:    0.6727 -0.09707   0.7336
    - offset: -0.3735454
    - vertices: p604(v153) p406(v108) p322(v69)
    - neighboring facets: f594 f748 f749
- f748
    - flags: top simplicial
    - normal:    0.6101     0.16    0.776
    - offset: -0.3921623
    - vertices: p604(v153) p82(v132) p322(v69)
    - neighboring facets: f681 f747 f749
- f749
    - flags: bottom simplicial
    - normal:    0.4921  -0.2093    0.845
    - offset: -0.4128428
    - vertices: p604(v153) p82(v132) p406(v108)
    - neighboring facets: f641 f747 f748
- f750
    - flags: top simplicial
    - normal:   -0.1667  -0.7748   0.6098
    - offset: -0.3187922
    - vertices: p717(v154) p691(v135) p410(v71)
    - neighboring facets: f657 f753 f752
- f751
    - flags: top simplicial
    - normal:  -0.07744  -0.8419    0.534
    - offset: -0.2912901
    - vertices: p717(v154) p837(v70) p97(v34)
    - neighboring facets: f422 f752 f755
- f752
    - flags: bottom simplicial
    - normal:   -0.1744  -0.8193   0.5463
    - offset: -0.2931301
    - vertices: p717(v154) p691(v135) p97(v34)
    - neighboring facets: f658 f751 f750
- f753
    - flags: bottom simplicial
    - normal:    0.3288  -0.4017   0.8547
    - offset:  -0.415015
    - vertices: p717(v154) p105(v133) p410(v71)
    - neighboring facets: f647 f750 f757
- f754
    - flags: bottom simplicial
    - normal:    0.3443  -0.8046   0.4838
    - offset: -0.2758326
    - vertices: p717(v154) p529(v89) p547(v41)
    - neighboring facets: f424 f756 f755
- f755
    - flags: top simplicial
    - normal:     0.231  -0.8361   0.4976
    - offset: -0.2815269
    - vertices: p717(v154) p529(v89) p837(v70)
    - neighboring facets: f422 f751 f754
- f756
    - flags: top simplicial
    - normal:    0.4825  -0.4199   0.7687
    - offset: -0.3812245
    - vertices: p717(v154) p406(v108) p547(v41)
    - neighboring facets: f520 f754 f757
- f757
    - flags: top simplicial
    - normal:    0.4306  -0.3734   0.8217
    - offset: -0.4007058
    - vertices: p717(v154) p105(v133) p406(v108)
    - neighboring facets: f648 f756 f753
- f758
    - flags: bottom simplicial
    - normal:   -0.3875   0.7576   0.5252
    - offset:  -0.290238
    - vertices: p373(v155) p77(v110) p802(v17)
    - neighboring facets: f529 f760 f759
- f759
    - flags: bottom simplicial
    - normal:   -0.3784   0.7618   0.5258
    - offset: -0.2905546
    - vertices: p373(v155) p516(v136) p77(v110)
    - neighboring facets: f662 f758 f814
- f760
    - flags: top simplicial
    - normal:   -0.5465   0.3998   0.7359
    - offset: -0.3750491
    - vertices: p373(v155) p890(v19) p802(v17)
    - neighboring facets: f183 f758 f761
- f761
    - flags: top simplicial
    - normal:   -0.3858   0.2428   0.8901
    - offset: -0.4374674
    - vertices: p373(v155) p397(v38) p890(v19)
    - neighboring facets: f624 f760 f762
- f762
    - flags: bottom simplicial
    - normal:   -0.1048   0.2691   0.9574
    - offset: -0.4657113
    - vertices: p373(v155) p397(v38) p581(v3)
    - neighboring facets: f326 f816 f761
- f768
    - flags: top simplicial
    - normal:    0.5659   0.3077   0.7649
    - offset: -0.3875186
    - vertices: p636(v157) p96(v140) p82(v132)
    - neighboring facets: f681 f770 f801
- f770
    - flags: top simplicial
    - normal:    0.3191   0.3369   0.8858
    - offset: -0.4334318
    - vertices: p636(v157) p82(v132) p581(v3)
    - neighboring facets: f641 f799 f768
- f772
    - flags: top simplicial
    - normal:    0.6047   0.6617   0.4433
    - offset: -0.2572544
    - vertices: p636(v157) p230(v113) p416(v20)
    - neighboring facets: f546 f773 f800
- f773
    - flags: bottom simplicial
    - normal:    0.6313   0.6205   0.4653
    - offset:  -0.266666
    - vertices: p636(v157) p444(v156) p416(v20)
    - neighboring facets: f804 f772 f802
- f776
    - flags: top simplicial
    - normal:   -0.7065   0.6914   -0.151
    - offset: -0.1754649
    - vertices: p237(v158) p870(v33) p235(v11)
    - neighboring facets: f539 f777 f809
- f777
    - flags: bottom simplicial
    - normal:   -0.8052   0.5794  -0.1261
    - offset: -0.1697415
    - vertices: p237(v158) p352(v118) p235(v11)
    - neighboring facets: f577 f776 f805
- f778
    - flags: bottom simplicial
    - normal:   -0.9933  0.06768 -0.09376
    - offset:  -0.135827
    - vertices: p445(v159) p774(v63) p814(v50)
    - neighboring facets: f294 f779 f780
- f779
    - flags: top simplicial
    - normal:   -0.9781   0.1901 -0.08438
    - offset: -0.1438107
    - vertices: p445(v159) p745(v141) p814(v50)
    - neighboring facets: f807 f778 f780
- f780
    - flags: bottom simplicial
    - normal:   -0.9647    0.142  -0.2218
    - offset: -0.1505703
    - vertices: p445(v159) p745(v141) p774(v63)
    - neighboring facets: f683 f778 f779
- f781
    - flags: top simplicial
    - normal:    0.7116  -0.6944  -0.1068
    - offset: -0.1704278
    - vertices: p456(v160) p429(v123) p848(v58)
    - neighboring facets: f597 f783 f782
- f782
    - flags: top simplicial
    - normal:    0.6415  -0.7498  -0.1624
    - offset: -0.1697939
    - vertices: p456(v160) p880(v146) p429(v123)
    - neighboring facets: f709 f781 f785
- f783
    - flags: top simplicial
    - normal:    0.8551  -0.5183 -0.01562
    - offset: -0.1604467
    - vertices: p456(v160) p848(v58) p909(v8)
    - neighboring facets: f444 f784 f781
- f784
    - flags: bottom simplicial
    - normal:    0.9082  -0.4185 -0.002936
    - offset: -0.1500802
    - vertices: p456(v160) p119(v91) p909(v8)
    - neighboring facets: f704 f783 f785
- f785
    - flags: bottom simplicial
    - normal:    0.9216  -0.3785 -0.08604
    - offset: -0.1403861
    - vertices: p456(v160) p880(v146) p119(v91)
    - neighboring facets: f713 f784 f782
- f786
    - flags: top simplicial
    - normal:    0.3252   0.9202  -0.2177
    - offset: -0.1766234
    - vertices: p713(v161) p428(v125) p969(v98)
    - neighboring facets: f608 f788 f787
- f787
    - flags: top simplicial
    - normal:    0.4588   0.8815  -0.1119
    - offset: -0.1831862
    - vertices: p713(v161) p828(v148) p428(v125)
    - neighboring facets: f719 f786 f789
- f788
    - flags: bottom simplicial
    - normal:    0.6383   0.7575  -0.1371
    - offset:  -0.168878
    - vertices: p713(v161) p197(v107) p969(v98)
    - neighboring facets: f736 f786 f789
- f789
    - flags: bottom simplicial
    - normal:    0.6258   0.7729  -0.1051
    - offset: -0.1728863
    - vertices: p713(v161) p828(v148) p197(v107)
    - neighboring facets: f722 f788 f787
- f790
    - flags: top simplicial
    - normal:    0.8829   0.4439  -0.1532
    - offset: -0.1443176
    - vertices: p211(v162) p260(v151) p118(v131)
    - neighboring facets: f741 f791 f818
- f791
    - flags: top simplicial
    - normal:    0.9386   0.3172  -0.1356
    - offset: -0.1342353
    - vertices: p211(v162) p118(v131) p768(v99)
    - neighboring facets: f742 f795 f790
- f794
    - flags: top simplicial
    - normal:    0.9643   0.2527  -0.0789
    - offset: -0.1310571
    - vertices: p211(v162) p635(v144) p712(v39)
    - neighboring facets: f697 f823 f795
- f795
    - flags: bottom simplicial
    - normal:    0.9611   0.2575  -0.1001
    - offset: -0.1303627
    - vertices: p211(v162) p635(v144) p768(v99)
    - neighboring facets: f702 f791 f794
- f796
    - flags: top simplicial
    - normal:     0.192   0.8089   0.5556
    - offset: -0.3057954
    - vertices: p396(v163) p516(v136) p230(v113)
    - neighboring facets: f663 f800 f815
- f799
    - flags: top simplicial
    - normal:    0.2881   0.3697   0.8834
    - offset: -0.4323758
    - vertices: p396(v163) p636(v157) p581(v3)
    - neighboring facets: f770 f817 f800
- f800
    - flags: bottom simplicial
    - normal:    0.3108    0.448   0.8383
    - offset: -0.4160877
    - vertices: p396(v163) p636(v157) p230(v113)
    - neighboring facets: f772 f796 f799
- f801
    - flags: bottom simplicial
    - normal:    0.6678   0.5328   0.5198
    - offset: -0.2894411
    - vertices: p809(v164) p636(v157) p96(v140)
    - neighboring facets: f768 f803 f802
- f802
    - flags: top simplicial
    - normal:    0.6575    0.566   0.4972
    - offset:  -0.280093
    - vertices: p809(v164) p636(v157) p444(v156)
    - neighboring facets: f773 f804 f801
- f803
    - flags: bottom simplicial
    - normal:    0.8596   0.3022   0.4119
    - offset: -0.2483655
    - vertices: p809(v164) p96(v140) p416(v20)
    - neighboring facets: f679 f804 f801
- f804
    - flags: top simplicial
    - normal:    0.6855   0.5525   0.4742
    - offset: -0.2716254
    - vertices: p809(v164) p444(v156) p416(v20)
    - neighboring facets: f773 f803 f802
- f805
    - flags: top simplicial
    - normal:   -0.8336   0.5346  -0.1387
    - offset:  -0.168009
    - vertices: p278(v165) p237(v158) p352(v118)
    - neighboring facets: f777 f806 f809
- f806
    - flags: top simplicial
    - normal:   -0.9657   0.2494 -0.07199
    - offset: -0.1471909
    - vertices: p278(v165) p352(v118) p814(v50)
    - neighboring facets: f574 f807 f805
- f807
    - flags: bottom simplicial
    - normal:   -0.9692   0.2341 -0.07687
    - offset: -0.1463105
    - vertices: p278(v165) p745(v141) p814(v50)
    - neighboring facets: f779 f806 f808
- f808
    - flags: top simplicial
    - normal:   -0.8651   0.4405    -0.24
    - offset: -0.1694378
    - vertices: p278(v165) p745(v141) p870(v33)
    - neighboring facets: f683 f809 f807
- f809
    - flags: bottom simplicial
    - normal:   -0.8213   0.5333  -0.2028
    - offset: -0.1714608
    - vertices: p278(v165) p237(v158) p870(v33)
    - neighboring facets: f776 f808 f805
- f810
    - flags: bottom simplicial
    - normal:    0.9087   0.4138 -0.05512
    - offset: -0.1481193
    - vertices: p344(v166) p260(v151) p197(v107)
    - neighboring facets: f736 f812 f819
- f812
    - flags: bottom simplicial
    - normal:    0.9519   0.2937  0.08719
    - offset: -0.1458666
    - vertices: p344(v166) p197(v107) p712(v39)
    - neighboring facets: f512 f824 f810
- f814
    - flags: top simplicial
    - normal:   -0.2397   0.7509   0.6154
    - offset: -0.3299195
    - vertices: p28(v167) p373(v155) p516(v136)
    - neighboring facets: f759 f815 f816
- f815
    - flags: bottom simplicial
    - normal:   0.01384   0.7931    0.609
    - offset: -0.3292443
    - vertices: p28(v167) p396(v163) p516(v136)
    - neighboring facets: f796 f814 f817
- f816
    - flags: bottom simplicial
    - normal:    0.1171   0.3749   0.9196
    - offset: -0.4492435
    - vertices: p28(v167) p373(v155) p581(v3)
    - neighboring facets: f762 f817 f814
- f817
    - flags: top simplicial
    - normal:    0.1476    0.376   0.9148
    - offset: -0.4470455
    - vertices: p28(v167) p396(v163) p581(v3)
    - neighboring facets: f799 f816 f815
- f818
    - flags: bottom simplicial
    - normal:    0.8974   0.4253  -0.1171
    - offset: -0.1450783
    - vertices: p302(v168) p211(v162) p260(v151)
    - neighboring facets: f790 f819 f821
- f819
    - flags: top simplicial
    - normal:    0.9098   0.4104  -0.0613
    - offset: -0.1473529
    - vertices: p302(v168) p344(v166) p260(v151)
    - neighboring facets: f810 f818 f822
- f821
    - flags: top simplicial
    - normal:    0.9307   0.3592 -0.06889
    - offset: -0.1420764
    - vertices: p5(v169) p302(v168) p211(v162)
    - neighboring facets: f818 f823 f822
- f822
    - flags: bottom simplicial
    - normal:    0.9212   0.3841 -0.06186
    - offset: -0.1448908
    - vertices: p5(v169) p302(v168) p344(v166)
    - neighboring facets: f819 f824 f821
- f823
    - flags: top simplicial
    - normal:    0.9518    0.302 -0.05388
    - offset: -0.1374266
    - vertices: p5(v169) p211(v162) p712(v39)
    - neighboring facets: f794 f824 f821
- f824
    - flags: bottom simplicial
    - normal:    0.9511   0.3054 -0.04676
    - offset: -0.1382436
    - vertices: p5(v169) p344(v166) p712(v39)
    - neighboring facets: f812 f823 f822
